date,s1_grd_vv,cell_id,latitude,longitude
2015-03-27 01:50:45,5.704617149219438,a3b42a90-dd42-4d67-a167-a9a1f46437ad,37.734259,-119.5498945
2015-04-01 01:58:54,9.520624414223711,a3b42a90-dd42-4d67-a167-a9a1f46437ad,37.734259,-119.5498945
2015-06-12 01:59:04,11.796803495207799,a3b42a90-dd42-4d67-a167-a9a1f46437ad,37.734259,-119.5498945
2015-07-30 01:59:06,6.493428486968114,a3b42a90-dd42-4d67-a167-a9a1f46437ad,37.734259,-119.5498945
2015-08-23 01:59:07,12.723359613500758,a3b42a90-dd42-4d67-a167-a9a1f46437ad,37.734259,-119.5498945
2015-10-10 01:59:08,7.540889844282292,a3b42a90-dd42-4d67-a167-a9a1f46437ad,37.734259,-119.5498945
2015-11-03 01:59:08,17.06970437616832,a3b42a90-dd42-4d67-a167-a9a1f46437ad,37.734259,-119.5498945
2015-11-27 01:59:02,16.15607135445462,a3b42a90-dd42-4d67-a167-a9a1f46437ad,37.734259,-119.5498945
2015-12-09 13:59:25,-23.179713330339986,a3b42a90-dd42-4d67-a167-a9a1f46437ad,37.734259,-119.5498945
2015-12-21 01:59:01,15.733421517715215,a3b42a90-dd42-4d67-a167-a9a1f46437ad,37.734259,-119.5498945
2016-01-14 01:59:00,16.23480698065797,a3b42a90-dd42-4d67-a167-a9a1f46437ad,37.734259,-119.5498945
2016-01-26 13:59:23,-22.81595436097983,a3b42a90-dd42-4d67-a167-a9a1f46437ad,37.734259,-119.5498945
2016-02-07 01:59:00,15.011835498695122,a3b42a90-dd42-4d67-a167-a9a1f46437ad,37.734259,-119.5498945
2016-02-19 13:59:23,-23.630612200367178,a3b42a90-dd42-4d67-a167-a9a1f46437ad,37.734259,-119.5498945
2016-03-02 01:59:00,9.31734221124153,a3b42a90-dd42-4d67-a167-a9a1f46437ad,37.734259,-119.5498945
2016-03-09 01:50:45,8.10975765188204,a3b42a90-dd42-4d67-a167-a9a1f46437ad,37.734259,-119.5498945
2016-03-14 01:59:08,15.656801338629988,a3b42a90-dd42-4d67-a167-a9a1f46437ad,37.734259,-119.5498945
2016-03-14 13:59:23,-20.21350440396867,a3b42a90-dd42-4d67-a167-a9a1f46437ad,37.734259,-119.5498945
2016-03-26 01:59:00,7.8576486796661715,a3b42a90-dd42-4d67-a167-a9a1f46437ad,37.734259,-119.5498945
2016-04-07 13:59:24,-23.30923122722886,a3b42a90-dd42-4d67-a167-a9a1f46437ad,37.734259,-119.5498945
2016-04-19 01:59:01,6.522797126550848,a3b42a90-dd42-4d67-a167-a9a1f46437ad,37.734259,-119.5498945
2016-05-01 13:59:25,-26.759409409106432,a3b42a90-dd42-4d67-a167-a9a1f46437ad,37.734259,-119.5498945
2016-05-13 01:59:05,7.973001042406029,a3b42a90-dd42-4d67-a167-a9a1f46437ad,37.734259,-119.5498945
2016-05-25 13:59:26,-20.95698330046327,a3b42a90-dd42-4d67-a167-a9a1f46437ad,37.734259,-119.5498945
2016-06-06 01:59:07,6.432438536020378,a3b42a90-dd42-4d67-a167-a9a1f46437ad,37.734259,-119.5498945
2016-06-30 01:59:08,9.680703674531413,a3b42a90-dd42-4d67-a167-a9a1f46437ad,37.734259,-119.5498945
2016-07-24 01:59:09,7.641605160538836,a3b42a90-dd42-4d67-a167-a9a1f46437ad,37.734259,-119.5498945
2016-08-17 01:59:11,8.218259033876752,a3b42a90-dd42-4d67-a167-a9a1f46437ad,37.734259,-119.5498945
2016-08-24 01:51:06,5.67517325374072,a3b42a90-dd42-4d67-a167-a9a1f46437ad,37.734259,-119.5498945
2016-08-29 01:59:16,7.50179660835326,a3b42a90-dd42-4d67-a167-a9a1f46437ad,37.734259,-119.5498945
2016-09-10 01:59:12,11.279898790633451,a3b42a90-dd42-4d67-a167-a9a1f46437ad,37.734259,-119.5498945
2016-09-17 01:50:49,5.867647297474159,a3b42a90-dd42-4d67-a167-a9a1f46437ad,37.734259,-119.5498945
2016-09-22 13:59:32,-34.67470849586756,a3b42a90-dd42-4d67-a167-a9a1f46437ad,37.734259,-119.5498945
2016-10-16 13:59:32,-18.458772242915277,a3b42a90-dd42-4d67-a167-a9a1f46437ad,37.734259,-119.5498945
2016-10-28 01:59:12,14.970828870721123,a3b42a90-dd42-4d67-a167-a9a1f46437ad,37.734259,-119.5498945
2016-11-09 13:59:32,-21.107873806929565,a3b42a90-dd42-4d67-a167-a9a1f46437ad,37.734259,-119.5498945
2016-12-03 13:59:32,-21.348494294026622,a3b42a90-dd42-4d67-a167-a9a1f46437ad,37.734259,-119.5498945
2016-12-15 01:59:11,13.992155344486925,a3b42a90-dd42-4d67-a167-a9a1f46437ad,37.734259,-119.5498945
2016-12-27 13:59:31,-21.892630777325813,a3b42a90-dd42-4d67-a167-a9a1f46437ad,37.734259,-119.5498945
2017-01-08 01:59:09,16.842314484600408,a3b42a90-dd42-4d67-a167-a9a1f46437ad,37.734259,-119.5498945
2017-01-20 13:59:28,-18.621352036581204,a3b42a90-dd42-4d67-a167-a9a1f46437ad,37.734259,-119.5498945
2017-02-01 01:59:09,12.719899696619278,a3b42a90-dd42-4d67-a167-a9a1f46437ad,37.734259,-119.5498945
2017-02-08 01:50:54,4.033354496207665,a3b42a90-dd42-4d67-a167-a9a1f46437ad,37.734259,-119.5498945
2017-02-13 01:59:11,14.74068875984747,a3b42a90-dd42-4d67-a167-a9a1f46437ad,37.734259,-119.5498945
2017-02-13 13:59:29,-19.69940625209163,a3b42a90-dd42-4d67-a167-a9a1f46437ad,37.734259,-119.5498945
2017-02-25 13:59:17,-20.279885849469505,a3b42a90-dd42-4d67-a167-a9a1f46437ad,37.734259,-119.5498945
2017-03-09 13:59:17,-21.066442121881913,a3b42a90-dd42-4d67-a167-a9a1f46437ad,37.734259,-119.5498945
2017-03-21 13:59:17,-19.594192920175896,a3b42a90-dd42-4d67-a167-a9a1f46437ad,37.734259,-119.5498945
2017-04-02 13:59:18,-19.039736551548554,a3b42a90-dd42-4d67-a167-a9a1f46437ad,37.734259,-119.5498945
2017-04-14 13:59:18,-20.379407435065445,a3b42a90-dd42-4d67-a167-a9a1f46437ad,37.734259,-119.5498945
2017-04-26 13:59:19,-22.292109433726278,a3b42a90-dd42-4d67-a167-a9a1f46437ad,37.734259,-119.5498945
2017-05-08 13:59:20,-19.401561572129125,a3b42a90-dd42-4d67-a167-a9a1f46437ad,37.734259,-119.5498945
2017-05-20 13:59:20,-19.180535601933354,a3b42a90-dd42-4d67-a167-a9a1f46437ad,37.734259,-119.5498945
2017-06-01 13:59:21,-19.461795301977737,a3b42a90-dd42-4d67-a167-a9a1f46437ad,37.734259,-119.5498945
2017-06-13 13:59:22,-19.138556602348316,a3b42a90-dd42-4d67-a167-a9a1f46437ad,37.734259,-119.5498945
2017-06-25 13:59:22,-18.939300512292867,a3b42a90-dd42-4d67-a167-a9a1f46437ad,37.734259,-119.5498945
2017-07-07 13:59:23,-22.773936044501532,a3b42a90-dd42-4d67-a167-a9a1f46437ad,37.734259,-119.5498945
2017-07-19 13:59:24,-25.878860276658585,a3b42a90-dd42-4d67-a167-a9a1f46437ad,37.734259,-119.5498945
2017-07-31 13:59:24,-19.593578494921346,a3b42a90-dd42-4d67-a167-a9a1f46437ad,37.734259,-119.5498945
2017-08-12 13:59:25,-20.823929638848245,a3b42a90-dd42-4d67-a167-a9a1f46437ad,37.734259,-119.5498945
2017-08-24 13:59:26,-18.802032225601856,a3b42a90-dd42-4d67-a167-a9a1f46437ad,37.734259,-119.5498945
2017-09-05 13:59:26,-20.160388333172282,a3b42a90-dd42-4d67-a167-a9a1f46437ad,37.734259,-119.5498945
2017-09-17 13:59:27,-18.87673842212404,a3b42a90-dd42-4d67-a167-a9a1f46437ad,37.734259,-119.5498945
2017-09-29 13:59:27,-17.563922310886642,a3b42a90-dd42-4d67-a167-a9a1f46437ad,37.734259,-119.5498945
2017-10-11 13:59:27,-21.81056626957028,a3b42a90-dd42-4d67-a167-a9a1f46437ad,37.734259,-119.5498945
2017-10-23 13:59:27,-18.63994478266522,a3b42a90-dd42-4d67-a167-a9a1f46437ad,37.734259,-119.5498945
2017-11-04 13:59:27,-21.902304681268898,a3b42a90-dd42-4d67-a167-a9a1f46437ad,37.734259,-119.5498945
2017-11-16 13:59:27,-20.311288034406815,a3b42a90-dd42-4d67-a167-a9a1f46437ad,37.734259,-119.5498945
2017-11-28 13:59:27,-17.68860677130585,a3b42a90-dd42-4d67-a167-a9a1f46437ad,37.734259,-119.5498945
2017-12-10 13:59:26,-19.15133539376884,a3b42a90-dd42-4d67-a167-a9a1f46437ad,37.734259,-119.5498945
2017-12-22 13:59:25,-19.01717154180429,a3b42a90-dd42-4d67-a167-a9a1f46437ad,37.734259,-119.5498945
2018-01-03 13:59:25,-23.7450356428335,a3b42a90-dd42-4d67-a167-a9a1f46437ad,37.734259,-119.5498945
2018-01-15 13:59:25,-19.721142967658295,a3b42a90-dd42-4d67-a167-a9a1f46437ad,37.734259,-119.5498945
2018-01-27 13:59:24,-21.778538021458584,a3b42a90-dd42-4d67-a167-a9a1f46437ad,37.734259,-119.5498945
2018-02-08 13:59:24,-20.326589763217363,a3b42a90-dd42-4d67-a167-a9a1f46437ad,37.734259,-119.5498945
2018-02-20 13:59:24,-30.12034736648859,a3b42a90-dd42-4d67-a167-a9a1f46437ad,37.734259,-119.5498945
2018-03-04 13:59:24,-22.74285933315097,a3b42a90-dd42-4d67-a167-a9a1f46437ad,37.734259,-119.5498945
2018-03-16 13:59:24,-25.00514963478951,a3b42a90-dd42-4d67-a167-a9a1f46437ad,37.734259,-119.5498945
2018-03-28 13:59:24,-26.166589672035148,a3b42a90-dd42-4d67-a167-a9a1f46437ad,37.734259,-119.5498945
2018-04-09 13:59:25,-20.962169836879923,a3b42a90-dd42-4d67-a167-a9a1f46437ad,37.734259,-119.5498945
2018-04-21 13:59:25,-24.95153110389896,a3b42a90-dd42-4d67-a167-a9a1f46437ad,37.734259,-119.5498945
2018-05-03 13:59:26,-24.029090893455486,a3b42a90-dd42-4d67-a167-a9a1f46437ad,37.734259,-119.5498945
2018-05-15 13:59:26,-21.85407390501448,a3b42a90-dd42-4d67-a167-a9a1f46437ad,37.734259,-119.5498945
2018-05-27 13:59:27,-22.62686949050245,a3b42a90-dd42-4d67-a167-a9a1f46437ad,37.734259,-119.5498945
2018-06-08 13:59:28,-20.55776812670208,a3b42a90-dd42-4d67-a167-a9a1f46437ad,37.734259,-119.5498945
2018-06-20 13:59:28,-22.378495331755815,a3b42a90-dd42-4d67-a167-a9a1f46437ad,37.734259,-119.5498945
2018-07-02 13:59:29,-27.135036264234227,a3b42a90-dd42-4d67-a167-a9a1f46437ad,37.734259,-119.5498945
2018-07-14 13:59:30,-20.036086205634575,a3b42a90-dd42-4d67-a167-a9a1f46437ad,37.734259,-119.5498945
2018-07-26 01:59:13,9.010218390934515,a3b42a90-dd42-4d67-a167-a9a1f46437ad,37.734259,-119.5498945
2018-07-26 13:59:30,-19.274318718076,a3b42a90-dd42-4d67-a167-a9a1f46437ad,37.734259,-119.5498945
2018-08-07 01:59:14,6.889851318998245,a3b42a90-dd42-4d67-a167-a9a1f46437ad,37.734259,-119.5498945
2018-08-07 13:59:31,-21.514102632791108,a3b42a90-dd42-4d67-a167-a9a1f46437ad,37.734259,-119.5498945
2018-08-19 01:59:14,11.095631700255776,a3b42a90-dd42-4d67-a167-a9a1f46437ad,37.734259,-119.5498945
2018-08-19 13:59:32,-19.95504756592242,a3b42a90-dd42-4d67-a167-a9a1f46437ad,37.734259,-119.5498945
2018-08-31 01:59:15,11.130907800314155,a3b42a90-dd42-4d67-a167-a9a1f46437ad,37.734259,-119.5498945
2018-08-31 13:59:33,-24.17764535822435,a3b42a90-dd42-4d67-a167-a9a1f46437ad,37.734259,-119.5498945
2018-09-12 01:59:15,8.67546032316231,a3b42a90-dd42-4d67-a167-a9a1f46437ad,37.734259,-119.5498945
2018-09-12 13:59:33,-19.936360835903816,a3b42a90-dd42-4d67-a167-a9a1f46437ad,37.734259,-119.5498945
2018-09-24 01:59:16,8.830334160893988,a3b42a90-dd42-4d67-a167-a9a1f46437ad,37.734259,-119.5498945
2018-09-24 13:59:33,-37.61372515127404,a3b42a90-dd42-4d67-a167-a9a1f46437ad,37.734259,-119.5498945
2018-10-06 01:59:16,11.929408992276468,a3b42a90-dd42-4d67-a167-a9a1f46437ad,37.734259,-119.5498945
2018-10-06 13:59:34,-26.654698432193705,a3b42a90-dd42-4d67-a167-a9a1f46437ad,37.734259,-119.5498945
2018-10-18 01:59:16,9.436247267449014,a3b42a90-dd42-4d67-a167-a9a1f46437ad,37.734259,-119.5498945
2018-10-18 13:59:34,-21.240700090131043,a3b42a90-dd42-4d67-a167-a9a1f46437ad,37.734259,-119.5498945
2018-10-30 01:59:16,8.958007058979318,a3b42a90-dd42-4d67-a167-a9a1f46437ad,37.734259,-119.5498945
2018-10-30 13:59:34,-21.211322271664503,a3b42a90-dd42-4d67-a167-a9a1f46437ad,37.734259,-119.5498945
2018-11-11 01:59:16,9.999101146168961,a3b42a90-dd42-4d67-a167-a9a1f46437ad,37.734259,-119.5498945
2018-11-11 13:59:33,-22.562471627617455,a3b42a90-dd42-4d67-a167-a9a1f46437ad,37.734259,-119.5498945
2018-11-18 01:51:24,3.3282560881368677,a3b42a90-dd42-4d67-a167-a9a1f46437ad,37.734259,-119.5498945
2018-11-23 01:59:16,16.89030057496002,a3b42a90-dd42-4d67-a167-a9a1f46437ad,37.734259,-119.5498945
2018-11-23 13:59:33,-21.918519258886896,a3b42a90-dd42-4d67-a167-a9a1f46437ad,37.734259,-119.5498945
2018-12-05 01:59:15,14.735015955770082,a3b42a90-dd42-4d67-a167-a9a1f46437ad,37.734259,-119.5498945
2018-12-05 13:59:33,-19.486203815404053,a3b42a90-dd42-4d67-a167-a9a1f46437ad,37.734259,-119.5498945
2018-12-17 01:59:15,10.10756149676563,a3b42a90-dd42-4d67-a167-a9a1f46437ad,37.734259,-119.5498945
2018-12-17 13:59:32,-18.048497143645527,a3b42a90-dd42-4d67-a167-a9a1f46437ad,37.734259,-119.5498945
2018-12-29 13:59:32,-19.55910403975133,a3b42a90-dd42-4d67-a167-a9a1f46437ad,37.734259,-119.5498945
2019-01-10 01:59:19,16.753622333073753,a3b42a90-dd42-4d67-a167-a9a1f46437ad,37.734259,-119.5498945
2019-01-10 13:59:31,-18.515945935891303,a3b42a90-dd42-4d67-a167-a9a1f46437ad,37.734259,-119.5498945
2019-01-17 01:51:10,9.34485397524743,a3b42a90-dd42-4d67-a167-a9a1f46437ad,37.734259,-119.5498945
2019-01-22 01:59:19,15.261572852416313,a3b42a90-dd42-4d67-a167-a9a1f46437ad,37.734259,-119.5498945
2019-01-22 13:59:31,-20.299683958638532,a3b42a90-dd42-4d67-a167-a9a1f46437ad,37.734259,-119.5498945
2019-02-03 13:59:31,-21.935624221823534,a3b42a90-dd42-4d67-a167-a9a1f46437ad,37.734259,-119.5498945
2019-02-10 01:51:09,5.113368714356452,a3b42a90-dd42-4d67-a167-a9a1f46437ad,37.734259,-119.5498945
2019-02-15 13:59:30,-19.119743813033104,a3b42a90-dd42-4d67-a167-a9a1f46437ad,37.734259,-119.5498945
2019-02-22 01:51:09,7.5323032450947105,a3b42a90-dd42-4d67-a167-a9a1f46437ad,37.734259,-119.5498945
2019-02-27 01:59:18,11.315584597378308,a3b42a90-dd42-4d67-a167-a9a1f46437ad,37.734259,-119.5498945
2019-02-27 13:59:30,-23.216172280691612,a3b42a90-dd42-4d67-a167-a9a1f46437ad,37.734259,-119.5498945
2019-03-06 01:51:10,15.061062601191038,a3b42a90-dd42-4d67-a167-a9a1f46437ad,37.734259,-119.5498945
2019-03-11 01:59:18,12.973764705648245,a3b42a90-dd42-4d67-a167-a9a1f46437ad,37.734259,-119.5498945
2019-03-11 13:59:30,-22.543256157834474,a3b42a90-dd42-4d67-a167-a9a1f46437ad,37.734259,-119.5498945
2019-03-18 01:51:10,8.604315715890042,a3b42a90-dd42-4d67-a167-a9a1f46437ad,37.734259,-119.5498945
2019-03-23 01:59:19,9.801283859032242,a3b42a90-dd42-4d67-a167-a9a1f46437ad,37.734259,-119.5498945
2019-03-23 13:59:31,-22.189199459281266,a3b42a90-dd42-4d67-a167-a9a1f46437ad,37.734259,-119.5498945
2019-03-30 01:51:10,9.708989288926025,a3b42a90-dd42-4d67-a167-a9a1f46437ad,37.734259,-119.5498945
2019-04-04 01:59:19,13.353180678358433,a3b42a90-dd42-4d67-a167-a9a1f46437ad,37.734259,-119.5498945
2019-04-04 13:59:31,-19.135458672744615,a3b42a90-dd42-4d67-a167-a9a1f46437ad,37.734259,-119.5498945
2019-04-11 01:51:10,4.155368025838566,a3b42a90-dd42-4d67-a167-a9a1f46437ad,37.734259,-119.5498945
2019-04-16 01:59:19,15.027134995300763,a3b42a90-dd42-4d67-a167-a9a1f46437ad,37.734259,-119.5498945
2019-04-16 13:59:31,-19.622484120489805,a3b42a90-dd42-4d67-a167-a9a1f46437ad,37.734259,-119.5498945
2019-04-23 01:51:11,6.769799938287969,a3b42a90-dd42-4d67-a167-a9a1f46437ad,37.734259,-119.5498945
2019-04-28 01:59:20,12.540183212361386,a3b42a90-dd42-4d67-a167-a9a1f46437ad,37.734259,-119.5498945
2019-04-28 13:59:32,-19.461200038544117,a3b42a90-dd42-4d67-a167-a9a1f46437ad,37.734259,-119.5498945
2019-05-10 01:59:20,13.720903233089903,a3b42a90-dd42-4d67-a167-a9a1f46437ad,37.734259,-119.5498945
2019-05-10 13:59:32,-23.8771143627735,a3b42a90-dd42-4d67-a167-a9a1f46437ad,37.734259,-119.5498945
2019-05-17 01:51:12,8.73176768728372,a3b42a90-dd42-4d67-a167-a9a1f46437ad,37.734259,-119.5498945
2019-05-22 01:59:21,13.658864602238324,a3b42a90-dd42-4d67-a167-a9a1f46437ad,37.734259,-119.5498945
2019-05-22 13:59:33,-20.17488322821652,a3b42a90-dd42-4d67-a167-a9a1f46437ad,37.734259,-119.5498945
2019-05-29 01:51:12,8.174722602413695,a3b42a90-dd42-4d67-a167-a9a1f46437ad,37.734259,-119.5498945
2019-06-03 01:59:21,10.359055082758637,a3b42a90-dd42-4d67-a167-a9a1f46437ad,37.734259,-119.5498945
2019-06-03 13:59:33,-18.873382654815746,a3b42a90-dd42-4d67-a167-a9a1f46437ad,37.734259,-119.5498945
2019-06-10 01:51:13,7.18945099027449,a3b42a90-dd42-4d67-a167-a9a1f46437ad,37.734259,-119.5498945
2019-06-15 01:59:22,12.467355954207509,a3b42a90-dd42-4d67-a167-a9a1f46437ad,37.734259,-119.5498945
2019-06-15 13:59:34,-22.028372811211177,a3b42a90-dd42-4d67-a167-a9a1f46437ad,37.734259,-119.5498945
2019-06-22 01:51:14,6.09171345316188,a3b42a90-dd42-4d67-a167-a9a1f46437ad,37.734259,-119.5498945
2019-06-27 01:59:23,7.228425854698667,a3b42a90-dd42-4d67-a167-a9a1f46437ad,37.734259,-119.5498945
2019-06-27 13:59:35,-18.39414705712477,a3b42a90-dd42-4d67-a167-a9a1f46437ad,37.734259,-119.5498945
2019-07-04 01:51:14,7.066478870945723,a3b42a90-dd42-4d67-a167-a9a1f46437ad,37.734259,-119.5498945
2019-07-09 01:59:23,7.029376840889236,a3b42a90-dd42-4d67-a167-a9a1f46437ad,37.734259,-119.5498945
2019-07-09 13:59:35,-26.471997777612962,a3b42a90-dd42-4d67-a167-a9a1f46437ad,37.734259,-119.5498945
2019-07-16 01:51:15,8.487475246439526,a3b42a90-dd42-4d67-a167-a9a1f46437ad,37.734259,-119.5498945
2019-07-21 01:59:24,7.6975060117311145,a3b42a90-dd42-4d67-a167-a9a1f46437ad,37.734259,-119.5498945
2019-07-21 13:59:36,-20.412716504523683,a3b42a90-dd42-4d67-a167-a9a1f46437ad,37.734259,-119.5498945
2019-07-28 01:51:16,6.8311162419025795,a3b42a90-dd42-4d67-a167-a9a1f46437ad,37.734259,-119.5498945
2019-08-02 01:59:25,10.170005066849955,a3b42a90-dd42-4d67-a167-a9a1f46437ad,37.734259,-119.5498945
2019-08-02 13:59:37,-22.739911012212115,a3b42a90-dd42-4d67-a167-a9a1f46437ad,37.734259,-119.5498945
2019-08-09 01:51:17,7.152163985652596,a3b42a90-dd42-4d67-a167-a9a1f46437ad,37.734259,-119.5498945
2019-08-14 13:59:38,-20.521081176709878,a3b42a90-dd42-4d67-a167-a9a1f46437ad,37.734259,-119.5498945
2019-08-26 01:59:27,11.227387998255878,a3b42a90-dd42-4d67-a167-a9a1f46437ad,37.734259,-119.5498945
2019-08-26 13:59:38,-25.887843475537842,a3b42a90-dd42-4d67-a167-a9a1f46437ad,37.734259,-119.5498945
2019-09-02 01:51:18,6.4594520983217985,a3b42a90-dd42-4d67-a167-a9a1f46437ad,37.734259,-119.5498945
2019-09-07 01:59:27,10.386051680075138,a3b42a90-dd42-4d67-a167-a9a1f46437ad,37.734259,-119.5498945
2019-09-07 13:59:39,-20.622924414552898,a3b42a90-dd42-4d67-a167-a9a1f46437ad,37.734259,-119.5498945
2019-09-19 01:59:27,8.08366587425102,a3b42a90-dd42-4d67-a167-a9a1f46437ad,37.734259,-119.5498945
2019-09-19 13:59:39,-18.39044512684344,a3b42a90-dd42-4d67-a167-a9a1f46437ad,37.734259,-119.5498945
2019-09-26 01:51:19,8.153547879279552,a3b42a90-dd42-4d67-a167-a9a1f46437ad,37.734259,-119.5498945
2019-10-01 01:59:28,9.786141875535403,a3b42a90-dd42-4d67-a167-a9a1f46437ad,37.734259,-119.5498945
2019-10-01 13:59:40,-20.32739261864617,a3b42a90-dd42-4d67-a167-a9a1f46437ad,37.734259,-119.5498945
2019-10-08 01:51:19,7.912581151458615,a3b42a90-dd42-4d67-a167-a9a1f46437ad,37.734259,-119.5498945
2019-10-13 01:59:28,9.96518773201757,a3b42a90-dd42-4d67-a167-a9a1f46437ad,37.734259,-119.5498945
2019-10-13 13:59:40,-25.0687854528775,a3b42a90-dd42-4d67-a167-a9a1f46437ad,37.734259,-119.5498945
2019-10-20 01:51:19,6.358325093255326,a3b42a90-dd42-4d67-a167-a9a1f46437ad,37.734259,-119.5498945
2019-10-25 01:59:28,9.797188287331094,a3b42a90-dd42-4d67-a167-a9a1f46437ad,37.734259,-119.5498945
2019-10-25 13:59:40,-30.388852191479167,a3b42a90-dd42-4d67-a167-a9a1f46437ad,37.734259,-119.5498945
2019-11-01 01:51:19,5.7777132981525225,a3b42a90-dd42-4d67-a167-a9a1f46437ad,37.734259,-119.5498945
2019-11-06 01:59:28,8.625440237527778,a3b42a90-dd42-4d67-a167-a9a1f46437ad,37.734259,-119.5498945
2019-11-06 13:59:40,-24.261737209321726,a3b42a90-dd42-4d67-a167-a9a1f46437ad,37.734259,-119.5498945
2019-11-13 01:51:19,7.148626093142852,a3b42a90-dd42-4d67-a167-a9a1f46437ad,37.734259,-119.5498945
2019-11-18 01:59:28,9.438907133417914,a3b42a90-dd42-4d67-a167-a9a1f46437ad,37.734259,-119.5498945
2019-11-18 13:59:40,-19.820086992586077,a3b42a90-dd42-4d67-a167-a9a1f46437ad,37.734259,-119.5498945
2019-11-25 01:51:19,6.02176540020423,a3b42a90-dd42-4d67-a167-a9a1f46437ad,37.734259,-119.5498945
2019-11-30 01:59:27,12.666509432036522,a3b42a90-dd42-4d67-a167-a9a1f46437ad,37.734259,-119.5498945
2019-11-30 13:59:39,-22.982827873537623,a3b42a90-dd42-4d67-a167-a9a1f46437ad,37.734259,-119.5498945
2019-12-07 01:51:18,5.747683161102274,a3b42a90-dd42-4d67-a167-a9a1f46437ad,37.734259,-119.5498945
2019-12-12 01:59:27,16.143030187921294,a3b42a90-dd42-4d67-a167-a9a1f46437ad,37.734259,-119.5498945
2019-12-12 13:59:39,-18.691889703494237,a3b42a90-dd42-4d67-a167-a9a1f46437ad,37.734259,-119.5498945
2019-12-24 13:59:39,-22.593338838401426,a3b42a90-dd42-4d67-a167-a9a1f46437ad,37.734259,-119.5498945
2019-12-31 01:51:17,4.304879051535711,a3b42a90-dd42-4d67-a167-a9a1f46437ad,37.734259,-119.5498945
2020-01-05 01:59:26,5.445631058027222,a3b42a90-dd42-4d67-a167-a9a1f46437ad,37.734259,-119.5498945
2020-01-05 13:59:38,-25.868807731222397,a3b42a90-dd42-4d67-a167-a9a1f46437ad,37.734259,-119.5498945
2020-01-17 01:59:26,7.885375898851157,a3b42a90-dd42-4d67-a167-a9a1f46437ad,37.734259,-119.5498945
2020-01-17 13:59:37,-18.700179347632037,a3b42a90-dd42-4d67-a167-a9a1f46437ad,37.734259,-119.5498945
2020-01-29 01:59:25,7.021139515620748,a3b42a90-dd42-4d67-a167-a9a1f46437ad,37.734259,-119.5498945
2020-01-29 13:59:37,-21.469859199902736,a3b42a90-dd42-4d67-a167-a9a1f46437ad,37.734259,-119.5498945
2020-02-05 01:51:16,4.872166071256631,a3b42a90-dd42-4d67-a167-a9a1f46437ad,37.734259,-119.5498945
2020-02-10 01:59:25,6.896419655958147,a3b42a90-dd42-4d67-a167-a9a1f46437ad,37.734259,-119.5498945
2020-02-10 13:59:37,-20.83275806028938,a3b42a90-dd42-4d67-a167-a9a1f46437ad,37.734259,-119.5498945
2020-02-17 01:51:16,4.936642933225538,a3b42a90-dd42-4d67-a167-a9a1f46437ad,37.734259,-119.5498945
2020-02-22 01:59:25,7.25505338562963,a3b42a90-dd42-4d67-a167-a9a1f46437ad,37.734259,-119.5498945
2020-02-22 13:59:37,-18.79490979050824,a3b42a90-dd42-4d67-a167-a9a1f46437ad,37.734259,-119.5498945
2020-02-29 01:51:16,3.3397926878101742,a3b42a90-dd42-4d67-a167-a9a1f46437ad,37.734259,-119.5498945
2020-03-05 01:59:25,7.557351616058114,a3b42a90-dd42-4d67-a167-a9a1f46437ad,37.734259,-119.5498945
2020-03-05 13:59:37,-20.482974779104396,a3b42a90-dd42-4d67-a167-a9a1f46437ad,37.734259,-119.5498945
2020-03-12 01:51:16,-0.4001037926193702,a3b42a90-dd42-4d67-a167-a9a1f46437ad,37.734259,-119.5498945
2020-03-17 01:59:25,11.800791030953413,a3b42a90-dd42-4d67-a167-a9a1f46437ad,37.734259,-119.5498945
2020-03-17 13:59:37,-23.140435582136018,a3b42a90-dd42-4d67-a167-a9a1f46437ad,37.734259,-119.5498945
2020-03-24 01:51:16,7.287694926078742,a3b42a90-dd42-4d67-a167-a9a1f46437ad,37.734259,-119.5498945
2020-03-29 01:59:25,12.701429334211142,a3b42a90-dd42-4d67-a167-a9a1f46437ad,37.734259,-119.5498945
2020-03-29 13:59:37,-25.393355059255317,a3b42a90-dd42-4d67-a167-a9a1f46437ad,37.734259,-119.5498945
2020-04-10 01:59:25,9.838840539966272,a3b42a90-dd42-4d67-a167-a9a1f46437ad,37.734259,-119.5498945
2020-04-10 13:59:37,-20.918337678651092,a3b42a90-dd42-4d67-a167-a9a1f46437ad,37.734259,-119.5498945
2020-04-17 01:51:17,9.445072960677672,a3b42a90-dd42-4d67-a167-a9a1f46437ad,37.734259,-119.5498945
2020-04-22 01:59:26,10.9399412579887,a3b42a90-dd42-4d67-a167-a9a1f46437ad,37.734259,-119.5498945
2020-04-22 13:59:38,-23.918297957028702,a3b42a90-dd42-4d67-a167-a9a1f46437ad,37.734259,-119.5498945
2020-04-29 01:51:17,5.665067995233876,a3b42a90-dd42-4d67-a167-a9a1f46437ad,37.734259,-119.5498945
2020-05-04 01:59:26,7.841859115704656,a3b42a90-dd42-4d67-a167-a9a1f46437ad,37.734259,-119.5498945
2020-05-04 13:59:38,-20.65160409692818,a3b42a90-dd42-4d67-a167-a9a1f46437ad,37.734259,-119.5498945
2020-05-11 01:51:18,4.998882047482342,a3b42a90-dd42-4d67-a167-a9a1f46437ad,37.734259,-119.5498945
2020-05-16 01:59:27,9.217929278585384,a3b42a90-dd42-4d67-a167-a9a1f46437ad,37.734259,-119.5498945
2020-05-16 13:59:39,-23.161052112579693,a3b42a90-dd42-4d67-a167-a9a1f46437ad,37.734259,-119.5498945
2020-05-23 01:51:19,6.6441132794146895,a3b42a90-dd42-4d67-a167-a9a1f46437ad,37.734259,-119.5498945
2020-05-28 01:59:28,10.538384388994933,a3b42a90-dd42-4d67-a167-a9a1f46437ad,37.734259,-119.5498945
2020-05-28 13:59:40,-20.988440610558428,a3b42a90-dd42-4d67-a167-a9a1f46437ad,37.734259,-119.5498945
2020-06-04 01:51:19,6.530004962180078,a3b42a90-dd42-4d67-a167-a9a1f46437ad,37.734259,-119.5498945
2020-06-09 01:59:29,10.514590513738257,a3b42a90-dd42-4d67-a167-a9a1f46437ad,37.734259,-119.5498945
2020-06-09 13:59:40,-20.126785241829896,a3b42a90-dd42-4d67-a167-a9a1f46437ad,37.734259,-119.5498945
2020-06-16 01:51:20,4.523027553444249,a3b42a90-dd42-4d67-a167-a9a1f46437ad,37.734259,-119.5498945
2020-06-21 01:59:29,10.995099303851974,a3b42a90-dd42-4d67-a167-a9a1f46437ad,37.734259,-119.5498945
2020-06-21 13:59:41,-19.01039064284128,a3b42a90-dd42-4d67-a167-a9a1f46437ad,37.734259,-119.5498945
2020-06-28 01:51:21,3.6499402832498165,a3b42a90-dd42-4d67-a167-a9a1f46437ad,37.734259,-119.5498945
2020-07-03 01:59:30,9.520385752050295,a3b42a90-dd42-4d67-a167-a9a1f46437ad,37.734259,-119.5498945
2020-07-03 13:59:42,-18.905673399385943,a3b42a90-dd42-4d67-a167-a9a1f46437ad,37.734259,-119.5498945
2020-07-10 01:51:21,7.714627786360699,a3b42a90-dd42-4d67-a167-a9a1f46437ad,37.734259,-119.5498945
2020-07-15 01:59:30,9.553396079937938,a3b42a90-dd42-4d67-a167-a9a1f46437ad,37.734259,-119.5498945
2020-07-15 13:59:42,-19.695134448076807,a3b42a90-dd42-4d67-a167-a9a1f46437ad,37.734259,-119.5498945
2020-07-22 01:51:22,6.261606629741432,a3b42a90-dd42-4d67-a167-a9a1f46437ad,37.734259,-119.5498945
2020-07-27 01:59:31,11.066225425079747,a3b42a90-dd42-4d67-a167-a9a1f46437ad,37.734259,-119.5498945
2020-07-27 13:59:43,-18.137444555262807,a3b42a90-dd42-4d67-a167-a9a1f46437ad,37.734259,-119.5498945
2020-08-03 01:51:23,3.611510198882009,a3b42a90-dd42-4d67-a167-a9a1f46437ad,37.734259,-119.5498945
2020-08-08 01:59:32,8.880416378661586,a3b42a90-dd42-4d67-a167-a9a1f46437ad,37.734259,-119.5498945
2020-08-08 13:59:44,-20.816245516787117,a3b42a90-dd42-4d67-a167-a9a1f46437ad,37.734259,-119.5498945
2020-08-15 01:51:23,3.8707267442248914,a3b42a90-dd42-4d67-a167-a9a1f46437ad,37.734259,-119.5498945
2020-08-20 01:59:33,11.402005296650453,a3b42a90-dd42-4d67-a167-a9a1f46437ad,37.734259,-119.5498945
2020-08-20 13:59:45,-26.62919749876444,a3b42a90-dd42-4d67-a167-a9a1f46437ad,37.734259,-119.5498945
2020-08-27 01:51:24,6.41242386536124,a3b42a90-dd42-4d67-a167-a9a1f46437ad,37.734259,-119.5498945
2020-09-01 01:59:33,7.728208708845152,a3b42a90-dd42-4d67-a167-a9a1f46437ad,37.734259,-119.5498945
2020-09-01 13:59:45,-17.508818987929395,a3b42a90-dd42-4d67-a167-a9a1f46437ad,37.734259,-119.5498945
2020-09-08 01:51:25,4.0267578665023,a3b42a90-dd42-4d67-a167-a9a1f46437ad,37.734259,-119.5498945
2020-09-13 01:59:34,10.094616463970233,a3b42a90-dd42-4d67-a167-a9a1f46437ad,37.734259,-119.5498945
2020-09-13 13:59:46,-21.054961839225413,a3b42a90-dd42-4d67-a167-a9a1f46437ad,37.734259,-119.5498945
2020-09-20 01:51:25,6.010023758846063,a3b42a90-dd42-4d67-a167-a9a1f46437ad,37.734259,-119.5498945
2020-09-25 01:59:34,11.747821224390133,a3b42a90-dd42-4d67-a167-a9a1f46437ad,37.734259,-119.5498945
2020-09-25 13:59:46,-20.267094492143652,a3b42a90-dd42-4d67-a167-a9a1f46437ad,37.734259,-119.5498945
2020-10-02 01:51:25,7.959270288842792,a3b42a90-dd42-4d67-a167-a9a1f46437ad,37.734259,-119.5498945
2020-10-07 01:59:35,11.289958249856522,a3b42a90-dd42-4d67-a167-a9a1f46437ad,37.734259,-119.5498945
2020-10-07 13:59:46,-21.878381016778484,a3b42a90-dd42-4d67-a167-a9a1f46437ad,37.734259,-119.5498945
2020-10-14 01:51:26,4.195722889672361,a3b42a90-dd42-4d67-a167-a9a1f46437ad,37.734259,-119.5498945
2020-10-19 01:59:35,7.114869171016164,a3b42a90-dd42-4d67-a167-a9a1f46437ad,37.734259,-119.5498945
2020-10-19 13:59:46,-20.365952578490276,a3b42a90-dd42-4d67-a167-a9a1f46437ad,37.734259,-119.5498945
2020-10-26 01:51:26,3.569397265671375,a3b42a90-dd42-4d67-a167-a9a1f46437ad,37.734259,-119.5498945
2020-10-31 01:59:35,8.29478642397277,a3b42a90-dd42-4d67-a167-a9a1f46437ad,37.734259,-119.5498945
2020-10-31 13:59:46,-20.303074886634924,a3b42a90-dd42-4d67-a167-a9a1f46437ad,37.734259,-119.5498945
2020-11-07 01:51:25,8.412730794167736,a3b42a90-dd42-4d67-a167-a9a1f46437ad,37.734259,-119.5498945
2020-11-12 01:59:34,10.076887527615126,a3b42a90-dd42-4d67-a167-a9a1f46437ad,37.734259,-119.5498945
2020-11-12 13:59:46,-25.991184601812705,a3b42a90-dd42-4d67-a167-a9a1f46437ad,37.734259,-119.5498945
2020-11-19 01:51:25,9.26160620859548,a3b42a90-dd42-4d67-a167-a9a1f46437ad,37.734259,-119.5498945
2020-11-24 01:59:34,7.44570929050972,a3b42a90-dd42-4d67-a167-a9a1f46437ad,37.734259,-119.5498945
2020-11-24 13:59:46,-22.488326330813592,a3b42a90-dd42-4d67-a167-a9a1f46437ad,37.734259,-119.5498945
2020-12-01 01:51:25,6.797322020311221,a3b42a90-dd42-4d67-a167-a9a1f46437ad,37.734259,-119.5498945
2020-12-06 01:59:34,7.486777647571846,a3b42a90-dd42-4d67-a167-a9a1f46437ad,37.734259,-119.5498945
2020-12-06 13:59:45,-22.666757510137877,a3b42a90-dd42-4d67-a167-a9a1f46437ad,37.734259,-119.5498945
2020-12-13 01:51:24,4.701026941243513,a3b42a90-dd42-4d67-a167-a9a1f46437ad,37.734259,-119.5498945
2020-12-18 01:59:33,13.648323217033642,a3b42a90-dd42-4d67-a167-a9a1f46437ad,37.734259,-119.5498945
2020-12-18 13:59:45,-22.443047367499588,a3b42a90-dd42-4d67-a167-a9a1f46437ad,37.734259,-119.5498945
2020-12-25 01:51:24,6.098276057661706,a3b42a90-dd42-4d67-a167-a9a1f46437ad,37.734259,-119.5498945
2020-12-30 01:59:32,16.319633760302896,a3b42a90-dd42-4d67-a167-a9a1f46437ad,37.734259,-119.5498945
2020-12-30 13:59:44,-19.690703366259324,a3b42a90-dd42-4d67-a167-a9a1f46437ad,37.734259,-119.5498945
2021-01-06 01:51:23,6.307338380629287,a3b42a90-dd42-4d67-a167-a9a1f46437ad,37.734259,-119.5498945
2021-01-11 01:59:32,12.002786252843292,a3b42a90-dd42-4d67-a167-a9a1f46437ad,37.734259,-119.5498945
2021-01-11 13:59:44,-19.81041950818006,a3b42a90-dd42-4d67-a167-a9a1f46437ad,37.734259,-119.5498945
2021-01-23 01:59:31,14.878936331782128,a3b42a90-dd42-4d67-a167-a9a1f46437ad,37.734259,-119.5498945
2021-01-23 13:59:43,-21.879796221140634,a3b42a90-dd42-4d67-a167-a9a1f46437ad,37.734259,-119.5498945
2021-01-30 01:51:22,2.5069150951172743,a3b42a90-dd42-4d67-a167-a9a1f46437ad,37.734259,-119.5498945
2021-02-04 01:59:31,16.18272671457278,a3b42a90-dd42-4d67-a167-a9a1f46437ad,37.734259,-119.5498945
2021-02-04 13:59:43,-26.276333782351685,a3b42a90-dd42-4d67-a167-a9a1f46437ad,37.734259,-119.5498945
2021-02-11 01:51:22,8.72873776636813,a3b42a90-dd42-4d67-a167-a9a1f46437ad,37.734259,-119.5498945
2021-02-16 01:59:31,12.868647601655642,a3b42a90-dd42-4d67-a167-a9a1f46437ad,37.734259,-119.5498945
2021-02-16 13:59:43,-18.089320443960034,a3b42a90-dd42-4d67-a167-a9a1f46437ad,37.734259,-119.5498945
2021-02-23 01:51:22,7.31955904533376,a3b42a90-dd42-4d67-a167-a9a1f46437ad,37.734259,-119.5498945
2021-02-28 01:59:30,7.322888687185372,a3b42a90-dd42-4d67-a167-a9a1f46437ad,37.734259,-119.5498945
2021-02-28 13:59:42,-25.465284846704396,a3b42a90-dd42-4d67-a167-a9a1f46437ad,37.734259,-119.5498945
2021-03-07 01:51:22,2.888048255539222,a3b42a90-dd42-4d67-a167-a9a1f46437ad,37.734259,-119.5498945
2021-03-12 01:59:31,17.371992755304824,a3b42a90-dd42-4d67-a167-a9a1f46437ad,37.734259,-119.5498945
2021-03-12 13:59:42,-23.077725468050158,a3b42a90-dd42-4d67-a167-a9a1f46437ad,37.734259,-119.5498945
2021-03-19 01:51:22,7.716191448800318,a3b42a90-dd42-4d67-a167-a9a1f46437ad,37.734259,-119.5498945
2021-03-24 01:59:31,8.838236629603678,a3b42a90-dd42-4d67-a167-a9a1f46437ad,37.734259,-119.5498945
2021-03-24 13:59:43,-22.618181197561608,a3b42a90-dd42-4d67-a167-a9a1f46437ad,37.734259,-119.5498945
2021-03-31 01:51:22,4.938305507529005,a3b42a90-dd42-4d67-a167-a9a1f46437ad,37.734259,-119.5498945
2021-04-05 01:59:31,7.825785772888692,a3b42a90-dd42-4d67-a167-a9a1f46437ad,37.734259,-119.5498945
2021-04-05 13:59:43,-24.18264488754597,a3b42a90-dd42-4d67-a167-a9a1f46437ad,37.734259,-119.5498945
2021-04-12 01:51:22,1.9606537144559941,a3b42a90-dd42-4d67-a167-a9a1f46437ad,37.734259,-119.5498945
2021-04-17 01:59:32,9.221291150408044,a3b42a90-dd42-4d67-a167-a9a1f46437ad,37.734259,-119.5498945
2021-04-17 13:59:43,-17.73986374836915,a3b42a90-dd42-4d67-a167-a9a1f46437ad,37.734259,-119.5498945
2021-04-24 01:51:23,4.818493841239155,a3b42a90-dd42-4d67-a167-a9a1f46437ad,37.734259,-119.5498945
2021-04-29 01:59:32,10.93815661192111,a3b42a90-dd42-4d67-a167-a9a1f46437ad,37.734259,-119.5498945
2021-04-29 13:59:44,-24.61181032205893,a3b42a90-dd42-4d67-a167-a9a1f46437ad,37.734259,-119.5498945
2021-05-06 01:51:23,2.224660192908159,a3b42a90-dd42-4d67-a167-a9a1f46437ad,37.734259,-119.5498945
2021-05-11 01:59:33,10.608178266244979,a3b42a90-dd42-4d67-a167-a9a1f46437ad,37.734259,-119.5498945
2021-05-11 13:59:45,-17.3106273729078,a3b42a90-dd42-4d67-a167-a9a1f46437ad,37.734259,-119.5498945
2021-05-18 01:51:24,3.076826257104823,a3b42a90-dd42-4d67-a167-a9a1f46437ad,37.734259,-119.5498945
2021-05-23 01:59:33,12.951009726996672,a3b42a90-dd42-4d67-a167-a9a1f46437ad,37.734259,-119.5498945
2021-05-23 13:59:45,-23.8338355574226,a3b42a90-dd42-4d67-a167-a9a1f46437ad,37.734259,-119.5498945
2021-05-30 01:51:25,6.082943669242557,a3b42a90-dd42-4d67-a167-a9a1f46437ad,37.734259,-119.5498945
2021-06-04 01:59:34,11.140830344212564,a3b42a90-dd42-4d67-a167-a9a1f46437ad,37.734259,-119.5498945
2021-06-04 13:59:46,-19.637854999847633,a3b42a90-dd42-4d67-a167-a9a1f46437ad,37.734259,-119.5498945
2021-06-11 01:51:26,5.878404028603034,a3b42a90-dd42-4d67-a167-a9a1f46437ad,37.734259,-119.5498945
2021-06-16 01:59:35,12.337908032663696,a3b42a90-dd42-4d67-a167-a9a1f46437ad,37.734259,-119.5498945
2021-06-16 13:59:47,-24.993892122198208,a3b42a90-dd42-4d67-a167-a9a1f46437ad,37.734259,-119.5498945
2021-06-23 01:51:26,8.377993347866243,a3b42a90-dd42-4d67-a167-a9a1f46437ad,37.734259,-119.5498945
2021-06-28 01:59:35,10.35872371119684,a3b42a90-dd42-4d67-a167-a9a1f46437ad,37.734259,-119.5498945
2021-06-28 13:59:47,-22.80860658459774,a3b42a90-dd42-4d67-a167-a9a1f46437ad,37.734259,-119.5498945
2021-07-05 01:51:27,2.982038312376524,a3b42a90-dd42-4d67-a167-a9a1f46437ad,37.734259,-119.5498945
2021-07-10 01:59:36,9.774281322761022,a3b42a90-dd42-4d67-a167-a9a1f46437ad,37.734259,-119.5498945
2021-07-10 13:59:48,-18.34253789830339,a3b42a90-dd42-4d67-a167-a9a1f46437ad,37.734259,-119.5498945
2021-07-17 01:51:28,6.095037981209883,a3b42a90-dd42-4d67-a167-a9a1f46437ad,37.734259,-119.5498945
2021-07-22 01:59:37,6.919554705548688,a3b42a90-dd42-4d67-a167-a9a1f46437ad,37.734259,-119.5498945
2021-07-22 13:59:49,-21.9619124751698,a3b42a90-dd42-4d67-a167-a9a1f46437ad,37.734259,-119.5498945
2021-07-29 01:51:28,8.426319734415962,a3b42a90-dd42-4d67-a167-a9a1f46437ad,37.734259,-119.5498945
2021-08-03 01:59:38,11.46366476126972,a3b42a90-dd42-4d67-a167-a9a1f46437ad,37.734259,-119.5498945
2021-08-03 13:59:50,-23.376756395705954,a3b42a90-dd42-4d67-a167-a9a1f46437ad,37.734259,-119.5498945
2021-08-10 01:51:29,5.978012407041341,a3b42a90-dd42-4d67-a167-a9a1f46437ad,37.734259,-119.5498945
2021-08-15 01:59:38,10.043269671661543,a3b42a90-dd42-4d67-a167-a9a1f46437ad,37.734259,-119.5498945
2021-08-15 13:59:50,-21.933426477216514,a3b42a90-dd42-4d67-a167-a9a1f46437ad,37.734259,-119.5498945
2021-08-22 01:51:30,7.767159028988182,a3b42a90-dd42-4d67-a167-a9a1f46437ad,37.734259,-119.5498945
2021-08-27 01:59:39,12.189679572774685,a3b42a90-dd42-4d67-a167-a9a1f46437ad,37.734259,-119.5498945
2021-08-27 13:59:51,-21.344850235616292,a3b42a90-dd42-4d67-a167-a9a1f46437ad,37.734259,-119.5498945
2021-09-03 01:51:30,5.445637660609615,a3b42a90-dd42-4d67-a167-a9a1f46437ad,37.734259,-119.5498945
2021-09-08 01:59:39,8.587291432703754,a3b42a90-dd42-4d67-a167-a9a1f46437ad,37.734259,-119.5498945
2021-09-08 13:59:51,-23.090090783261907,a3b42a90-dd42-4d67-a167-a9a1f46437ad,37.734259,-119.5498945
2021-09-15 01:51:31,4.931844640856075,a3b42a90-dd42-4d67-a167-a9a1f46437ad,37.734259,-119.5498945
2021-09-20 01:59:40,9.13706847695151,a3b42a90-dd42-4d67-a167-a9a1f46437ad,37.734259,-119.5498945
2021-09-20 13:59:52,-24.009461126108906,a3b42a90-dd42-4d67-a167-a9a1f46437ad,37.734259,-119.5498945
2021-09-27 01:51:31,4.481887852773255,a3b42a90-dd42-4d67-a167-a9a1f46437ad,37.734259,-119.5498945
2021-10-02 01:59:40,11.79482490547847,a3b42a90-dd42-4d67-a167-a9a1f46437ad,37.734259,-119.5498945
2021-10-02 13:59:52,-23.608454370906415,a3b42a90-dd42-4d67-a167-a9a1f46437ad,37.734259,-119.5498945
2021-10-09 01:51:31,5.84406843640194,a3b42a90-dd42-4d67-a167-a9a1f46437ad,37.734259,-119.5498945
2021-10-14 01:59:40,11.986422025952487,a3b42a90-dd42-4d67-a167-a9a1f46437ad,37.734259,-119.5498945
2021-10-14 13:59:52,-18.53838777125114,a3b42a90-dd42-4d67-a167-a9a1f46437ad,37.734259,-119.5498945
2021-10-21 01:51:31,3.6268918001674755,a3b42a90-dd42-4d67-a167-a9a1f46437ad,37.734259,-119.5498945
2021-10-26 01:59:40,16.872168265321196,a3b42a90-dd42-4d67-a167-a9a1f46437ad,37.734259,-119.5498945
2021-10-26 13:59:52,-17.745946831677806,a3b42a90-dd42-4d67-a167-a9a1f46437ad,37.734259,-119.5498945
2021-11-02 01:51:31,6.281163657892463,a3b42a90-dd42-4d67-a167-a9a1f46437ad,37.734259,-119.5498945
2021-11-07 01:59:40,7.18256911736727,a3b42a90-dd42-4d67-a167-a9a1f46437ad,37.734259,-119.5498945
2021-11-14 01:51:28,2.9373939836247622,a3b42a90-dd42-4d67-a167-a9a1f46437ad,37.734259,-119.5498945
2021-11-19 01:59:37,7.951892531141407,a3b42a90-dd42-4d67-a167-a9a1f46437ad,37.734259,-119.5498945
2021-11-19 13:59:52,-28.909561174339938,a3b42a90-dd42-4d67-a167-a9a1f46437ad,37.734259,-119.5498945
2021-11-26 01:51:28,2.2838263651211235,a3b42a90-dd42-4d67-a167-a9a1f46437ad,37.734259,-119.5498945
2021-12-01 01:59:37,8.65735615528473,a3b42a90-dd42-4d67-a167-a9a1f46437ad,37.734259,-119.5498945
2021-12-01 13:59:51,-19.645309273031863,a3b42a90-dd42-4d67-a167-a9a1f46437ad,37.734259,-119.5498945
2021-12-08 01:51:27,2.0790961492528623,a3b42a90-dd42-4d67-a167-a9a1f46437ad,37.734259,-119.5498945
2021-12-13 01:59:36,8.845540858835134,a3b42a90-dd42-4d67-a167-a9a1f46437ad,37.734259,-119.5498945
2021-12-13 13:59:51,-22.026787421712726,a3b42a90-dd42-4d67-a167-a9a1f46437ad,37.734259,-119.5498945
2021-12-20 01:51:27,7.991085294879758,a3b42a90-dd42-4d67-a167-a9a1f46437ad,37.734259,-119.5498945
2021-12-25 13:59:50,-29.63823385200996,a3b42a90-dd42-4d67-a167-a9a1f46437ad,37.734259,-119.5498945
2014-10-10 01:50:45,4.907010024789521,a3b42a90-dd42-4d67-a167-a9a1f46437ad,37.734259,-119.5498945
2014-10-15 13:58:57,-19.292960611904604,a3b42a90-dd42-4d67-a167-a9a1f46437ad,37.734259,-119.5498945
2014-11-03 01:50:52,9.238690882495359,a3b42a90-dd42-4d67-a167-a9a1f46437ad,37.734259,-119.5498945
2014-11-08 13:58:57,-19.29610970867782,a3b42a90-dd42-4d67-a167-a9a1f46437ad,37.734259,-119.5498945
2014-11-27 01:50:46,6.584647231059538,a3b42a90-dd42-4d67-a167-a9a1f46437ad,37.734259,-119.5498945
2014-12-02 13:58:57,-20.08511836789877,a3b42a90-dd42-4d67-a167-a9a1f46437ad,37.734259,-119.5498945
2014-12-21 01:50:35,8.922774492240174,a3b42a90-dd42-4d67-a167-a9a1f46437ad,37.734259,-119.5498945
2014-12-26 13:58:56,-21.20820729379412,a3b42a90-dd42-4d67-a167-a9a1f46437ad,37.734259,-119.5498945
2015-01-07 01:58:44,9.593222308189826,a3b42a90-dd42-4d67-a167-a9a1f46437ad,37.734259,-119.5498945
2015-01-14 01:50:34,5.173904111187328,a3b42a90-dd42-4d67-a167-a9a1f46437ad,37.734259,-119.5498945
2015-01-19 13:58:55,-17.107495110179837,a3b42a90-dd42-4d67-a167-a9a1f46437ad,37.734259,-119.5498945
2015-01-31 01:58:51,8.683739833523736,a3b42a90-dd42-4d67-a167-a9a1f46437ad,37.734259,-119.5498945
2015-02-07 01:50:47,6.95105952791995,a3b42a90-dd42-4d67-a167-a9a1f46437ad,37.734259,-119.5498945
2015-02-12 13:58:54,-17.505029031778882,a3b42a90-dd42-4d67-a167-a9a1f46437ad,37.734259,-119.5498945
2015-02-24 01:58:45,8.004527761914357,a3b42a90-dd42-4d67-a167-a9a1f46437ad,37.734259,-119.5498945
2015-03-08 13:58:55,-18.025397597567956,a3b42a90-dd42-4d67-a167-a9a1f46437ad,37.734259,-119.5498945
2015-03-15 01:50:43,7.011742757068678,a3b42a90-dd42-4d67-a167-a9a1f46437ad,37.734259,-119.5498945
2015-03-20 01:58:56,6.85586151544464,a3b42a90-dd42-4d67-a167-a9a1f46437ad,37.734259,-119.5498945
2015-04-01 13:58:55,-17.282096170635704,a3b42a90-dd42-4d67-a167-a9a1f46437ad,37.734259,-119.5498945
2015-04-08 01:50:45,9.620585287244971,a3b42a90-dd42-4d67-a167-a9a1f46437ad,37.734259,-119.5498945
2015-04-13 01:58:50,10.203269262721376,a3b42a90-dd42-4d67-a167-a9a1f46437ad,37.734259,-119.5498945
2015-04-25 13:58:57,-17.833169569483626,a3b42a90-dd42-4d67-a167-a9a1f46437ad,37.734259,-119.5498945
2015-05-02 01:50:47,4.907057861031034,a3b42a90-dd42-4d67-a167-a9a1f46437ad,37.734259,-119.5498945
2015-05-07 01:58:45,9.276711500065474,a3b42a90-dd42-4d67-a167-a9a1f46437ad,37.734259,-119.5498945
2015-05-26 01:50:51,7.799819079394314,a3b42a90-dd42-4d67-a167-a9a1f46437ad,37.734259,-119.5498945
2015-05-31 01:59:03,11.238581867590083,a3b42a90-dd42-4d67-a167-a9a1f46437ad,37.734259,-119.5498945
2015-06-12 13:59:00,-19.41170312483161,a3b42a90-dd42-4d67-a167-a9a1f46437ad,37.734259,-119.5498945
2015-06-19 01:50:52,5.936479056241167,a3b42a90-dd42-4d67-a167-a9a1f46437ad,37.734259,-119.5498945
2015-06-24 01:59:05,10.031474834286136,a3b42a90-dd42-4d67-a167-a9a1f46437ad,37.734259,-119.5498945
2015-07-06 13:59:00,-20.829777189554086,a3b42a90-dd42-4d67-a167-a9a1f46437ad,37.734259,-119.5498945
2015-07-13 01:50:53,5.763020435023629,a3b42a90-dd42-4d67-a167-a9a1f46437ad,37.734259,-119.5498945
2015-07-18 01:59:05,6.901079615927478,a3b42a90-dd42-4d67-a167-a9a1f46437ad,37.734259,-119.5498945
2015-07-30 13:59:01,-20.577169013791476,a3b42a90-dd42-4d67-a167-a9a1f46437ad,37.734259,-119.5498945
2015-08-06 01:50:54,6.709788751986543,a3b42a90-dd42-4d67-a167-a9a1f46437ad,37.734259,-119.5498945
2015-08-11 01:59:06,10.165633782432138,a3b42a90-dd42-4d67-a167-a9a1f46437ad,37.734259,-119.5498945
2015-08-23 13:59:03,-28.26161356510049,a3b42a90-dd42-4d67-a167-a9a1f46437ad,37.734259,-119.5498945
2015-08-30 01:50:56,4.719973038726542,a3b42a90-dd42-4d67-a167-a9a1f46437ad,37.734259,-119.5498945
2015-09-04 01:59:07,10.093938022905753,a3b42a90-dd42-4d67-a167-a9a1f46437ad,37.734259,-119.5498945
2015-09-16 13:59:03,-20.01705881873407,a3b42a90-dd42-4d67-a167-a9a1f46437ad,37.734259,-119.5498945
2015-09-28 01:59:08,9.904185792164332,a3b42a90-dd42-4d67-a167-a9a1f46437ad,37.734259,-119.5498945
2015-10-10 13:59:04,-17.727035696287714,a3b42a90-dd42-4d67-a167-a9a1f46437ad,37.734259,-119.5498945
2015-10-17 01:50:57,8.422870653698796,a3b42a90-dd42-4d67-a167-a9a1f46437ad,37.734259,-119.5498945
2015-11-03 13:59:04,-19.678867381896698,a3b42a90-dd42-4d67-a167-a9a1f46437ad,37.734259,-119.5498945
2015-11-15 01:59:02,10.024876066299468,a3b42a90-dd42-4d67-a167-a9a1f46437ad,37.734259,-119.5498945
2015-11-15 01:59:02,10.024876066299468,a3b42a90-dd42-4d67-a167-a9a1f46437ad,37.734259,-119.5498945
2015-11-27 13:59:23,-25.775181489120587,a3b42a90-dd42-4d67-a167-a9a1f46437ad,37.734259,-119.5498945
2015-12-21 13:59:22,-20.755719683623433,a3b42a90-dd42-4d67-a167-a9a1f46437ad,37.734259,-119.5498945
2016-01-14 13:59:21,-20.655558113932955,a3b42a90-dd42-4d67-a167-a9a1f46437ad,37.734259,-119.5498945
2016-01-26 01:59:00,17.167713420328322,a3b42a90-dd42-4d67-a167-a9a1f46437ad,37.734259,-119.5498945
2016-02-07 13:59:21,-19.633429282827876,a3b42a90-dd42-4d67-a167-a9a1f46437ad,37.734259,-119.5498945
2016-02-14 01:50:48,6.162701043894153,a3b42a90-dd42-4d67-a167-a9a1f46437ad,37.734259,-119.5498945
2016-02-19 01:59:00,15.499968664409412,a3b42a90-dd42-4d67-a167-a9a1f46437ad,37.734259,-119.5498945
2016-03-02 13:59:21,-22.434081882483316,a3b42a90-dd42-4d67-a167-a9a1f46437ad,37.734259,-119.5498945
2016-03-26 13:59:21,-19.118176341441796,a3b42a90-dd42-4d67-a167-a9a1f46437ad,37.734259,-119.5498945
2016-04-07 01:59:01,7.870748850597851,a3b42a90-dd42-4d67-a167-a9a1f46437ad,37.734259,-119.5498945
2016-04-19 13:59:17,-21.802126267774927,a3b42a90-dd42-4d67-a167-a9a1f46437ad,37.734259,-119.5498945
2016-04-26 01:50:50,8.990730427365385,a3b42a90-dd42-4d67-a167-a9a1f46437ad,37.734259,-119.5498945
2016-05-01 01:59:02,8.937807735135623,a3b42a90-dd42-4d67-a167-a9a1f46437ad,37.734259,-119.5498945
2016-05-13 13:59:23,-19.355968226831727,a3b42a90-dd42-4d67-a167-a9a1f46437ad,37.734259,-119.5498945
2016-05-20 01:50:51,7.6503677406552075,a3b42a90-dd42-4d67-a167-a9a1f46437ad,37.734259,-119.5498945
2016-05-25 01:59:06,6.207311960635177,a3b42a90-dd42-4d67-a167-a9a1f46437ad,37.734259,-119.5498945
2016-06-06 13:59:25,-20.643405232648206,a3b42a90-dd42-4d67-a167-a9a1f46437ad,37.734259,-119.5498945
2016-06-13 01:50:53,8.543367476286967,a3b42a90-dd42-4d67-a167-a9a1f46437ad,37.734259,-119.5498945
2016-06-30 13:59:26,-18.467233405991777,a3b42a90-dd42-4d67-a167-a9a1f46437ad,37.734259,-119.5498945
2016-07-07 01:50:54,4.680826578503005,a3b42a90-dd42-4d67-a167-a9a1f46437ad,37.734259,-119.5498945
2016-07-24 13:59:27,-23.69396726957303,a3b42a90-dd42-4d67-a167-a9a1f46437ad,37.734259,-119.5498945
2016-07-31 01:50:55,4.686580706038937,a3b42a90-dd42-4d67-a167-a9a1f46437ad,37.734259,-119.5498945
2016-08-05 01:59:10,7.686576721862442,a3b42a90-dd42-4d67-a167-a9a1f46437ad,37.734259,-119.5498945
2016-08-17 13:59:29,-19.430992215218428,a3b42a90-dd42-4d67-a167-a9a1f46437ad,37.734259,-119.5498945
2016-09-10 13:59:30,-22.73997986478137,a3b42a90-dd42-4d67-a167-a9a1f46437ad,37.734259,-119.5498945
2016-09-22 01:59:12,11.290107195048106,a3b42a90-dd42-4d67-a167-a9a1f46437ad,37.734259,-119.5498945
2016-10-04 13:59:21,-21.983323314152948,a3b42a90-dd42-4d67-a167-a9a1f46437ad,37.734259,-119.5498945
2016-10-28 13:59:21,-22.648407003365847,a3b42a90-dd42-4d67-a167-a9a1f46437ad,37.734259,-119.5498945
2016-11-21 13:59:21,-19.19489076061713,a3b42a90-dd42-4d67-a167-a9a1f46437ad,37.734259,-119.5498945
2016-12-15 13:59:20,-22.074578227713317,a3b42a90-dd42-4d67-a167-a9a1f46437ad,37.734259,-119.5498945
2017-01-08 13:59:18,-17.277389463990374,a3b42a90-dd42-4d67-a167-a9a1f46437ad,37.734259,-119.5498945
2017-01-15 01:50:55,4.99150924048957,a3b42a90-dd42-4d67-a167-a9a1f46437ad,37.734259,-119.5498945
2017-01-20 01:59:11,8.154727009690955,a3b42a90-dd42-4d67-a167-a9a1f46437ad,37.734259,-119.5498945
2017-02-01 13:59:18,-21.21240921872754,a3b42a90-dd42-4d67-a167-a9a1f46437ad,37.734259,-119.5498945
2016-10-29 01:50:08,9.107532869463848,a3b42a90-dd42-4d67-a167-a9a1f46437ad,37.734259,-119.5498945
2016-11-03 01:58:25,7.807871896588575,a3b42a90-dd42-4d67-a167-a9a1f46437ad,37.734259,-119.5498945
2016-11-22 01:50:08,4.829828959512084,a3b42a90-dd42-4d67-a167-a9a1f46437ad,37.734259,-119.5498945
2016-11-27 01:58:25,14.978410790918673,a3b42a90-dd42-4d67-a167-a9a1f46437ad,37.734259,-119.5498945
2016-12-16 01:50:15,10.427247371734229,a3b42a90-dd42-4d67-a167-a9a1f46437ad,37.734259,-119.5498945
2016-12-21 01:58:24,7.438927798850932,a3b42a90-dd42-4d67-a167-a9a1f46437ad,37.734259,-119.5498945
2017-01-09 01:50:13,9.745066119206466,a3b42a90-dd42-4d67-a167-a9a1f46437ad,37.734259,-119.5498945
2017-01-14 01:58:13,10.420873639964812,a3b42a90-dd42-4d67-a167-a9a1f46437ad,37.734259,-119.5498945
2017-01-14 13:58:43,-22.41422425214831,a3b42a90-dd42-4d67-a167-a9a1f46437ad,37.734259,-119.5498945
2017-01-21 01:50:12,8.8701831109568,a3b42a90-dd42-4d67-a167-a9a1f46437ad,37.734259,-119.5498945
2017-01-26 01:58:29,13.317286576320154,a3b42a90-dd42-4d67-a167-a9a1f46437ad,37.734259,-119.5498945
2017-01-26 13:58:46,-20.322331573032972,a3b42a90-dd42-4d67-a167-a9a1f46437ad,37.734259,-119.5498945
2017-02-02 01:50:12,3.800071044193533,a3b42a90-dd42-4d67-a167-a9a1f46437ad,37.734259,-119.5498945
2017-02-07 01:58:22,15.756384279115306,a3b42a90-dd42-4d67-a167-a9a1f46437ad,37.734259,-119.5498945
2017-02-19 01:58:29,14.133440194361661,a3b42a90-dd42-4d67-a167-a9a1f46437ad,37.734259,-119.5498945
2017-02-26 01:50:06,2.746602134345955,a3b42a90-dd42-4d67-a167-a9a1f46437ad,37.734259,-119.5498945
2017-03-03 01:58:20,10.743199175026048,a3b42a90-dd42-4d67-a167-a9a1f46437ad,37.734259,-119.5498945
2017-03-10 01:50:07,7.488782933005219,a3b42a90-dd42-4d67-a167-a9a1f46437ad,37.734259,-119.5498945
2017-03-15 01:58:21,9.67964260452092,a3b42a90-dd42-4d67-a167-a9a1f46437ad,37.734259,-119.5498945
2017-03-27 01:58:21,14.651868430952195,a3b42a90-dd42-4d67-a167-a9a1f46437ad,37.734259,-119.5498945
2017-04-03 01:50:07,7.525514053498523,a3b42a90-dd42-4d67-a167-a9a1f46437ad,37.734259,-119.5498945
2017-04-08 01:58:21,14.471744391686723,a3b42a90-dd42-4d67-a167-a9a1f46437ad,37.734259,-119.5498945
2017-04-15 01:50:08,6.914056544975859,a3b42a90-dd42-4d67-a167-a9a1f46437ad,37.734259,-119.5498945
2017-04-20 01:58:22,11.454660043252465,a3b42a90-dd42-4d67-a167-a9a1f46437ad,37.734259,-119.5498945
2017-04-27 01:50:08,5.936237560392346,a3b42a90-dd42-4d67-a167-a9a1f46437ad,37.734259,-119.5498945
2017-05-02 01:58:23,10.023499991413129,a3b42a90-dd42-4d67-a167-a9a1f46437ad,37.734259,-119.5498945
2017-05-09 01:50:09,7.872280632690631,a3b42a90-dd42-4d67-a167-a9a1f46437ad,37.734259,-119.5498945
2017-05-14 01:58:23,7.638942048152403,a3b42a90-dd42-4d67-a167-a9a1f46437ad,37.734259,-119.5498945
2017-05-21 01:50:09,7.280317205399935,a3b42a90-dd42-4d67-a167-a9a1f46437ad,37.734259,-119.5498945
2017-05-26 01:58:24,8.513272305576283,a3b42a90-dd42-4d67-a167-a9a1f46437ad,37.734259,-119.5498945
2017-06-02 01:50:10,6.261230441828626,a3b42a90-dd42-4d67-a167-a9a1f46437ad,37.734259,-119.5498945
2017-06-07 01:58:33,7.93006669059193,a3b42a90-dd42-4d67-a167-a9a1f46437ad,37.734259,-119.5498945
2017-06-14 01:50:11,5.020482798765045,a3b42a90-dd42-4d67-a167-a9a1f46437ad,37.734259,-119.5498945
2017-06-26 01:50:12,4.69982293374769,a3b42a90-dd42-4d67-a167-a9a1f46437ad,37.734259,-119.5498945
2017-07-01 01:58:34,6.781701392839432,a3b42a90-dd42-4d67-a167-a9a1f46437ad,37.734259,-119.5498945
2017-07-08 01:50:12,4.227189584529417,a3b42a90-dd42-4d67-a167-a9a1f46437ad,37.734259,-119.5498945
2017-07-13 01:58:35,9.021888163434738,a3b42a90-dd42-4d67-a167-a9a1f46437ad,37.734259,-119.5498945
2017-07-20 01:50:13,5.910306592391126,a3b42a90-dd42-4d67-a167-a9a1f46437ad,37.734259,-119.5498945
2017-08-01 01:50:14,3.0772188232809903,a3b42a90-dd42-4d67-a167-a9a1f46437ad,37.734259,-119.5498945
2017-08-06 01:58:36,8.187359437987618,a3b42a90-dd42-4d67-a167-a9a1f46437ad,37.734259,-119.5498945
2017-08-13 01:50:14,5.637843505864755,a3b42a90-dd42-4d67-a167-a9a1f46437ad,37.734259,-119.5498945
2017-08-18 01:58:37,8.708769396379624,a3b42a90-dd42-4d67-a167-a9a1f46437ad,37.734259,-119.5498945
2017-08-25 01:50:15,5.808635530321621,a3b42a90-dd42-4d67-a167-a9a1f46437ad,37.734259,-119.5498945
2017-08-30 01:58:37,10.396484074322421,a3b42a90-dd42-4d67-a167-a9a1f46437ad,37.734259,-119.5498945
2017-09-06 01:50:15,5.028566777295658,a3b42a90-dd42-4d67-a167-a9a1f46437ad,37.734259,-119.5498945
2017-09-11 01:58:38,9.414059690435671,a3b42a90-dd42-4d67-a167-a9a1f46437ad,37.734259,-119.5498945
2017-09-18 01:50:16,5.118033540202886,a3b42a90-dd42-4d67-a167-a9a1f46437ad,37.734259,-119.5498945
2017-09-23 01:58:38,12.142678026569998,a3b42a90-dd42-4d67-a167-a9a1f46437ad,37.734259,-119.5498945
2017-09-30 01:50:16,6.433418327454904,a3b42a90-dd42-4d67-a167-a9a1f46437ad,37.734259,-119.5498945
2017-10-05 01:58:39,7.867010603583258,a3b42a90-dd42-4d67-a167-a9a1f46437ad,37.734259,-119.5498945
2017-10-12 01:50:16,5.723624449645706,a3b42a90-dd42-4d67-a167-a9a1f46437ad,37.734259,-119.5498945
2017-10-17 01:58:45,7.305753857313999,a3b42a90-dd42-4d67-a167-a9a1f46437ad,37.734259,-119.5498945
2017-10-24 01:50:16,6.825710926882004,a3b42a90-dd42-4d67-a167-a9a1f46437ad,37.734259,-119.5498945
2017-10-29 01:58:39,9.237330988970582,a3b42a90-dd42-4d67-a167-a9a1f46437ad,37.734259,-119.5498945
2017-11-05 01:50:16,7.754704570429929,a3b42a90-dd42-4d67-a167-a9a1f46437ad,37.734259,-119.5498945
2017-11-10 01:58:38,7.330967979386437,a3b42a90-dd42-4d67-a167-a9a1f46437ad,37.734259,-119.5498945
2017-11-17 01:50:16,11.420085775708785,a3b42a90-dd42-4d67-a167-a9a1f46437ad,37.734259,-119.5498945
2017-11-22 01:58:38,8.249661059992496,a3b42a90-dd42-4d67-a167-a9a1f46437ad,37.734259,-119.5498945
2017-11-29 01:50:16,6.159198916658518,a3b42a90-dd42-4d67-a167-a9a1f46437ad,37.734259,-119.5498945
2017-12-04 01:58:38,10.705525490827226,a3b42a90-dd42-4d67-a167-a9a1f46437ad,37.734259,-119.5498945
2017-12-11 01:50:15,2.307332815559865,a3b42a90-dd42-4d67-a167-a9a1f46437ad,37.734259,-119.5498945
2017-12-16 01:58:38,11.137027771635655,a3b42a90-dd42-4d67-a167-a9a1f46437ad,37.734259,-119.5498945
2017-12-23 01:50:15,4.563686962982618,a3b42a90-dd42-4d67-a167-a9a1f46437ad,37.734259,-119.5498945
2017-12-28 01:58:37,7.116884771375956,a3b42a90-dd42-4d67-a167-a9a1f46437ad,37.734259,-119.5498945
2018-01-04 01:50:14,4.44389329211966,a3b42a90-dd42-4d67-a167-a9a1f46437ad,37.734259,-119.5498945
2018-01-09 01:58:37,14.723090321141793,a3b42a90-dd42-4d67-a167-a9a1f46437ad,37.734259,-119.5498945
2018-01-16 01:50:14,6.961554255734821,a3b42a90-dd42-4d67-a167-a9a1f46437ad,37.734259,-119.5498945
2018-01-28 01:50:14,6.175902264444914,a3b42a90-dd42-4d67-a167-a9a1f46437ad,37.734259,-119.5498945
2018-02-09 01:50:13,6.226316115360281,a3b42a90-dd42-4d67-a167-a9a1f46437ad,37.734259,-119.5498945
2018-02-21 01:50:13,0.8038736347488079,a3b42a90-dd42-4d67-a167-a9a1f46437ad,37.734259,-119.5498945
2018-02-26 01:58:35,5.49501999684355,a3b42a90-dd42-4d67-a167-a9a1f46437ad,37.734259,-119.5498945
2018-03-05 01:50:13,9.399537195474254,a3b42a90-dd42-4d67-a167-a9a1f46437ad,37.734259,-119.5498945
2018-03-10 01:58:36,14.5467800841642,a3b42a90-dd42-4d67-a167-a9a1f46437ad,37.734259,-119.5498945
2018-03-17 01:50:13,11.234977722821176,a3b42a90-dd42-4d67-a167-a9a1f46437ad,37.734259,-119.5498945
2018-03-22 01:58:36,18.3325130864235,a3b42a90-dd42-4d67-a167-a9a1f46437ad,37.734259,-119.5498945
2018-04-03 01:58:36,8.695568992290193,a3b42a90-dd42-4d67-a167-a9a1f46437ad,37.734259,-119.5498945
2018-04-10 01:50:14,5.443191691681357,a3b42a90-dd42-4d67-a167-a9a1f46437ad,37.734259,-119.5498945
2018-04-22 01:50:14,7.047286629794468,a3b42a90-dd42-4d67-a167-a9a1f46437ad,37.734259,-119.5498945
2018-04-27 01:58:37,9.680649289851038,a3b42a90-dd42-4d67-a167-a9a1f46437ad,37.734259,-119.5498945
2018-05-04 01:50:15,5.851319433837441,a3b42a90-dd42-4d67-a167-a9a1f46437ad,37.734259,-119.5498945
2018-05-16 01:50:15,6.1491035175596895,a3b42a90-dd42-4d67-a167-a9a1f46437ad,37.734259,-119.5498945
2018-05-21 01:58:38,8.241645598731036,a3b42a90-dd42-4d67-a167-a9a1f46437ad,37.734259,-119.5498945
2018-05-28 01:50:16,7.664623935754301,a3b42a90-dd42-4d67-a167-a9a1f46437ad,37.734259,-119.5498945
2018-06-02 01:58:39,8.496350825831723,a3b42a90-dd42-4d67-a167-a9a1f46437ad,37.734259,-119.5498945
2018-06-09 01:50:17,6.203800797869422,a3b42a90-dd42-4d67-a167-a9a1f46437ad,37.734259,-119.5498945
2018-06-21 01:50:18,4.863866686339845,a3b42a90-dd42-4d67-a167-a9a1f46437ad,37.734259,-119.5498945
2018-07-03 01:50:19,4.324077058670914,a3b42a90-dd42-4d67-a167-a9a1f46437ad,37.734259,-119.5498945
2018-07-08 01:58:41,9.538798624762276,a3b42a90-dd42-4d67-a167-a9a1f46437ad,37.734259,-119.5498945
2018-07-15 01:50:19,5.449317748361801,a3b42a90-dd42-4d67-a167-a9a1f46437ad,37.734259,-119.5498945
2018-07-20 01:58:42,10.42742097948466,a3b42a90-dd42-4d67-a167-a9a1f46437ad,37.734259,-119.5498945
2018-07-27 01:50:20,3.5280715155779587,a3b42a90-dd42-4d67-a167-a9a1f46437ad,37.734259,-119.5498945
2018-08-01 01:58:43,8.741279798896214,a3b42a90-dd42-4d67-a167-a9a1f46437ad,37.734259,-119.5498945
2018-08-13 01:58:43,10.002786093032789,a3b42a90-dd42-4d67-a167-a9a1f46437ad,37.734259,-119.5498945
2018-08-25 01:58:44,8.333874277588617,a3b42a90-dd42-4d67-a167-a9a1f46437ad,37.734259,-119.5498945
2018-09-06 01:58:45,11.076541139368793,a3b42a90-dd42-4d67-a167-a9a1f46437ad,37.734259,-119.5498945
2018-09-18 01:58:45,11.215946084928603,a3b42a90-dd42-4d67-a167-a9a1f46437ad,37.734259,-119.5498945
2018-09-25 01:50:23,7.540971925507791,a3b42a90-dd42-4d67-a167-a9a1f46437ad,37.734259,-119.5498945
2018-09-30 01:58:45,12.500099425745779,a3b42a90-dd42-4d67-a167-a9a1f46437ad,37.734259,-119.5498945
2018-10-12 01:58:46,9.354090864874781,a3b42a90-dd42-4d67-a167-a9a1f46437ad,37.734259,-119.5498945
2018-10-24 01:58:46,7.476900573563727,a3b42a90-dd42-4d67-a167-a9a1f46437ad,37.734259,-119.5498945
2018-11-05 01:58:45,11.393290012416053,a3b42a90-dd42-4d67-a167-a9a1f46437ad,37.734259,-119.5498945
2018-11-17 01:58:45,9.64342414233556,a3b42a90-dd42-4d67-a167-a9a1f46437ad,37.734259,-119.5498945
2018-11-17 13:58:51,-25.08283419981565,a3b42a90-dd42-4d67-a167-a9a1f46437ad,37.734259,-119.5498945
2018-11-29 01:58:45,16.049240349279682,a3b42a90-dd42-4d67-a167-a9a1f46437ad,37.734259,-119.5498945
2018-12-11 01:58:44,8.581319179100742,a3b42a90-dd42-4d67-a167-a9a1f46437ad,37.734259,-119.5498945
2018-12-23 01:58:44,12.533249715454776,a3b42a90-dd42-4d67-a167-a9a1f46437ad,37.734259,-119.5498945
2018-12-30 01:50:21,1.6312086410738291,a3b42a90-dd42-4d67-a167-a9a1f46437ad,37.734259,-119.5498945
2019-01-04 01:58:43,12.591120686126919,a3b42a90-dd42-4d67-a167-a9a1f46437ad,37.734259,-119.5498945
2019-01-11 01:50:21,6.151083117901113,a3b42a90-dd42-4d67-a167-a9a1f46437ad,37.734259,-119.5498945
2019-01-16 01:58:43,13.409858663294404,a3b42a90-dd42-4d67-a167-a9a1f46437ad,37.734259,-119.5498945
2019-01-23 01:50:20,8.402215682292844,a3b42a90-dd42-4d67-a167-a9a1f46437ad,37.734259,-119.5498945
2019-01-28 01:58:43,4.986370511391956,a3b42a90-dd42-4d67-a167-a9a1f46437ad,37.734259,-119.5498945
2019-02-09 01:58:42,9.924069061423568,a3b42a90-dd42-4d67-a167-a9a1f46437ad,37.734259,-119.5498945
2019-02-21 01:58:42,9.834860176852803,a3b42a90-dd42-4d67-a167-a9a1f46437ad,37.734259,-119.5498945
2019-03-05 01:58:42,15.667661725524788,a3b42a90-dd42-4d67-a167-a9a1f46437ad,37.734259,-119.5498945
2019-03-12 01:50:20,8.658525415306006,a3b42a90-dd42-4d67-a167-a9a1f46437ad,37.734259,-119.5498945
2019-03-17 01:58:42,11.273068504514319,a3b42a90-dd42-4d67-a167-a9a1f46437ad,37.734259,-119.5498945
2019-03-24 01:50:20,13.65759556241988,a3b42a90-dd42-4d67-a167-a9a1f46437ad,37.734259,-119.5498945
2019-03-29 01:58:42,13.564569841001706,a3b42a90-dd42-4d67-a167-a9a1f46437ad,37.734259,-119.5498945
2019-04-05 01:50:20,6.191517035446779,a3b42a90-dd42-4d67-a167-a9a1f46437ad,37.734259,-119.5498945
2019-04-10 01:58:43,9.78439407883889,a3b42a90-dd42-4d67-a167-a9a1f46437ad,37.734259,-119.5498945
2019-04-17 01:50:21,9.58798071166864,a3b42a90-dd42-4d67-a167-a9a1f46437ad,37.734259,-119.5498945
2019-04-22 01:58:43,9.74263701679298,a3b42a90-dd42-4d67-a167-a9a1f46437ad,37.734259,-119.5498945
2019-04-29 01:50:21,3.2792593579455738,a3b42a90-dd42-4d67-a167-a9a1f46437ad,37.734259,-119.5498945
2019-05-04 01:58:44,9.636820556545482,a3b42a90-dd42-4d67-a167-a9a1f46437ad,37.734259,-119.5498945
2019-05-11 01:50:22,5.815465754661363,a3b42a90-dd42-4d67-a167-a9a1f46437ad,37.734259,-119.5498945
2019-05-16 01:58:44,9.69650409831351,a3b42a90-dd42-4d67-a167-a9a1f46437ad,37.734259,-119.5498945
2019-05-23 01:50:22,7.862067990471841,a3b42a90-dd42-4d67-a167-a9a1f46437ad,37.734259,-119.5498945
2019-05-28 01:58:45,12.125652596790646,a3b42a90-dd42-4d67-a167-a9a1f46437ad,37.734259,-119.5498945
2019-06-09 01:58:46,6.539320305409479,a3b42a90-dd42-4d67-a167-a9a1f46437ad,37.734259,-119.5498945
2019-06-16 01:50:24,7.471356272973954,a3b42a90-dd42-4d67-a167-a9a1f46437ad,37.734259,-119.5498945
2019-06-21 01:58:46,5.386177250216157,a3b42a90-dd42-4d67-a167-a9a1f46437ad,37.734259,-119.5498945
2019-06-28 01:50:24,6.137562736664658,a3b42a90-dd42-4d67-a167-a9a1f46437ad,37.734259,-119.5498945
2019-07-03 01:58:47,9.160068607951414,a3b42a90-dd42-4d67-a167-a9a1f46437ad,37.734259,-119.5498945
2019-07-10 01:50:25,6.63659653221551,a3b42a90-dd42-4d67-a167-a9a1f46437ad,37.734259,-119.5498945
2019-07-15 01:58:48,5.302515721126554,a3b42a90-dd42-4d67-a167-a9a1f46437ad,37.734259,-119.5498945
2019-07-22 01:50:26,5.995478841499745,a3b42a90-dd42-4d67-a167-a9a1f46437ad,37.734259,-119.5498945
2019-07-27 01:58:48,11.837097603454776,a3b42a90-dd42-4d67-a167-a9a1f46437ad,37.734259,-119.5498945
2019-08-03 01:50:26,7.792924254347035,a3b42a90-dd42-4d67-a167-a9a1f46437ad,37.734259,-119.5498945
2019-08-08 01:58:49,11.778887007115307,a3b42a90-dd42-4d67-a167-a9a1f46437ad,37.734259,-119.5498945
2019-08-15 01:50:27,7.5927063086615885,a3b42a90-dd42-4d67-a167-a9a1f46437ad,37.734259,-119.5498945
2019-08-20 01:58:50,10.33849349971052,a3b42a90-dd42-4d67-a167-a9a1f46437ad,37.734259,-119.5498945
2019-08-20 13:59:04,-21.07992637802097,a3b42a90-dd42-4d67-a167-a9a1f46437ad,37.734259,-119.5498945
2019-08-27 01:50:28,6.317120989171078,a3b42a90-dd42-4d67-a167-a9a1f46437ad,37.734259,-119.5498945
2019-09-01 01:58:50,10.50846329641086,a3b42a90-dd42-4d67-a167-a9a1f46437ad,37.734259,-119.5498945
2019-09-01 13:59:04,-20.886716977955455,a3b42a90-dd42-4d67-a167-a9a1f46437ad,37.734259,-119.5498945
2019-09-08 01:50:29,8.574697164025334,a3b42a90-dd42-4d67-a167-a9a1f46437ad,37.734259,-119.5498945
2019-09-13 01:58:51,9.568742493117428,a3b42a90-dd42-4d67-a167-a9a1f46437ad,37.734259,-119.5498945
2019-09-13 13:59:05,-21.257367364701093,a3b42a90-dd42-4d67-a167-a9a1f46437ad,37.734259,-119.5498945
2019-09-25 01:58:52,11.576619265445569,a3b42a90-dd42-4d67-a167-a9a1f46437ad,37.734259,-119.5498945
2019-09-25 13:59:05,-24.099093978715263,a3b42a90-dd42-4d67-a167-a9a1f46437ad,37.734259,-119.5498945
2019-10-02 01:50:29,8.569124114154755,a3b42a90-dd42-4d67-a167-a9a1f46437ad,37.734259,-119.5498945
2019-10-07 01:58:52,10.445286178820544,a3b42a90-dd42-4d67-a167-a9a1f46437ad,37.734259,-119.5498945
2019-10-07 13:59:05,-22.16145704116618,a3b42a90-dd42-4d67-a167-a9a1f46437ad,37.734259,-119.5498945
2019-10-14 01:50:29,6.7661019975050465,a3b42a90-dd42-4d67-a167-a9a1f46437ad,37.734259,-119.5498945
2019-10-19 01:58:52,10.750962020657617,a3b42a90-dd42-4d67-a167-a9a1f46437ad,37.734259,-119.5498945
2019-10-19 13:59:06,-20.535806209725976,a3b42a90-dd42-4d67-a167-a9a1f46437ad,37.734259,-119.5498945
2019-10-26 01:50:29,6.106851265972298,a3b42a90-dd42-4d67-a167-a9a1f46437ad,37.734259,-119.5498945
2019-10-31 01:58:52,10.368631428262457,a3b42a90-dd42-4d67-a167-a9a1f46437ad,37.734259,-119.5498945
2019-10-31 13:59:05,-21.581356317235077,a3b42a90-dd42-4d67-a167-a9a1f46437ad,37.734259,-119.5498945
2019-11-07 01:50:29,5.978882199204022,a3b42a90-dd42-4d67-a167-a9a1f46437ad,37.734259,-119.5498945
2019-11-12 01:58:52,9.474146319974778,a3b42a90-dd42-4d67-a167-a9a1f46437ad,37.734259,-119.5498945
2019-11-12 13:59:05,-30.00383331609985,a3b42a90-dd42-4d67-a167-a9a1f46437ad,37.734259,-119.5498945
2019-11-19 01:50:29,6.13118845974157,a3b42a90-dd42-4d67-a167-a9a1f46437ad,37.734259,-119.5498945
2019-11-24 01:58:52,10.445416264209488,a3b42a90-dd42-4d67-a167-a9a1f46437ad,37.734259,-119.5498945
2019-11-24 13:59:05,-20.949774518065887,a3b42a90-dd42-4d67-a167-a9a1f46437ad,37.734259,-119.5498945
2019-12-01 01:50:29,7.043369327392454,a3b42a90-dd42-4d67-a167-a9a1f46437ad,37.734259,-119.5498945
2019-12-06 01:58:51,11.857397664302155,a3b42a90-dd42-4d67-a167-a9a1f46437ad,37.734259,-119.5498945
2019-12-06 13:59:05,-24.472779217636607,a3b42a90-dd42-4d67-a167-a9a1f46437ad,37.734259,-119.5498945
2019-12-13 01:50:28,8.391752724759815,a3b42a90-dd42-4d67-a167-a9a1f46437ad,37.734259,-119.5498945
2019-12-18 01:58:51,10.98273192598273,a3b42a90-dd42-4d67-a167-a9a1f46437ad,37.734259,-119.5498945
2019-12-18 13:59:04,-22.574949893365456,a3b42a90-dd42-4d67-a167-a9a1f46437ad,37.734259,-119.5498945
2019-12-25 01:50:28,8.709469103346894,a3b42a90-dd42-4d67-a167-a9a1f46437ad,37.734259,-119.5498945
2019-12-30 01:58:50,7.3386145426877745,a3b42a90-dd42-4d67-a167-a9a1f46437ad,37.734259,-119.5498945
2019-12-30 13:59:04,-26.543026128074914,a3b42a90-dd42-4d67-a167-a9a1f46437ad,37.734259,-119.5498945
2020-01-06 01:50:27,6.367882294551399,a3b42a90-dd42-4d67-a167-a9a1f46437ad,37.734259,-119.5498945
2020-01-11 01:58:50,11.047774865471094,a3b42a90-dd42-4d67-a167-a9a1f46437ad,37.734259,-119.5498945
2020-01-11 13:59:03,-22.411211970265704,a3b42a90-dd42-4d67-a167-a9a1f46437ad,37.734259,-119.5498945
2020-01-18 01:50:27,9.430098168159194,a3b42a90-dd42-4d67-a167-a9a1f46437ad,37.734259,-119.5498945
2020-01-23 01:58:49,14.921696261870514,a3b42a90-dd42-4d67-a167-a9a1f46437ad,37.734259,-119.5498945
2020-01-23 13:59:03,-24.841006228494727,a3b42a90-dd42-4d67-a167-a9a1f46437ad,37.734259,-119.5498945
2020-01-30 01:50:26,6.912290721052149,a3b42a90-dd42-4d67-a167-a9a1f46437ad,37.734259,-119.5498945
2020-02-04 01:58:49,7.872120752199448,a3b42a90-dd42-4d67-a167-a9a1f46437ad,37.734259,-119.5498945
2020-02-04 13:59:02,-23.7874702352628,a3b42a90-dd42-4d67-a167-a9a1f46437ad,37.734259,-119.5498945
2020-02-11 01:50:26,4.691517351035726,a3b42a90-dd42-4d67-a167-a9a1f46437ad,37.734259,-119.5498945
2020-02-16 01:58:48,10.185085057292874,a3b42a90-dd42-4d67-a167-a9a1f46437ad,37.734259,-119.5498945
2020-02-16 13:59:02,-21.554031406966484,a3b42a90-dd42-4d67-a167-a9a1f46437ad,37.734259,-119.5498945
2020-02-23 01:50:26,3.030081933591818,a3b42a90-dd42-4d67-a167-a9a1f46437ad,37.734259,-119.5498945
2020-02-28 01:58:48,9.22268034738822,a3b42a90-dd42-4d67-a167-a9a1f46437ad,37.734259,-119.5498945
2020-02-28 13:59:02,-20.254136136031768,a3b42a90-dd42-4d67-a167-a9a1f46437ad,37.734259,-119.5498945
2020-03-06 01:50:26,5.866554778639407,a3b42a90-dd42-4d67-a167-a9a1f46437ad,37.734259,-119.5498945
2020-03-11 01:58:48,7.240148754988868,a3b42a90-dd42-4d67-a167-a9a1f46437ad,37.734259,-119.5498945
2020-03-11 13:59:02,-21.768196592138377,a3b42a90-dd42-4d67-a167-a9a1f46437ad,37.734259,-119.5498945
2020-03-18 01:50:26,5.848324928643458,a3b42a90-dd42-4d67-a167-a9a1f46437ad,37.734259,-119.5498945
2020-03-23 01:58:49,12.367368501288345,a3b42a90-dd42-4d67-a167-a9a1f46437ad,37.734259,-119.5498945
2020-03-23 13:59:02,-18.19680408392777,a3b42a90-dd42-4d67-a167-a9a1f46437ad,37.734259,-119.5498945
2020-04-04 01:58:49,7.370220872516629,a3b42a90-dd42-4d67-a167-a9a1f46437ad,37.734259,-119.5498945
2020-04-04 13:59:02,-20.676439540629787,a3b42a90-dd42-4d67-a167-a9a1f46437ad,37.734259,-119.5498945
2020-04-11 01:50:27,3.435296407642962,a3b42a90-dd42-4d67-a167-a9a1f46437ad,37.734259,-119.5498945
2020-04-16 01:58:49,8.753744327944693,a3b42a90-dd42-4d67-a167-a9a1f46437ad,37.734259,-119.5498945
2020-04-16 13:59:03,-22.735057392707777,a3b42a90-dd42-4d67-a167-a9a1f46437ad,37.734259,-119.5498945
2020-04-23 01:50:27,2.737377415834011,a3b42a90-dd42-4d67-a167-a9a1f46437ad,37.734259,-119.5498945
2020-04-28 01:58:50,9.983096771447586,a3b42a90-dd42-4d67-a167-a9a1f46437ad,37.734259,-119.5498945
2020-04-28 13:59:03,-19.04083065371692,a3b42a90-dd42-4d67-a167-a9a1f46437ad,37.734259,-119.5498945
2020-05-05 01:50:28,2.790487859410726,a3b42a90-dd42-4d67-a167-a9a1f46437ad,37.734259,-119.5498945
2020-05-10 01:58:50,9.8896272885442,a3b42a90-dd42-4d67-a167-a9a1f46437ad,37.734259,-119.5498945
2020-05-10 13:59:04,-19.48956302854016,a3b42a90-dd42-4d67-a167-a9a1f46437ad,37.734259,-119.5498945
2020-05-17 01:50:28,4.377983657155349,a3b42a90-dd42-4d67-a167-a9a1f46437ad,37.734259,-119.5498945
2020-05-22 01:58:51,8.513269097682224,a3b42a90-dd42-4d67-a167-a9a1f46437ad,37.734259,-119.5498945
2020-05-22 13:59:05,-24.744114464704342,a3b42a90-dd42-4d67-a167-a9a1f46437ad,37.734259,-119.5498945
2020-05-29 01:50:29,7.578701731448453,a3b42a90-dd42-4d67-a167-a9a1f46437ad,37.734259,-119.5498945
2020-06-03 01:58:52,7.241019357707126,a3b42a90-dd42-4d67-a167-a9a1f46437ad,37.734259,-119.5498945
2020-06-03 13:59:06,-22.31228687615726,a3b42a90-dd42-4d67-a167-a9a1f46437ad,37.734259,-119.5498945
2020-06-10 01:50:30,5.575135854389201,a3b42a90-dd42-4d67-a167-a9a1f46437ad,37.734259,-119.5498945
2020-06-15 01:58:53,8.797308314471653,a3b42a90-dd42-4d67-a167-a9a1f46437ad,37.734259,-119.5498945
2020-06-15 13:59:06,-19.3301396531666,a3b42a90-dd42-4d67-a167-a9a1f46437ad,37.734259,-119.5498945
2020-06-22 01:50:30,7.765004231621106,a3b42a90-dd42-4d67-a167-a9a1f46437ad,37.734259,-119.5498945
2020-06-27 01:58:53,9.06985079873905,a3b42a90-dd42-4d67-a167-a9a1f46437ad,37.734259,-119.5498945
2020-06-27 13:59:07,-25.369026665683776,a3b42a90-dd42-4d67-a167-a9a1f46437ad,37.734259,-119.5498945
2020-07-04 01:50:31,8.019986824983143,a3b42a90-dd42-4d67-a167-a9a1f46437ad,37.734259,-119.5498945
2020-07-09 01:58:54,9.325452447103794,a3b42a90-dd42-4d67-a167-a9a1f46437ad,37.734259,-119.5498945
2020-07-09 13:59:07,-23.802139856329166,a3b42a90-dd42-4d67-a167-a9a1f46437ad,37.734259,-119.5498945
2020-07-16 01:50:32,6.28074041639626,a3b42a90-dd42-4d67-a167-a9a1f46437ad,37.734259,-119.5498945
2020-07-21 01:58:55,11.868925919260766,a3b42a90-dd42-4d67-a167-a9a1f46437ad,37.734259,-119.5498945
2020-07-21 13:59:08,-22.663626608074075,a3b42a90-dd42-4d67-a167-a9a1f46437ad,37.734259,-119.5498945
2020-07-28 01:50:33,3.93462758893972,a3b42a90-dd42-4d67-a167-a9a1f46437ad,37.734259,-119.5498945
2020-08-02 01:58:55,12.321102380036024,a3b42a90-dd42-4d67-a167-a9a1f46437ad,37.734259,-119.5498945
2020-08-02 13:59:09,-19.911038585396504,a3b42a90-dd42-4d67-a167-a9a1f46437ad,37.734259,-119.5498945
2020-08-09 01:50:33,5.250348110744603,a3b42a90-dd42-4d67-a167-a9a1f46437ad,37.734259,-119.5498945
2020-08-14 01:58:56,11.129415497565029,a3b42a90-dd42-4d67-a167-a9a1f46437ad,37.734259,-119.5498945
2020-08-14 13:59:10,-22.421564748016568,a3b42a90-dd42-4d67-a167-a9a1f46437ad,37.734259,-119.5498945
2020-08-21 01:50:34,7.653270219658409,a3b42a90-dd42-4d67-a167-a9a1f46437ad,37.734259,-119.5498945
2020-08-26 01:58:57,11.534606507512756,a3b42a90-dd42-4d67-a167-a9a1f46437ad,37.734259,-119.5498945
2020-08-26 13:59:10,-23.51416145523549,a3b42a90-dd42-4d67-a167-a9a1f46437ad,37.734259,-119.5498945
2020-09-02 01:50:35,5.541066716713063,a3b42a90-dd42-4d67-a167-a9a1f46437ad,37.734259,-119.5498945
2020-09-07 01:58:57,13.774890849558563,a3b42a90-dd42-4d67-a167-a9a1f46437ad,37.734259,-119.5498945
2020-09-07 13:59:11,-23.17294594155606,a3b42a90-dd42-4d67-a167-a9a1f46437ad,37.734259,-119.5498945
2020-09-14 01:50:35,3.2571603696643576,a3b42a90-dd42-4d67-a167-a9a1f46437ad,37.734259,-119.5498945
2020-09-19 01:58:58,9.329019764796545,a3b42a90-dd42-4d67-a167-a9a1f46437ad,37.734259,-119.5498945
2020-09-19 13:59:11,-26.347316570983125,a3b42a90-dd42-4d67-a167-a9a1f46437ad,37.734259,-119.5498945
2020-09-26 01:50:35,5.698554579361283,a3b42a90-dd42-4d67-a167-a9a1f46437ad,37.734259,-119.5498945
2020-10-01 01:58:58,10.937770826456934,a3b42a90-dd42-4d67-a167-a9a1f46437ad,37.734259,-119.5498945
2020-10-01 13:59:12,-18.85817202146792,a3b42a90-dd42-4d67-a167-a9a1f46437ad,37.734259,-119.5498945
2020-10-08 01:50:36,5.1402240695101415,a3b42a90-dd42-4d67-a167-a9a1f46437ad,37.734259,-119.5498945
2020-10-13 01:58:58,9.84566394300793,a3b42a90-dd42-4d67-a167-a9a1f46437ad,37.734259,-119.5498945
2020-10-13 13:59:12,-23.55236800161762,a3b42a90-dd42-4d67-a167-a9a1f46437ad,37.734259,-119.5498945
2020-10-20 01:50:36,7.000191927661453,a3b42a90-dd42-4d67-a167-a9a1f46437ad,37.734259,-119.5498945
2020-10-25 01:58:58,9.633138691028135,a3b42a90-dd42-4d67-a167-a9a1f46437ad,37.734259,-119.5498945
2020-10-25 13:59:12,-27.13038930976344,a3b42a90-dd42-4d67-a167-a9a1f46437ad,37.734259,-119.5498945
2020-11-01 01:50:36,6.850848869639617,a3b42a90-dd42-4d67-a167-a9a1f46437ad,37.734259,-119.5498945
2020-11-06 01:58:58,11.191707118410905,a3b42a90-dd42-4d67-a167-a9a1f46437ad,37.734259,-119.5498945
2020-11-06 13:59:12,-22.983703338724695,a3b42a90-dd42-4d67-a167-a9a1f46437ad,37.734259,-119.5498945
2020-11-13 01:50:36,7.239088723128583,a3b42a90-dd42-4d67-a167-a9a1f46437ad,37.734259,-119.5498945
2020-11-18 01:58:58,10.384819546464106,a3b42a90-dd42-4d67-a167-a9a1f46437ad,37.734259,-119.5498945
2020-11-18 13:59:12,-21.33297655069679,a3b42a90-dd42-4d67-a167-a9a1f46437ad,37.734259,-119.5498945
2020-11-25 01:50:35,6.564020730635551,a3b42a90-dd42-4d67-a167-a9a1f46437ad,37.734259,-119.5498945
2020-11-30 01:58:58,11.639409360152762,a3b42a90-dd42-4d67-a167-a9a1f46437ad,37.734259,-119.5498945
2020-11-30 13:59:11,-23.14307121109199,a3b42a90-dd42-4d67-a167-a9a1f46437ad,37.734259,-119.5498945
2020-12-07 01:50:35,6.046007593631927,a3b42a90-dd42-4d67-a167-a9a1f46437ad,37.734259,-119.5498945
2020-12-12 01:58:57,10.166008392891467,a3b42a90-dd42-4d67-a167-a9a1f46437ad,37.734259,-119.5498945
2020-12-12 13:59:11,-18.254912065599328,a3b42a90-dd42-4d67-a167-a9a1f46437ad,37.734259,-119.5498945
2020-12-19 01:50:34,9.049759242785369,a3b42a90-dd42-4d67-a167-a9a1f46437ad,37.734259,-119.5498945
2020-12-24 01:58:56,12.157228686539609,a3b42a90-dd42-4d67-a167-a9a1f46437ad,37.734259,-119.5498945
2020-12-24 13:59:10,-20.8248260034297,a3b42a90-dd42-4d67-a167-a9a1f46437ad,37.734259,-119.5498945
2020-12-31 01:50:34,9.45920312318413,a3b42a90-dd42-4d67-a167-a9a1f46437ad,37.734259,-119.5498945
2021-01-05 01:58:56,15.518421985889104,a3b42a90-dd42-4d67-a167-a9a1f46437ad,37.734259,-119.5498945
2021-01-12 01:50:33,6.253433932834161,a3b42a90-dd42-4d67-a167-a9a1f46437ad,37.734259,-119.5498945
2021-01-17 01:58:55,7.603368887870699,a3b42a90-dd42-4d67-a167-a9a1f46437ad,37.734259,-119.5498945
2021-01-17 13:59:09,-21.795081643365705,a3b42a90-dd42-4d67-a167-a9a1f46437ad,37.734259,-119.5498945
2021-01-24 01:50:33,6.223932537834981,a3b42a90-dd42-4d67-a167-a9a1f46437ad,37.734259,-119.5498945
2021-01-29 01:58:55,9.361446320030671,a3b42a90-dd42-4d67-a167-a9a1f46437ad,37.734259,-119.5498945
2021-01-29 13:59:09,-22.75333930321996,a3b42a90-dd42-4d67-a167-a9a1f46437ad,37.734259,-119.5498945
2021-02-05 01:50:32,4.106253444248243,a3b42a90-dd42-4d67-a167-a9a1f46437ad,37.734259,-119.5498945
2021-02-10 01:58:55,14.68951083784834,a3b42a90-dd42-4d67-a167-a9a1f46437ad,37.734259,-119.5498945
2021-02-10 13:59:08,-24.740326409439675,a3b42a90-dd42-4d67-a167-a9a1f46437ad,37.734259,-119.5498945
2021-02-17 01:50:32,7.7741165938784675,a3b42a90-dd42-4d67-a167-a9a1f46437ad,37.734259,-119.5498945
2021-02-22 01:58:54,8.266934182732456,a3b42a90-dd42-4d67-a167-a9a1f46437ad,37.734259,-119.5498945
2021-02-22 13:59:08,-21.914826343150814,a3b42a90-dd42-4d67-a167-a9a1f46437ad,37.734259,-119.5498945
2021-03-01 01:50:32,6.125154587939718,a3b42a90-dd42-4d67-a167-a9a1f46437ad,37.734259,-119.5498945
2021-03-06 01:58:54,8.993538902441701,a3b42a90-dd42-4d67-a167-a9a1f46437ad,37.734259,-119.5498945
2021-03-06 13:59:08,-21.441587361995012,a3b42a90-dd42-4d67-a167-a9a1f46437ad,37.734259,-119.5498945
2021-03-13 01:50:32,7.533409200721622,a3b42a90-dd42-4d67-a167-a9a1f46437ad,37.734259,-119.5498945
2021-03-18 01:58:54,13.967940483721371,a3b42a90-dd42-4d67-a167-a9a1f46437ad,37.734259,-119.5498945
2021-03-18 13:59:08,-22.4810608694562,a3b42a90-dd42-4d67-a167-a9a1f46437ad,37.734259,-119.5498945
2021-03-25 01:50:32,1.9961545971535608,a3b42a90-dd42-4d67-a167-a9a1f46437ad,37.734259,-119.5498945
2021-03-30 01:58:54,8.608951292871517,a3b42a90-dd42-4d67-a167-a9a1f46437ad,37.734259,-119.5498945
2021-03-30 13:59:08,-23.19702979226475,a3b42a90-dd42-4d67-a167-a9a1f46437ad,37.734259,-119.5498945
2021-04-06 01:50:32,4.786087247462866,a3b42a90-dd42-4d67-a167-a9a1f46437ad,37.734259,-119.5498945
2021-04-11 01:58:55,9.543833271023127,a3b42a90-dd42-4d67-a167-a9a1f46437ad,37.734259,-119.5498945
2021-04-11 13:59:09,-19.13782925415339,a3b42a90-dd42-4d67-a167-a9a1f46437ad,37.734259,-119.5498945
2021-04-18 01:50:33,1.602884628415076,a3b42a90-dd42-4d67-a167-a9a1f46437ad,37.734259,-119.5498945
2021-04-23 01:58:56,8.728645354131855,a3b42a90-dd42-4d67-a167-a9a1f46437ad,37.734259,-119.5498945
2021-04-23 13:59:09,-19.16344593698166,a3b42a90-dd42-4d67-a167-a9a1f46437ad,37.734259,-119.5498945
2021-04-30 01:50:33,6.665502350588687,a3b42a90-dd42-4d67-a167-a9a1f46437ad,37.734259,-119.5498945
2021-05-05 01:58:56,8.39915698389311,a3b42a90-dd42-4d67-a167-a9a1f46437ad,37.734259,-119.5498945
2021-05-05 13:59:10,-22.202410652009902,a3b42a90-dd42-4d67-a167-a9a1f46437ad,37.734259,-119.5498945
2021-05-12 01:50:34,2.2803998621235784,a3b42a90-dd42-4d67-a167-a9a1f46437ad,37.734259,-119.5498945
2021-05-17 01:58:57,10.878109491423569,a3b42a90-dd42-4d67-a167-a9a1f46437ad,37.734259,-119.5498945
2021-05-17 13:59:10,-19.34897194020999,a3b42a90-dd42-4d67-a167-a9a1f46437ad,37.734259,-119.5498945
2021-05-24 01:50:35,4.171522378407929,a3b42a90-dd42-4d67-a167-a9a1f46437ad,37.734259,-119.5498945
2021-05-29 01:58:57,9.988395880702953,a3b42a90-dd42-4d67-a167-a9a1f46437ad,37.734259,-119.5498945
2021-05-29 13:59:11,-20.35837400281264,a3b42a90-dd42-4d67-a167-a9a1f46437ad,37.734259,-119.5498945
2021-06-05 01:50:35,5.060061922748812,a3b42a90-dd42-4d67-a167-a9a1f46437ad,37.734259,-119.5498945
2021-06-10 01:58:58,8.834176312230378,a3b42a90-dd42-4d67-a167-a9a1f46437ad,37.734259,-119.5498945
2021-06-10 13:59:12,-19.998684965421983,a3b42a90-dd42-4d67-a167-a9a1f46437ad,37.734259,-119.5498945
2021-06-17 01:50:36,5.426534638055478,a3b42a90-dd42-4d67-a167-a9a1f46437ad,37.734259,-119.5498945
2021-06-22 01:58:59,9.409820535334015,a3b42a90-dd42-4d67-a167-a9a1f46437ad,37.734259,-119.5498945
2021-06-22 13:59:12,-26.462085885537036,a3b42a90-dd42-4d67-a167-a9a1f46437ad,37.734259,-119.5498945
2021-06-29 01:50:37,5.5334816461126,a3b42a90-dd42-4d67-a167-a9a1f46437ad,37.734259,-119.5498945
2021-07-04 13:59:13,-19.91948530761334,a3b42a90-dd42-4d67-a167-a9a1f46437ad,37.734259,-119.5498945
2021-07-11 01:50:37,7.827912022372198,a3b42a90-dd42-4d67-a167-a9a1f46437ad,37.734259,-119.5498945
2021-07-16 01:59:00,13.266937954529698,a3b42a90-dd42-4d67-a167-a9a1f46437ad,37.734259,-119.5498945
2021-07-16 13:59:14,-19.013427348981143,a3b42a90-dd42-4d67-a167-a9a1f46437ad,37.734259,-119.5498945
2021-07-23 01:50:38,8.064174192927101,a3b42a90-dd42-4d67-a167-a9a1f46437ad,37.734259,-119.5498945
2021-07-28 01:59:01,10.590716277141212,a3b42a90-dd42-4d67-a167-a9a1f46437ad,37.734259,-119.5498945
2021-07-28 13:59:07,-23.350352900259693,a3b42a90-dd42-4d67-a167-a9a1f46437ad,37.734259,-119.5498945
2021-08-04 01:50:39,5.084397982635808,a3b42a90-dd42-4d67-a167-a9a1f46437ad,37.734259,-119.5498945
2021-08-09 01:59:02,8.412569624562853,a3b42a90-dd42-4d67-a167-a9a1f46437ad,37.734259,-119.5498945
2021-08-09 13:59:07,-18.295320273209832,a3b42a90-dd42-4d67-a167-a9a1f46437ad,37.734259,-119.5498945
2021-08-21 01:59:02,8.135401251477637,a3b42a90-dd42-4d67-a167-a9a1f46437ad,37.734259,-119.5498945
2021-08-21 13:59:16,-21.529426218941236,a3b42a90-dd42-4d67-a167-a9a1f46437ad,37.734259,-119.5498945
2021-08-28 01:50:40,7.022834101979916,a3b42a90-dd42-4d67-a167-a9a1f46437ad,37.734259,-119.5498945
2021-09-02 01:59:03,11.235915418528485,a3b42a90-dd42-4d67-a167-a9a1f46437ad,37.734259,-119.5498945
2021-09-02 13:59:16,-20.627343936964447,a3b42a90-dd42-4d67-a167-a9a1f46437ad,37.734259,-119.5498945
2021-09-09 01:50:41,6.171274623857176,a3b42a90-dd42-4d67-a167-a9a1f46437ad,37.734259,-119.5498945
2021-09-14 01:59:03,11.1924332661221,a3b42a90-dd42-4d67-a167-a9a1f46437ad,37.734259,-119.5498945
2021-09-14 13:59:17,-18.054015044547945,a3b42a90-dd42-4d67-a167-a9a1f46437ad,37.734259,-119.5498945
2021-09-21 01:50:41,8.294963677438599,a3b42a90-dd42-4d67-a167-a9a1f46437ad,37.734259,-119.5498945
2021-09-26 01:59:04,13.062405492668582,a3b42a90-dd42-4d67-a167-a9a1f46437ad,37.734259,-119.5498945
2021-09-26 13:59:17,-18.81507967079145,a3b42a90-dd42-4d67-a167-a9a1f46437ad,37.734259,-119.5498945
2021-10-03 01:50:42,6.3303072125238735,a3b42a90-dd42-4d67-a167-a9a1f46437ad,37.734259,-119.5498945
2021-10-08 01:59:04,11.901417772264038,a3b42a90-dd42-4d67-a167-a9a1f46437ad,37.734259,-119.5498945
2021-10-08 13:59:17,-20.42310549159568,a3b42a90-dd42-4d67-a167-a9a1f46437ad,37.734259,-119.5498945
2021-10-15 01:50:42,1.445332986573783,a3b42a90-dd42-4d67-a167-a9a1f46437ad,37.734259,-119.5498945
2021-10-20 01:59:04,8.140670221488165,a3b42a90-dd42-4d67-a167-a9a1f46437ad,37.734259,-119.5498945
2021-10-20 13:59:18,-23.240992467724624,a3b42a90-dd42-4d67-a167-a9a1f46437ad,37.734259,-119.5498945
2021-10-27 01:50:42,6.3957118179826615,a3b42a90-dd42-4d67-a167-a9a1f46437ad,37.734259,-119.5498945
2021-11-01 01:59:04,7.809403070376293,a3b42a90-dd42-4d67-a167-a9a1f46437ad,37.734259,-119.5498945
2021-11-01 13:59:18,-20.101240919203146,a3b42a90-dd42-4d67-a167-a9a1f46437ad,37.734259,-119.5498945
2021-11-08 01:50:41,4.803188956029442,a3b42a90-dd42-4d67-a167-a9a1f46437ad,37.734259,-119.5498945
2021-11-13 01:59:04,12.329194787433789,a3b42a90-dd42-4d67-a167-a9a1f46437ad,37.734259,-119.5498945
2021-11-13 13:59:17,-17.561548266030652,a3b42a90-dd42-4d67-a167-a9a1f46437ad,37.734259,-119.5498945
2021-11-20 01:50:41,5.232492225110343,a3b42a90-dd42-4d67-a167-a9a1f46437ad,37.734259,-119.5498945
2021-11-25 01:59:03,11.309680367220166,a3b42a90-dd42-4d67-a167-a9a1f46437ad,37.734259,-119.5498945
2021-11-25 13:59:17,-21.844309032734277,a3b42a90-dd42-4d67-a167-a9a1f46437ad,37.734259,-119.5498945
2021-12-02 01:50:41,4.732685715848583,a3b42a90-dd42-4d67-a167-a9a1f46437ad,37.734259,-119.5498945
2021-12-07 01:59:03,10.054103305441021,a3b42a90-dd42-4d67-a167-a9a1f46437ad,37.734259,-119.5498945
2021-12-07 13:59:16,-24.33668288469868,a3b42a90-dd42-4d67-a167-a9a1f46437ad,37.734259,-119.5498945
2021-12-14 01:50:40,4.866009208482286,a3b42a90-dd42-4d67-a167-a9a1f46437ad,37.734259,-119.5498945
2021-12-19 01:59:02,15.164305931387194,a3b42a90-dd42-4d67-a167-a9a1f46437ad,37.734259,-119.5498945
2021-12-19 13:59:16,-23.333227512155265,a3b42a90-dd42-4d67-a167-a9a1f46437ad,37.734259,-119.5498945
2016-10-05 01:50:08,5.4080504227654025,a3b42a90-dd42-4d67-a167-a9a1f46437ad,37.734259,-119.5498945
2016-10-10 01:58:25,11.156116288358788,a3b42a90-dd42-4d67-a167-a9a1f46437ad,37.734259,-119.5498945
