date,mod10a1_ndsi,cell_id,latitude,longitude
2020-01-01,3020,950cb064-c6c0-4151-a05a-20d75d7bb536,47.9524825,-123.5743475
2020-01-02,4043,950cb064-c6c0-4151-a05a-20d75d7bb536,47.9524825,-123.5743475
2020-01-03,2323,950cb064-c6c0-4151-a05a-20d75d7bb536,47.9524825,-123.5743475
2020-01-04,3947,950cb064-c6c0-4151-a05a-20d75d7bb536,47.9524825,-123.5743475
2020-01-05,2614,950cb064-c6c0-4151-a05a-20d75d7bb536,47.9524825,-123.5743475
2020-01-06,4266,950cb064-c6c0-4151-a05a-20d75d7bb536,47.9524825,-123.5743475
2020-01-07,4556,950cb064-c6c0-4151-a05a-20d75d7bb536,47.9524825,-123.5743475
2020-01-08,2609,950cb064-c6c0-4151-a05a-20d75d7bb536,47.9524825,-123.5743475
2020-01-09,2126,950cb064-c6c0-4151-a05a-20d75d7bb536,47.9524825,-123.5743475
2020-01-10,3436,950cb064-c6c0-4151-a05a-20d75d7bb536,47.9524825,-123.5743475
2020-01-11,1463,950cb064-c6c0-4151-a05a-20d75d7bb536,47.9524825,-123.5743475
2020-01-12,3890,950cb064-c6c0-4151-a05a-20d75d7bb536,47.9524825,-123.5743475
2020-01-13,2739,950cb064-c6c0-4151-a05a-20d75d7bb536,47.9524825,-123.5743475
2020-01-14,3117,950cb064-c6c0-4151-a05a-20d75d7bb536,47.9524825,-123.5743475
2020-01-15,2831,950cb064-c6c0-4151-a05a-20d75d7bb536,47.9524825,-123.5743475
2020-01-16,2641,950cb064-c6c0-4151-a05a-20d75d7bb536,47.9524825,-123.5743475
2020-01-17,1126,950cb064-c6c0-4151-a05a-20d75d7bb536,47.9524825,-123.5743475
2020-01-18,2133,950cb064-c6c0-4151-a05a-20d75d7bb536,47.9524825,-123.5743475
2020-01-19,565,950cb064-c6c0-4151-a05a-20d75d7bb536,47.9524825,-123.5743475
2020-01-20,767,950cb064-c6c0-4151-a05a-20d75d7bb536,47.9524825,-123.5743475
2020-01-21,4513,950cb064-c6c0-4151-a05a-20d75d7bb536,47.9524825,-123.5743475
2020-01-22,4556,950cb064-c6c0-4151-a05a-20d75d7bb536,47.9524825,-123.5743475
2020-01-23,3381,950cb064-c6c0-4151-a05a-20d75d7bb536,47.9524825,-123.5743475
2020-01-24,5083,950cb064-c6c0-4151-a05a-20d75d7bb536,47.9524825,-123.5743475
2020-01-25,5177,950cb064-c6c0-4151-a05a-20d75d7bb536,47.9524825,-123.5743475
2020-01-26,2960,950cb064-c6c0-4151-a05a-20d75d7bb536,47.9524825,-123.5743475
2020-01-27,3418,950cb064-c6c0-4151-a05a-20d75d7bb536,47.9524825,-123.5743475
2020-01-28,3968,950cb064-c6c0-4151-a05a-20d75d7bb536,47.9524825,-123.5743475
2020-01-29,4135,950cb064-c6c0-4151-a05a-20d75d7bb536,47.9524825,-123.5743475
2020-01-30,1314,950cb064-c6c0-4151-a05a-20d75d7bb536,47.9524825,-123.5743475
2020-01-31,2561,950cb064-c6c0-4151-a05a-20d75d7bb536,47.9524825,-123.5743475
2020-02-01,2942,950cb064-c6c0-4151-a05a-20d75d7bb536,47.9524825,-123.5743475
2020-02-02,3016,950cb064-c6c0-4151-a05a-20d75d7bb536,47.9524825,-123.5743475
2020-02-03,350,950cb064-c6c0-4151-a05a-20d75d7bb536,47.9524825,-123.5743475
2020-02-04,2283,950cb064-c6c0-4151-a05a-20d75d7bb536,47.9524825,-123.5743475
2020-02-05,4517,950cb064-c6c0-4151-a05a-20d75d7bb536,47.9524825,-123.5743475
2020-02-06,2872,950cb064-c6c0-4151-a05a-20d75d7bb536,47.9524825,-123.5743475
2020-02-07,1712,950cb064-c6c0-4151-a05a-20d75d7bb536,47.9524825,-123.5743475
2020-02-08,3317,950cb064-c6c0-4151-a05a-20d75d7bb536,47.9524825,-123.5743475
2020-02-09,1155,950cb064-c6c0-4151-a05a-20d75d7bb536,47.9524825,-123.5743475
2020-02-10,2076,950cb064-c6c0-4151-a05a-20d75d7bb536,47.9524825,-123.5743475
2020-02-11,1050,950cb064-c6c0-4151-a05a-20d75d7bb536,47.9524825,-123.5743475
2020-02-12,2903,950cb064-c6c0-4151-a05a-20d75d7bb536,47.9524825,-123.5743475
2020-02-13,1568,950cb064-c6c0-4151-a05a-20d75d7bb536,47.9524825,-123.5743475
2020-02-14,902,950cb064-c6c0-4151-a05a-20d75d7bb536,47.9524825,-123.5743475
2020-02-15,1575,950cb064-c6c0-4151-a05a-20d75d7bb536,47.9524825,-123.5743475
2020-02-16,4665,950cb064-c6c0-4151-a05a-20d75d7bb536,47.9524825,-123.5743475
2020-02-17,220,950cb064-c6c0-4151-a05a-20d75d7bb536,47.9524825,-123.5743475
2020-02-18,1828,950cb064-c6c0-4151-a05a-20d75d7bb536,47.9524825,-123.5743475
2020-02-19,401,950cb064-c6c0-4151-a05a-20d75d7bb536,47.9524825,-123.5743475
2020-02-20,1488,950cb064-c6c0-4151-a05a-20d75d7bb536,47.9524825,-123.5743475
2020-02-21,2766,950cb064-c6c0-4151-a05a-20d75d7bb536,47.9524825,-123.5743475
2020-02-22,2387,950cb064-c6c0-4151-a05a-20d75d7bb536,47.9524825,-123.5743475
2020-02-23,5139,950cb064-c6c0-4151-a05a-20d75d7bb536,47.9524825,-123.5743475
2020-02-24,1745,950cb064-c6c0-4151-a05a-20d75d7bb536,47.9524825,-123.5743475
2020-02-25,377,950cb064-c6c0-4151-a05a-20d75d7bb536,47.9524825,-123.5743475
2020-02-26,-440,950cb064-c6c0-4151-a05a-20d75d7bb536,47.9524825,-123.5743475
2020-02-27,1566,950cb064-c6c0-4151-a05a-20d75d7bb536,47.9524825,-123.5743475
2020-02-28,2571,950cb064-c6c0-4151-a05a-20d75d7bb536,47.9524825,-123.5743475
2020-02-29,2708,950cb064-c6c0-4151-a05a-20d75d7bb536,47.9524825,-123.5743475
2020-03-01,455,950cb064-c6c0-4151-a05a-20d75d7bb536,47.9524825,-123.5743475
2020-03-02,1434,950cb064-c6c0-4151-a05a-20d75d7bb536,47.9524825,-123.5743475
2020-03-03,-100,950cb064-c6c0-4151-a05a-20d75d7bb536,47.9524825,-123.5743475
2020-03-04,972,950cb064-c6c0-4151-a05a-20d75d7bb536,47.9524825,-123.5743475
2020-03-05,1654,950cb064-c6c0-4151-a05a-20d75d7bb536,47.9524825,-123.5743475
2020-03-06,258,950cb064-c6c0-4151-a05a-20d75d7bb536,47.9524825,-123.5743475
2020-03-07,1479,950cb064-c6c0-4151-a05a-20d75d7bb536,47.9524825,-123.5743475
2020-03-08,1881,950cb064-c6c0-4151-a05a-20d75d7bb536,47.9524825,-123.5743475
2020-03-09,1321,950cb064-c6c0-4151-a05a-20d75d7bb536,47.9524825,-123.5743475
2020-03-10,1008,950cb064-c6c0-4151-a05a-20d75d7bb536,47.9524825,-123.5743475
2020-03-11,-759,950cb064-c6c0-4151-a05a-20d75d7bb536,47.9524825,-123.5743475
2020-03-12,-490,950cb064-c6c0-4151-a05a-20d75d7bb536,47.9524825,-123.5743475
2020-03-13,4722,950cb064-c6c0-4151-a05a-20d75d7bb536,47.9524825,-123.5743475
2020-03-14,3325,950cb064-c6c0-4151-a05a-20d75d7bb536,47.9524825,-123.5743475
2020-03-15,-1317,950cb064-c6c0-4151-a05a-20d75d7bb536,47.9524825,-123.5743475
2020-03-16,-61,950cb064-c6c0-4151-a05a-20d75d7bb536,47.9524825,-123.5743475
2020-03-17,3803,950cb064-c6c0-4151-a05a-20d75d7bb536,47.9524825,-123.5743475
2020-03-18,-532,950cb064-c6c0-4151-a05a-20d75d7bb536,47.9524825,-123.5743475
2020-03-19,-764,950cb064-c6c0-4151-a05a-20d75d7bb536,47.9524825,-123.5743475
2020-03-20,-1753,950cb064-c6c0-4151-a05a-20d75d7bb536,47.9524825,-123.5743475
2020-03-21,182,950cb064-c6c0-4151-a05a-20d75d7bb536,47.9524825,-123.5743475
2020-03-22,2255,950cb064-c6c0-4151-a05a-20d75d7bb536,47.9524825,-123.5743475
2020-03-23,3229,950cb064-c6c0-4151-a05a-20d75d7bb536,47.9524825,-123.5743475
2020-03-24,3394,950cb064-c6c0-4151-a05a-20d75d7bb536,47.9524825,-123.5743475
2020-03-25,471,950cb064-c6c0-4151-a05a-20d75d7bb536,47.9524825,-123.5743475
2020-03-26,232,950cb064-c6c0-4151-a05a-20d75d7bb536,47.9524825,-123.5743475
2020-03-27,404,950cb064-c6c0-4151-a05a-20d75d7bb536,47.9524825,-123.5743475
2020-03-28,3406,950cb064-c6c0-4151-a05a-20d75d7bb536,47.9524825,-123.5743475
2020-03-29,440,950cb064-c6c0-4151-a05a-20d75d7bb536,47.9524825,-123.5743475
2020-03-30,3094,950cb064-c6c0-4151-a05a-20d75d7bb536,47.9524825,-123.5743475
2020-03-31,2943,950cb064-c6c0-4151-a05a-20d75d7bb536,47.9524825,-123.5743475
2020-04-01,1093,950cb064-c6c0-4151-a05a-20d75d7bb536,47.9524825,-123.5743475
2020-04-02,717,950cb064-c6c0-4151-a05a-20d75d7bb536,47.9524825,-123.5743475
2020-04-03,1101,950cb064-c6c0-4151-a05a-20d75d7bb536,47.9524825,-123.5743475
2020-04-04,455,950cb064-c6c0-4151-a05a-20d75d7bb536,47.9524825,-123.5743475
2020-04-05,202,950cb064-c6c0-4151-a05a-20d75d7bb536,47.9524825,-123.5743475
2020-04-06,1574,950cb064-c6c0-4151-a05a-20d75d7bb536,47.9524825,-123.5743475
2020-04-07,-1481,950cb064-c6c0-4151-a05a-20d75d7bb536,47.9524825,-123.5743475
2020-04-08,55,950cb064-c6c0-4151-a05a-20d75d7bb536,47.9524825,-123.5743475
2020-04-09,-2241,950cb064-c6c0-4151-a05a-20d75d7bb536,47.9524825,-123.5743475
2020-04-10,184,950cb064-c6c0-4151-a05a-20d75d7bb536,47.9524825,-123.5743475
2020-04-11,-466,950cb064-c6c0-4151-a05a-20d75d7bb536,47.9524825,-123.5743475
2020-04-12,-1830,950cb064-c6c0-4151-a05a-20d75d7bb536,47.9524825,-123.5743475
2020-04-13,-1576,950cb064-c6c0-4151-a05a-20d75d7bb536,47.9524825,-123.5743475
2020-04-14,-2225,950cb064-c6c0-4151-a05a-20d75d7bb536,47.9524825,-123.5743475
2020-04-15,-296,950cb064-c6c0-4151-a05a-20d75d7bb536,47.9524825,-123.5743475
2020-04-16,-1404,950cb064-c6c0-4151-a05a-20d75d7bb536,47.9524825,-123.5743475
2020-04-17,3572,950cb064-c6c0-4151-a05a-20d75d7bb536,47.9524825,-123.5743475
2020-04-18,-279,950cb064-c6c0-4151-a05a-20d75d7bb536,47.9524825,-123.5743475
2020-04-19,534,950cb064-c6c0-4151-a05a-20d75d7bb536,47.9524825,-123.5743475
2020-04-20,-763,950cb064-c6c0-4151-a05a-20d75d7bb536,47.9524825,-123.5743475
2020-04-21,-844,950cb064-c6c0-4151-a05a-20d75d7bb536,47.9524825,-123.5743475
2020-04-22,6084,950cb064-c6c0-4151-a05a-20d75d7bb536,47.9524825,-123.5743475
2020-04-23,2590,950cb064-c6c0-4151-a05a-20d75d7bb536,47.9524825,-123.5743475
2020-04-24,306,950cb064-c6c0-4151-a05a-20d75d7bb536,47.9524825,-123.5743475
2020-04-25,-1069,950cb064-c6c0-4151-a05a-20d75d7bb536,47.9524825,-123.5743475
2020-04-26,2740,950cb064-c6c0-4151-a05a-20d75d7bb536,47.9524825,-123.5743475
2020-04-27,1519,950cb064-c6c0-4151-a05a-20d75d7bb536,47.9524825,-123.5743475
2020-04-28,1700,950cb064-c6c0-4151-a05a-20d75d7bb536,47.9524825,-123.5743475
2020-04-29,781,950cb064-c6c0-4151-a05a-20d75d7bb536,47.9524825,-123.5743475
2020-04-30,772,950cb064-c6c0-4151-a05a-20d75d7bb536,47.9524825,-123.5743475
2020-05-01,-181,950cb064-c6c0-4151-a05a-20d75d7bb536,47.9524825,-123.5743475
2020-05-02,5020,950cb064-c6c0-4151-a05a-20d75d7bb536,47.9524825,-123.5743475
2020-05-03,1458,950cb064-c6c0-4151-a05a-20d75d7bb536,47.9524825,-123.5743475
2020-05-04,2532,950cb064-c6c0-4151-a05a-20d75d7bb536,47.9524825,-123.5743475
2020-05-05,-325,950cb064-c6c0-4151-a05a-20d75d7bb536,47.9524825,-123.5743475
2020-05-06,1269,950cb064-c6c0-4151-a05a-20d75d7bb536,47.9524825,-123.5743475
2020-05-07,-1484,950cb064-c6c0-4151-a05a-20d75d7bb536,47.9524825,-123.5743475
2020-05-08,-819,950cb064-c6c0-4151-a05a-20d75d7bb536,47.9524825,-123.5743475
2020-05-09,-1634,950cb064-c6c0-4151-a05a-20d75d7bb536,47.9524825,-123.5743475
2020-05-10,486,950cb064-c6c0-4151-a05a-20d75d7bb536,47.9524825,-123.5743475
2020-05-11,1323,950cb064-c6c0-4151-a05a-20d75d7bb536,47.9524825,-123.5743475
2020-05-12,1646,950cb064-c6c0-4151-a05a-20d75d7bb536,47.9524825,-123.5743475
2020-05-13,319,950cb064-c6c0-4151-a05a-20d75d7bb536,47.9524825,-123.5743475
2020-05-14,2025,950cb064-c6c0-4151-a05a-20d75d7bb536,47.9524825,-123.5743475
2020-05-15,-739,950cb064-c6c0-4151-a05a-20d75d7bb536,47.9524825,-123.5743475
2020-05-16,4646,950cb064-c6c0-4151-a05a-20d75d7bb536,47.9524825,-123.5743475
2020-05-17,1672,950cb064-c6c0-4151-a05a-20d75d7bb536,47.9524825,-123.5743475
2020-05-18,-1714,950cb064-c6c0-4151-a05a-20d75d7bb536,47.9524825,-123.5743475
2020-05-19,-464,950cb064-c6c0-4151-a05a-20d75d7bb536,47.9524825,-123.5743475
2020-05-20,786,950cb064-c6c0-4151-a05a-20d75d7bb536,47.9524825,-123.5743475
2020-05-21,1508,950cb064-c6c0-4151-a05a-20d75d7bb536,47.9524825,-123.5743475
2020-05-22,-1112,950cb064-c6c0-4151-a05a-20d75d7bb536,47.9524825,-123.5743475
2020-05-23,-1139,950cb064-c6c0-4151-a05a-20d75d7bb536,47.9524825,-123.5743475
2020-05-24,910,950cb064-c6c0-4151-a05a-20d75d7bb536,47.9524825,-123.5743475
2020-05-25,3862,950cb064-c6c0-4151-a05a-20d75d7bb536,47.9524825,-123.5743475
2020-05-26,-29,950cb064-c6c0-4151-a05a-20d75d7bb536,47.9524825,-123.5743475
2020-05-27,-2047,950cb064-c6c0-4151-a05a-20d75d7bb536,47.9524825,-123.5743475
2020-05-28,-336,950cb064-c6c0-4151-a05a-20d75d7bb536,47.9524825,-123.5743475
2020-05-29,-793,950cb064-c6c0-4151-a05a-20d75d7bb536,47.9524825,-123.5743475
2020-05-30,4945,950cb064-c6c0-4151-a05a-20d75d7bb536,47.9524825,-123.5743475
2020-05-31,-270,950cb064-c6c0-4151-a05a-20d75d7bb536,47.9524825,-123.5743475
2020-06-01,-1341,950cb064-c6c0-4151-a05a-20d75d7bb536,47.9524825,-123.5743475
2020-06-02,1742,950cb064-c6c0-4151-a05a-20d75d7bb536,47.9524825,-123.5743475
2020-06-03,-1278,950cb064-c6c0-4151-a05a-20d75d7bb536,47.9524825,-123.5743475
2020-06-04,1995,950cb064-c6c0-4151-a05a-20d75d7bb536,47.9524825,-123.5743475
2020-06-05,-94,950cb064-c6c0-4151-a05a-20d75d7bb536,47.9524825,-123.5743475
2020-06-06,6628,950cb064-c6c0-4151-a05a-20d75d7bb536,47.9524825,-123.5743475
2020-06-07,123,950cb064-c6c0-4151-a05a-20d75d7bb536,47.9524825,-123.5743475
2020-06-08,589,950cb064-c6c0-4151-a05a-20d75d7bb536,47.9524825,-123.5743475
2020-06-09,782,950cb064-c6c0-4151-a05a-20d75d7bb536,47.9524825,-123.5743475
2020-06-10,1299,950cb064-c6c0-4151-a05a-20d75d7bb536,47.9524825,-123.5743475
2020-06-11,545,950cb064-c6c0-4151-a05a-20d75d7bb536,47.9524825,-123.5743475
2020-06-12,1376,950cb064-c6c0-4151-a05a-20d75d7bb536,47.9524825,-123.5743475
2020-06-13,2215,950cb064-c6c0-4151-a05a-20d75d7bb536,47.9524825,-123.5743475
2020-06-14,-1489,950cb064-c6c0-4151-a05a-20d75d7bb536,47.9524825,-123.5743475
2020-06-15,1063,950cb064-c6c0-4151-a05a-20d75d7bb536,47.9524825,-123.5743475
2020-06-16,189,950cb064-c6c0-4151-a05a-20d75d7bb536,47.9524825,-123.5743475
2020-06-17,-1477,950cb064-c6c0-4151-a05a-20d75d7bb536,47.9524825,-123.5743475
2020-06-18,3034,950cb064-c6c0-4151-a05a-20d75d7bb536,47.9524825,-123.5743475
2020-06-19,381,950cb064-c6c0-4151-a05a-20d75d7bb536,47.9524825,-123.5743475
2020-06-20,2754,950cb064-c6c0-4151-a05a-20d75d7bb536,47.9524825,-123.5743475
2020-06-21,-1258,950cb064-c6c0-4151-a05a-20d75d7bb536,47.9524825,-123.5743475
2020-06-22,-790,950cb064-c6c0-4151-a05a-20d75d7bb536,47.9524825,-123.5743475
2020-06-23,-379,950cb064-c6c0-4151-a05a-20d75d7bb536,47.9524825,-123.5743475
2020-06-24,-1477,950cb064-c6c0-4151-a05a-20d75d7bb536,47.9524825,-123.5743475
2020-06-25,-640,950cb064-c6c0-4151-a05a-20d75d7bb536,47.9524825,-123.5743475
2020-06-26,-1850,950cb064-c6c0-4151-a05a-20d75d7bb536,47.9524825,-123.5743475
2020-06-27,531,950cb064-c6c0-4151-a05a-20d75d7bb536,47.9524825,-123.5743475
2020-06-28,-2181,950cb064-c6c0-4151-a05a-20d75d7bb536,47.9524825,-123.5743475
2020-06-29,-797,950cb064-c6c0-4151-a05a-20d75d7bb536,47.9524825,-123.5743475
2020-06-30,-1592,950cb064-c6c0-4151-a05a-20d75d7bb536,47.9524825,-123.5743475
2020-07-01,-90,950cb064-c6c0-4151-a05a-20d75d7bb536,47.9524825,-123.5743475
2020-07-02,254,950cb064-c6c0-4151-a05a-20d75d7bb536,47.9524825,-123.5743475
2020-07-03,3745,950cb064-c6c0-4151-a05a-20d75d7bb536,47.9524825,-123.5743475
2020-07-04,1028,950cb064-c6c0-4151-a05a-20d75d7bb536,47.9524825,-123.5743475
2020-07-05,-1995,950cb064-c6c0-4151-a05a-20d75d7bb536,47.9524825,-123.5743475
2020-07-06,1683,950cb064-c6c0-4151-a05a-20d75d7bb536,47.9524825,-123.5743475
2020-07-07,840,950cb064-c6c0-4151-a05a-20d75d7bb536,47.9524825,-123.5743475
2020-07-08,576,950cb064-c6c0-4151-a05a-20d75d7bb536,47.9524825,-123.5743475
2020-07-09,996,950cb064-c6c0-4151-a05a-20d75d7bb536,47.9524825,-123.5743475
2020-07-10,-857,950cb064-c6c0-4151-a05a-20d75d7bb536,47.9524825,-123.5743475
2020-07-11,4425,950cb064-c6c0-4151-a05a-20d75d7bb536,47.9524825,-123.5743475
2020-07-12,-1865,950cb064-c6c0-4151-a05a-20d75d7bb536,47.9524825,-123.5743475
2020-07-13,135,950cb064-c6c0-4151-a05a-20d75d7bb536,47.9524825,-123.5743475
2020-07-14,-2406,950cb064-c6c0-4151-a05a-20d75d7bb536,47.9524825,-123.5743475
2020-07-15,-200,950cb064-c6c0-4151-a05a-20d75d7bb536,47.9524825,-123.5743475
2020-07-16,-1450,950cb064-c6c0-4151-a05a-20d75d7bb536,47.9524825,-123.5743475
2020-07-17,-627,950cb064-c6c0-4151-a05a-20d75d7bb536,47.9524825,-123.5743475
2020-07-18,-1374,950cb064-c6c0-4151-a05a-20d75d7bb536,47.9524825,-123.5743475
2020-07-19,-2046,950cb064-c6c0-4151-a05a-20d75d7bb536,47.9524825,-123.5743475
2020-07-20,1084,950cb064-c6c0-4151-a05a-20d75d7bb536,47.9524825,-123.5743475
2020-07-21,-2100,950cb064-c6c0-4151-a05a-20d75d7bb536,47.9524825,-123.5743475
2020-07-22,-471,950cb064-c6c0-4151-a05a-20d75d7bb536,47.9524825,-123.5743475
2020-07-23,-2374,950cb064-c6c0-4151-a05a-20d75d7bb536,47.9524825,-123.5743475
2020-07-24,-531,950cb064-c6c0-4151-a05a-20d75d7bb536,47.9524825,-123.5743475
2020-07-25,-1585,950cb064-c6c0-4151-a05a-20d75d7bb536,47.9524825,-123.5743475
2020-07-26,-1259,950cb064-c6c0-4151-a05a-20d75d7bb536,47.9524825,-123.5743475
2020-07-27,-943,950cb064-c6c0-4151-a05a-20d75d7bb536,47.9524825,-123.5743475
2020-07-28,-1885,950cb064-c6c0-4151-a05a-20d75d7bb536,47.9524825,-123.5743475
2020-07-29,-927,950cb064-c6c0-4151-a05a-20d75d7bb536,47.9524825,-123.5743475
2020-07-30,-2343,950cb064-c6c0-4151-a05a-20d75d7bb536,47.9524825,-123.5743475
2020-07-31,803,950cb064-c6c0-4151-a05a-20d75d7bb536,47.9524825,-123.5743475
2020-08-01,-1089,950cb064-c6c0-4151-a05a-20d75d7bb536,47.9524825,-123.5743475
2020-08-02,-340,950cb064-c6c0-4151-a05a-20d75d7bb536,47.9524825,-123.5743475
2020-08-03,-583,950cb064-c6c0-4151-a05a-20d75d7bb536,47.9524825,-123.5743475
2020-08-04,-1422,950cb064-c6c0-4151-a05a-20d75d7bb536,47.9524825,-123.5743475
2020-08-05,274,950cb064-c6c0-4151-a05a-20d75d7bb536,47.9524825,-123.5743475
2020-08-06,1484,950cb064-c6c0-4151-a05a-20d75d7bb536,47.9524825,-123.5743475
2020-08-07,153,950cb064-c6c0-4151-a05a-20d75d7bb536,47.9524825,-123.5743475
2020-08-08,-1287,950cb064-c6c0-4151-a05a-20d75d7bb536,47.9524825,-123.5743475
2020-08-09,-1326,950cb064-c6c0-4151-a05a-20d75d7bb536,47.9524825,-123.5743475
2020-08-10,-1327,950cb064-c6c0-4151-a05a-20d75d7bb536,47.9524825,-123.5743475
2020-08-11,-1177,950cb064-c6c0-4151-a05a-20d75d7bb536,47.9524825,-123.5743475
2020-08-12,-283,950cb064-c6c0-4151-a05a-20d75d7bb536,47.9524825,-123.5743475
2020-08-13,-2233,950cb064-c6c0-4151-a05a-20d75d7bb536,47.9524825,-123.5743475
2020-08-14,-193,950cb064-c6c0-4151-a05a-20d75d7bb536,47.9524825,-123.5743475
2020-08-15,-2572,950cb064-c6c0-4151-a05a-20d75d7bb536,47.9524825,-123.5743475
2020-08-16,-887,950cb064-c6c0-4151-a05a-20d75d7bb536,47.9524825,-123.5743475
2020-08-17,-1836,950cb064-c6c0-4151-a05a-20d75d7bb536,47.9524825,-123.5743475
2020-08-18,-1342,950cb064-c6c0-4151-a05a-20d75d7bb536,47.9524825,-123.5743475
2020-08-19,474,950cb064-c6c0-4151-a05a-20d75d7bb536,47.9524825,-123.5743475
2020-08-20,2968,950cb064-c6c0-4151-a05a-20d75d7bb536,47.9524825,-123.5743475
2020-08-21,4356,950cb064-c6c0-4151-a05a-20d75d7bb536,47.9524825,-123.5743475
2020-08-22,-2191,950cb064-c6c0-4151-a05a-20d75d7bb536,47.9524825,-123.5743475
2020-08-23,1481,950cb064-c6c0-4151-a05a-20d75d7bb536,47.9524825,-123.5743475
2020-08-24,-1506,950cb064-c6c0-4151-a05a-20d75d7bb536,47.9524825,-123.5743475
2020-08-25,-405,950cb064-c6c0-4151-a05a-20d75d7bb536,47.9524825,-123.5743475
2020-08-26,-1910,950cb064-c6c0-4151-a05a-20d75d7bb536,47.9524825,-123.5743475
2020-08-27,-1380,950cb064-c6c0-4151-a05a-20d75d7bb536,47.9524825,-123.5743475
2020-08-28,-1129,950cb064-c6c0-4151-a05a-20d75d7bb536,47.9524825,-123.5743475
2020-08-29,-1746,950cb064-c6c0-4151-a05a-20d75d7bb536,47.9524825,-123.5743475
2020-08-30,-732,950cb064-c6c0-4151-a05a-20d75d7bb536,47.9524825,-123.5743475
2020-08-31,-354,950cb064-c6c0-4151-a05a-20d75d7bb536,47.9524825,-123.5743475
2020-09-01,-616,950cb064-c6c0-4151-a05a-20d75d7bb536,47.9524825,-123.5743475
2020-09-02,-1500,950cb064-c6c0-4151-a05a-20d75d7bb536,47.9524825,-123.5743475
2020-09-03,-53,950cb064-c6c0-4151-a05a-20d75d7bb536,47.9524825,-123.5743475
2020-09-04,1311,950cb064-c6c0-4151-a05a-20d75d7bb536,47.9524825,-123.5743475
2020-09-05,-429,950cb064-c6c0-4151-a05a-20d75d7bb536,47.9524825,-123.5743475
2020-09-06,-62,950cb064-c6c0-4151-a05a-20d75d7bb536,47.9524825,-123.5743475
2020-09-07,-59,950cb064-c6c0-4151-a05a-20d75d7bb536,47.9524825,-123.5743475
2020-09-08,1915,950cb064-c6c0-4151-a05a-20d75d7bb536,47.9524825,-123.5743475
2020-09-09,-2079,950cb064-c6c0-4151-a05a-20d75d7bb536,47.9524825,-123.5743475
2020-09-10,300,950cb064-c6c0-4151-a05a-20d75d7bb536,47.9524825,-123.5743475
2020-09-11,-1009,950cb064-c6c0-4151-a05a-20d75d7bb536,47.9524825,-123.5743475
2020-09-12,2048,950cb064-c6c0-4151-a05a-20d75d7bb536,47.9524825,-123.5743475
2020-09-13,2641,950cb064-c6c0-4151-a05a-20d75d7bb536,47.9524825,-123.5743475
2020-09-14,1310,950cb064-c6c0-4151-a05a-20d75d7bb536,47.9524825,-123.5743475
2020-09-15,1074,950cb064-c6c0-4151-a05a-20d75d7bb536,47.9524825,-123.5743475
2020-09-16,3828,950cb064-c6c0-4151-a05a-20d75d7bb536,47.9524825,-123.5743475
2020-09-17,4748,950cb064-c6c0-4151-a05a-20d75d7bb536,47.9524825,-123.5743475
2020-09-18,3979,950cb064-c6c0-4151-a05a-20d75d7bb536,47.9524825,-123.5743475
2020-09-19,-53,950cb064-c6c0-4151-a05a-20d75d7bb536,47.9524825,-123.5743475
2020-09-20,-185,950cb064-c6c0-4151-a05a-20d75d7bb536,47.9524825,-123.5743475
2020-09-21,-123,950cb064-c6c0-4151-a05a-20d75d7bb536,47.9524825,-123.5743475
2020-09-22,113,950cb064-c6c0-4151-a05a-20d75d7bb536,47.9524825,-123.5743475
2020-09-23,5319,950cb064-c6c0-4151-a05a-20d75d7bb536,47.9524825,-123.5743475
2020-09-24,2477,950cb064-c6c0-4151-a05a-20d75d7bb536,47.9524825,-123.5743475
2020-09-25,1951,950cb064-c6c0-4151-a05a-20d75d7bb536,47.9524825,-123.5743475
2020-09-26,3909,950cb064-c6c0-4151-a05a-20d75d7bb536,47.9524825,-123.5743475
2020-09-27,-672,950cb064-c6c0-4151-a05a-20d75d7bb536,47.9524825,-123.5743475
2020-09-28,-695,950cb064-c6c0-4151-a05a-20d75d7bb536,47.9524825,-123.5743475
2020-09-29,231,950cb064-c6c0-4151-a05a-20d75d7bb536,47.9524825,-123.5743475
2020-09-30,1244,950cb064-c6c0-4151-a05a-20d75d7bb536,47.9524825,-123.5743475
2020-10-01,3582,950cb064-c6c0-4151-a05a-20d75d7bb536,47.9524825,-123.5743475
2020-10-02,-546,950cb064-c6c0-4151-a05a-20d75d7bb536,47.9524825,-123.5743475
2020-10-03,2251,950cb064-c6c0-4151-a05a-20d75d7bb536,47.9524825,-123.5743475
2020-10-04,-209,950cb064-c6c0-4151-a05a-20d75d7bb536,47.9524825,-123.5743475
2020-10-05,-1087,950cb064-c6c0-4151-a05a-20d75d7bb536,47.9524825,-123.5743475
2020-10-06,48,950cb064-c6c0-4151-a05a-20d75d7bb536,47.9524825,-123.5743475
2020-10-07,562,950cb064-c6c0-4151-a05a-20d75d7bb536,47.9524825,-123.5743475
2020-10-08,1470,950cb064-c6c0-4151-a05a-20d75d7bb536,47.9524825,-123.5743475
2020-10-09,2641,950cb064-c6c0-4151-a05a-20d75d7bb536,47.9524825,-123.5743475
2020-10-10,337,950cb064-c6c0-4151-a05a-20d75d7bb536,47.9524825,-123.5743475
2020-10-11,4652,950cb064-c6c0-4151-a05a-20d75d7bb536,47.9524825,-123.5743475
2020-10-12,184,950cb064-c6c0-4151-a05a-20d75d7bb536,47.9524825,-123.5743475
2020-10-13,4392,950cb064-c6c0-4151-a05a-20d75d7bb536,47.9524825,-123.5743475
2020-10-14,595,950cb064-c6c0-4151-a05a-20d75d7bb536,47.9524825,-123.5743475
2020-10-15,420,950cb064-c6c0-4151-a05a-20d75d7bb536,47.9524825,-123.5743475
2020-10-16,474,950cb064-c6c0-4151-a05a-20d75d7bb536,47.9524825,-123.5743475
2020-10-17,1585,950cb064-c6c0-4151-a05a-20d75d7bb536,47.9524825,-123.5743475
2020-10-18,927,950cb064-c6c0-4151-a05a-20d75d7bb536,47.9524825,-123.5743475
2020-10-19,960,950cb064-c6c0-4151-a05a-20d75d7bb536,47.9524825,-123.5743475
2020-10-20,568,950cb064-c6c0-4151-a05a-20d75d7bb536,47.9524825,-123.5743475
2020-10-21,1670,950cb064-c6c0-4151-a05a-20d75d7bb536,47.9524825,-123.5743475
2020-10-22,1444,950cb064-c6c0-4151-a05a-20d75d7bb536,47.9524825,-123.5743475
2020-10-23,1365,950cb064-c6c0-4151-a05a-20d75d7bb536,47.9524825,-123.5743475
2020-10-24,-572,950cb064-c6c0-4151-a05a-20d75d7bb536,47.9524825,-123.5743475
2020-10-25,-40,950cb064-c6c0-4151-a05a-20d75d7bb536,47.9524825,-123.5743475
2020-10-26,-389,950cb064-c6c0-4151-a05a-20d75d7bb536,47.9524825,-123.5743475
2020-10-27,-676,950cb064-c6c0-4151-a05a-20d75d7bb536,47.9524825,-123.5743475
2020-10-28,748,950cb064-c6c0-4151-a05a-20d75d7bb536,47.9524825,-123.5743475
2020-10-29,-103,950cb064-c6c0-4151-a05a-20d75d7bb536,47.9524825,-123.5743475
2020-10-30,1566,950cb064-c6c0-4151-a05a-20d75d7bb536,47.9524825,-123.5743475
2020-10-31,1952,950cb064-c6c0-4151-a05a-20d75d7bb536,47.9524825,-123.5743475
2020-11-01,1209,950cb064-c6c0-4151-a05a-20d75d7bb536,47.9524825,-123.5743475
2020-11-02,1644,950cb064-c6c0-4151-a05a-20d75d7bb536,47.9524825,-123.5743475
2020-11-03,5858,950cb064-c6c0-4151-a05a-20d75d7bb536,47.9524825,-123.5743475
2020-11-04,2783,950cb064-c6c0-4151-a05a-20d75d7bb536,47.9524825,-123.5743475
2020-11-05,5310,950cb064-c6c0-4151-a05a-20d75d7bb536,47.9524825,-123.5743475
2020-11-06,2938,950cb064-c6c0-4151-a05a-20d75d7bb536,47.9524825,-123.5743475
2020-11-07,91,950cb064-c6c0-4151-a05a-20d75d7bb536,47.9524825,-123.5743475
2020-11-08,1440,950cb064-c6c0-4151-a05a-20d75d7bb536,47.9524825,-123.5743475
2020-11-09,3693,950cb064-c6c0-4151-a05a-20d75d7bb536,47.9524825,-123.5743475
2020-11-10,5105,950cb064-c6c0-4151-a05a-20d75d7bb536,47.9524825,-123.5743475
2020-11-11,5259,950cb064-c6c0-4151-a05a-20d75d7bb536,47.9524825,-123.5743475
2020-11-12,715,950cb064-c6c0-4151-a05a-20d75d7bb536,47.9524825,-123.5743475
2020-11-13,2760,950cb064-c6c0-4151-a05a-20d75d7bb536,47.9524825,-123.5743475
2020-11-14,4572,950cb064-c6c0-4151-a05a-20d75d7bb536,47.9524825,-123.5743475
2020-11-15,5082,950cb064-c6c0-4151-a05a-20d75d7bb536,47.9524825,-123.5743475
2020-11-16,4360,950cb064-c6c0-4151-a05a-20d75d7bb536,47.9524825,-123.5743475
2020-11-17,4834,950cb064-c6c0-4151-a05a-20d75d7bb536,47.9524825,-123.5743475
2020-11-18,1968,950cb064-c6c0-4151-a05a-20d75d7bb536,47.9524825,-123.5743475
2020-11-19,2213,950cb064-c6c0-4151-a05a-20d75d7bb536,47.9524825,-123.5743475
2020-11-20,1430,950cb064-c6c0-4151-a05a-20d75d7bb536,47.9524825,-123.5743475
2020-11-21,1460,950cb064-c6c0-4151-a05a-20d75d7bb536,47.9524825,-123.5743475
2020-11-22,3505,950cb064-c6c0-4151-a05a-20d75d7bb536,47.9524825,-123.5743475
2020-11-23,1918,950cb064-c6c0-4151-a05a-20d75d7bb536,47.9524825,-123.5743475
2020-11-24,2605,950cb064-c6c0-4151-a05a-20d75d7bb536,47.9524825,-123.5743475
2020-11-25,4416,950cb064-c6c0-4151-a05a-20d75d7bb536,47.9524825,-123.5743475
2020-11-26,2346,950cb064-c6c0-4151-a05a-20d75d7bb536,47.9524825,-123.5743475
2020-11-27,1594,950cb064-c6c0-4151-a05a-20d75d7bb536,47.9524825,-123.5743475
2020-11-28,5056,950cb064-c6c0-4151-a05a-20d75d7bb536,47.9524825,-123.5743475
2020-11-30,3323,950cb064-c6c0-4151-a05a-20d75d7bb536,47.9524825,-123.5743475
2020-12-01,5942,950cb064-c6c0-4151-a05a-20d75d7bb536,47.9524825,-123.5743475
2020-12-02,2770,950cb064-c6c0-4151-a05a-20d75d7bb536,47.9524825,-123.5743475
2020-12-03,5100,950cb064-c6c0-4151-a05a-20d75d7bb536,47.9524825,-123.5743475
2020-12-04,6013,950cb064-c6c0-4151-a05a-20d75d7bb536,47.9524825,-123.5743475
2020-12-05,2785,950cb064-c6c0-4151-a05a-20d75d7bb536,47.9524825,-123.5743475
2020-12-06,1862,950cb064-c6c0-4151-a05a-20d75d7bb536,47.9524825,-123.5743475
2020-12-08,1206,950cb064-c6c0-4151-a05a-20d75d7bb536,47.9524825,-123.5743475
2020-12-09,843,950cb064-c6c0-4151-a05a-20d75d7bb536,47.9524825,-123.5743475
2020-12-11,5154,950cb064-c6c0-4151-a05a-20d75d7bb536,47.9524825,-123.5743475
2020-12-12,5770,950cb064-c6c0-4151-a05a-20d75d7bb536,47.9524825,-123.5743475
2020-12-13,2865,950cb064-c6c0-4151-a05a-20d75d7bb536,47.9524825,-123.5743475
2020-12-14,1437,950cb064-c6c0-4151-a05a-20d75d7bb536,47.9524825,-123.5743475
2020-12-15,2924,950cb064-c6c0-4151-a05a-20d75d7bb536,47.9524825,-123.5743475
2020-12-16,2944,950cb064-c6c0-4151-a05a-20d75d7bb536,47.9524825,-123.5743475
2020-12-17,5313,950cb064-c6c0-4151-a05a-20d75d7bb536,47.9524825,-123.5743475
2020-12-18,1291,950cb064-c6c0-4151-a05a-20d75d7bb536,47.9524825,-123.5743475
2020-12-19,4092,950cb064-c6c0-4151-a05a-20d75d7bb536,47.9524825,-123.5743475
2020-12-20,1667,950cb064-c6c0-4151-a05a-20d75d7bb536,47.9524825,-123.5743475
2020-12-22,8136,950cb064-c6c0-4151-a05a-20d75d7bb536,47.9524825,-123.5743475
2020-12-23,6536,950cb064-c6c0-4151-a05a-20d75d7bb536,47.9524825,-123.5743475
2020-12-25,3436,950cb064-c6c0-4151-a05a-20d75d7bb536,47.9524825,-123.5743475
2020-12-26,2807,950cb064-c6c0-4151-a05a-20d75d7bb536,47.9524825,-123.5743475
2020-12-27,2913,950cb064-c6c0-4151-a05a-20d75d7bb536,47.9524825,-123.5743475
2020-12-28,6358,950cb064-c6c0-4151-a05a-20d75d7bb536,47.9524825,-123.5743475
2020-12-29,1100,950cb064-c6c0-4151-a05a-20d75d7bb536,47.9524825,-123.5743475
2020-12-30,5025,950cb064-c6c0-4151-a05a-20d75d7bb536,47.9524825,-123.5743475
2020-12-31,1337,950cb064-c6c0-4151-a05a-20d75d7bb536,47.9524825,-123.5743475
2021-01-02,4523,950cb064-c6c0-4151-a05a-20d75d7bb536,47.9524825,-123.5743475
2021-01-03,2846,950cb064-c6c0-4151-a05a-20d75d7bb536,47.9524825,-123.5743475
2021-01-05,3075,950cb064-c6c0-4151-a05a-20d75d7bb536,47.9524825,-123.5743475
2021-01-06,3065,950cb064-c6c0-4151-a05a-20d75d7bb536,47.9524825,-123.5743475
2021-01-08,1013,950cb064-c6c0-4151-a05a-20d75d7bb536,47.9524825,-123.5743475
2021-01-09,490,950cb064-c6c0-4151-a05a-20d75d7bb536,47.9524825,-123.5743475
2021-01-10,5116,950cb064-c6c0-4151-a05a-20d75d7bb536,47.9524825,-123.5743475
2021-01-11,3827,950cb064-c6c0-4151-a05a-20d75d7bb536,47.9524825,-123.5743475
2021-01-12,3110,950cb064-c6c0-4151-a05a-20d75d7bb536,47.9524825,-123.5743475
2021-01-13,2697,950cb064-c6c0-4151-a05a-20d75d7bb536,47.9524825,-123.5743475
2021-01-14,2142,950cb064-c6c0-4151-a05a-20d75d7bb536,47.9524825,-123.5743475
2021-01-15,530,950cb064-c6c0-4151-a05a-20d75d7bb536,47.9524825,-123.5743475
2021-01-16,2382,950cb064-c6c0-4151-a05a-20d75d7bb536,47.9524825,-123.5743475
2021-01-17,3810,950cb064-c6c0-4151-a05a-20d75d7bb536,47.9524825,-123.5743475
2021-01-18,3753,950cb064-c6c0-4151-a05a-20d75d7bb536,47.9524825,-123.5743475
2021-01-19,1200,950cb064-c6c0-4151-a05a-20d75d7bb536,47.9524825,-123.5743475
2021-01-20,-120,950cb064-c6c0-4151-a05a-20d75d7bb536,47.9524825,-123.5743475
2021-01-21,985,950cb064-c6c0-4151-a05a-20d75d7bb536,47.9524825,-123.5743475
2021-01-22,4490,950cb064-c6c0-4151-a05a-20d75d7bb536,47.9524825,-123.5743475
2021-01-23,3121,950cb064-c6c0-4151-a05a-20d75d7bb536,47.9524825,-123.5743475
2021-01-24,4216,950cb064-c6c0-4151-a05a-20d75d7bb536,47.9524825,-123.5743475
2021-01-25,2871,950cb064-c6c0-4151-a05a-20d75d7bb536,47.9524825,-123.5743475
2021-01-26,2024,950cb064-c6c0-4151-a05a-20d75d7bb536,47.9524825,-123.5743475
2021-01-27,1341,950cb064-c6c0-4151-a05a-20d75d7bb536,47.9524825,-123.5743475
2021-01-28,734,950cb064-c6c0-4151-a05a-20d75d7bb536,47.9524825,-123.5743475
2021-01-29,343,950cb064-c6c0-4151-a05a-20d75d7bb536,47.9524825,-123.5743475
2021-01-30,1700,950cb064-c6c0-4151-a05a-20d75d7bb536,47.9524825,-123.5743475
2021-01-31,4700,950cb064-c6c0-4151-a05a-20d75d7bb536,47.9524825,-123.5743475
2021-02-01,3584,950cb064-c6c0-4151-a05a-20d75d7bb536,47.9524825,-123.5743475
2021-02-02,4001,950cb064-c6c0-4151-a05a-20d75d7bb536,47.9524825,-123.5743475
2021-02-03,4002,950cb064-c6c0-4151-a05a-20d75d7bb536,47.9524825,-123.5743475
2021-02-04,1004,950cb064-c6c0-4151-a05a-20d75d7bb536,47.9524825,-123.5743475
2021-02-05,548,950cb064-c6c0-4151-a05a-20d75d7bb536,47.9524825,-123.5743475
2021-02-06,580,950cb064-c6c0-4151-a05a-20d75d7bb536,47.9524825,-123.5743475
2021-02-07,3502,950cb064-c6c0-4151-a05a-20d75d7bb536,47.9524825,-123.5743475
2021-02-08,377,950cb064-c6c0-4151-a05a-20d75d7bb536,47.9524825,-123.5743475
2021-02-09,2169,950cb064-c6c0-4151-a05a-20d75d7bb536,47.9524825,-123.5743475
2021-02-10,-252,950cb064-c6c0-4151-a05a-20d75d7bb536,47.9524825,-123.5743475
2021-02-11,3467,950cb064-c6c0-4151-a05a-20d75d7bb536,47.9524825,-123.5743475
2021-02-12,3055,950cb064-c6c0-4151-a05a-20d75d7bb536,47.9524825,-123.5743475
2021-02-13,2338,950cb064-c6c0-4151-a05a-20d75d7bb536,47.9524825,-123.5743475
2021-02-14,2547,950cb064-c6c0-4151-a05a-20d75d7bb536,47.9524825,-123.5743475
2021-02-15,2808,950cb064-c6c0-4151-a05a-20d75d7bb536,47.9524825,-123.5743475
2021-02-16,1551,950cb064-c6c0-4151-a05a-20d75d7bb536,47.9524825,-123.5743475
2021-02-17,2770,950cb064-c6c0-4151-a05a-20d75d7bb536,47.9524825,-123.5743475
2021-02-18,76,950cb064-c6c0-4151-a05a-20d75d7bb536,47.9524825,-123.5743475
2021-02-19,962,950cb064-c6c0-4151-a05a-20d75d7bb536,47.9524825,-123.5743475
2021-02-20,756,950cb064-c6c0-4151-a05a-20d75d7bb536,47.9524825,-123.5743475
2021-02-21,3660,950cb064-c6c0-4151-a05a-20d75d7bb536,47.9524825,-123.5743475
2021-02-22,4373,950cb064-c6c0-4151-a05a-20d75d7bb536,47.9524825,-123.5743475
2021-02-23,6771,950cb064-c6c0-4151-a05a-20d75d7bb536,47.9524825,-123.5743475
2021-02-24,2665,950cb064-c6c0-4151-a05a-20d75d7bb536,47.9524825,-123.5743475
2021-02-25,5092,950cb064-c6c0-4151-a05a-20d75d7bb536,47.9524825,-123.5743475
2021-02-26,-622,950cb064-c6c0-4151-a05a-20d75d7bb536,47.9524825,-123.5743475
2021-02-27,2973,950cb064-c6c0-4151-a05a-20d75d7bb536,47.9524825,-123.5743475
2021-02-28,1294,950cb064-c6c0-4151-a05a-20d75d7bb536,47.9524825,-123.5743475
2021-03-01,2489,950cb064-c6c0-4151-a05a-20d75d7bb536,47.9524825,-123.5743475
2021-03-02,1432,950cb064-c6c0-4151-a05a-20d75d7bb536,47.9524825,-123.5743475
2021-03-03,1431,950cb064-c6c0-4151-a05a-20d75d7bb536,47.9524825,-123.5743475
2021-03-04,1896,950cb064-c6c0-4151-a05a-20d75d7bb536,47.9524825,-123.5743475
2021-03-05,3895,950cb064-c6c0-4151-a05a-20d75d7bb536,47.9524825,-123.5743475
2021-03-06,504,950cb064-c6c0-4151-a05a-20d75d7bb536,47.9524825,-123.5743475
2021-03-07,5323,950cb064-c6c0-4151-a05a-20d75d7bb536,47.9524825,-123.5743475
2021-03-08,1922,950cb064-c6c0-4151-a05a-20d75d7bb536,47.9524825,-123.5743475
2021-03-09,605,950cb064-c6c0-4151-a05a-20d75d7bb536,47.9524825,-123.5743475
2021-03-10,708,950cb064-c6c0-4151-a05a-20d75d7bb536,47.9524825,-123.5743475
2021-03-11,-1129,950cb064-c6c0-4151-a05a-20d75d7bb536,47.9524825,-123.5743475
2021-03-12,1262,950cb064-c6c0-4151-a05a-20d75d7bb536,47.9524825,-123.5743475
2021-03-13,1579,950cb064-c6c0-4151-a05a-20d75d7bb536,47.9524825,-123.5743475
2021-03-14,5375,950cb064-c6c0-4151-a05a-20d75d7bb536,47.9524825,-123.5743475
2021-03-15,-646,950cb064-c6c0-4151-a05a-20d75d7bb536,47.9524825,-123.5743475
2021-03-16,2103,950cb064-c6c0-4151-a05a-20d75d7bb536,47.9524825,-123.5743475
2021-03-17,525,950cb064-c6c0-4151-a05a-20d75d7bb536,47.9524825,-123.5743475
2021-03-18,3436,950cb064-c6c0-4151-a05a-20d75d7bb536,47.9524825,-123.5743475
2021-03-19,3895,950cb064-c6c0-4151-a05a-20d75d7bb536,47.9524825,-123.5743475
2021-03-20,817,950cb064-c6c0-4151-a05a-20d75d7bb536,47.9524825,-123.5743475
2021-03-21,1985,950cb064-c6c0-4151-a05a-20d75d7bb536,47.9524825,-123.5743475
2021-03-22,724,950cb064-c6c0-4151-a05a-20d75d7bb536,47.9524825,-123.5743475
2021-03-23,-1367,950cb064-c6c0-4151-a05a-20d75d7bb536,47.9524825,-123.5743475
2021-03-24,1918,950cb064-c6c0-4151-a05a-20d75d7bb536,47.9524825,-123.5743475
2021-03-25,-513,950cb064-c6c0-4151-a05a-20d75d7bb536,47.9524825,-123.5743475
2021-03-26,-134,950cb064-c6c0-4151-a05a-20d75d7bb536,47.9524825,-123.5743475
2021-03-27,-583,950cb064-c6c0-4151-a05a-20d75d7bb536,47.9524825,-123.5743475
2021-03-28,4383,950cb064-c6c0-4151-a05a-20d75d7bb536,47.9524825,-123.5743475
2021-03-29,-841,950cb064-c6c0-4151-a05a-20d75d7bb536,47.9524825,-123.5743475
2021-03-30,-105,950cb064-c6c0-4151-a05a-20d75d7bb536,47.9524825,-123.5743475
2021-03-31,-477,950cb064-c6c0-4151-a05a-20d75d7bb536,47.9524825,-123.5743475
2021-04-01,-397,950cb064-c6c0-4151-a05a-20d75d7bb536,47.9524825,-123.5743475
2021-04-02,1669,950cb064-c6c0-4151-a05a-20d75d7bb536,47.9524825,-123.5743475
2021-04-03,2368,950cb064-c6c0-4151-a05a-20d75d7bb536,47.9524825,-123.5743475
2021-04-04,-144,950cb064-c6c0-4151-a05a-20d75d7bb536,47.9524825,-123.5743475
2021-04-05,-1452,950cb064-c6c0-4151-a05a-20d75d7bb536,47.9524825,-123.5743475
2021-04-06,283,950cb064-c6c0-4151-a05a-20d75d7bb536,47.9524825,-123.5743475
2021-04-07,1176,950cb064-c6c0-4151-a05a-20d75d7bb536,47.9524825,-123.5743475
2021-04-08,3754,950cb064-c6c0-4151-a05a-20d75d7bb536,47.9524825,-123.5743475
2021-04-09,-34,950cb064-c6c0-4151-a05a-20d75d7bb536,47.9524825,-123.5743475
2021-04-10,1560,950cb064-c6c0-4151-a05a-20d75d7bb536,47.9524825,-123.5743475
2021-04-11,517,950cb064-c6c0-4151-a05a-20d75d7bb536,47.9524825,-123.5743475
2021-04-12,-1264,950cb064-c6c0-4151-a05a-20d75d7bb536,47.9524825,-123.5743475
2021-04-13,-774,950cb064-c6c0-4151-a05a-20d75d7bb536,47.9524825,-123.5743475
2021-04-14,-2124,950cb064-c6c0-4151-a05a-20d75d7bb536,47.9524825,-123.5743475
2021-04-15,-975,950cb064-c6c0-4151-a05a-20d75d7bb536,47.9524825,-123.5743475
2021-04-16,-1045,950cb064-c6c0-4151-a05a-20d75d7bb536,47.9524825,-123.5743475
2021-04-17,-1911,950cb064-c6c0-4151-a05a-20d75d7bb536,47.9524825,-123.5743475
2021-04-18,18,950cb064-c6c0-4151-a05a-20d75d7bb536,47.9524825,-123.5743475
2021-04-19,-2469,950cb064-c6c0-4151-a05a-20d75d7bb536,47.9524825,-123.5743475
2021-04-20,-577,950cb064-c6c0-4151-a05a-20d75d7bb536,47.9524825,-123.5743475
2021-04-21,-2097,950cb064-c6c0-4151-a05a-20d75d7bb536,47.9524825,-123.5743475
2021-04-22,-278,950cb064-c6c0-4151-a05a-20d75d7bb536,47.9524825,-123.5743475
2021-04-23,2933,950cb064-c6c0-4151-a05a-20d75d7bb536,47.9524825,-123.5743475
2021-04-24,5636,950cb064-c6c0-4151-a05a-20d75d7bb536,47.9524825,-123.5743475
2021-04-25,2374,950cb064-c6c0-4151-a05a-20d75d7bb536,47.9524825,-123.5743475
2021-04-26,-286,950cb064-c6c0-4151-a05a-20d75d7bb536,47.9524825,-123.5743475
2021-04-27,2451,950cb064-c6c0-4151-a05a-20d75d7bb536,47.9524825,-123.5743475
2021-04-28,-323,950cb064-c6c0-4151-a05a-20d75d7bb536,47.9524825,-123.5743475
2021-04-29,1611,950cb064-c6c0-4151-a05a-20d75d7bb536,47.9524825,-123.5743475
2021-04-30,-1150,950cb064-c6c0-4151-a05a-20d75d7bb536,47.9524825,-123.5743475
2021-05-01,-738,950cb064-c6c0-4151-a05a-20d75d7bb536,47.9524825,-123.5743475
2021-05-02,-1005,950cb064-c6c0-4151-a05a-20d75d7bb536,47.9524825,-123.5743475
2021-05-03,1837,950cb064-c6c0-4151-a05a-20d75d7bb536,47.9524825,-123.5743475
2021-05-04,798,950cb064-c6c0-4151-a05a-20d75d7bb536,47.9524825,-123.5743475
2021-05-05,4885,950cb064-c6c0-4151-a05a-20d75d7bb536,47.9524825,-123.5743475
2021-05-06,2743,950cb064-c6c0-4151-a05a-20d75d7bb536,47.9524825,-123.5743475
2021-05-07,283,950cb064-c6c0-4151-a05a-20d75d7bb536,47.9524825,-123.5743475
2021-05-08,1507,950cb064-c6c0-4151-a05a-20d75d7bb536,47.9524825,-123.5743475
2021-05-09,-207,950cb064-c6c0-4151-a05a-20d75d7bb536,47.9524825,-123.5743475
2021-05-10,-1681,950cb064-c6c0-4151-a05a-20d75d7bb536,47.9524825,-123.5743475
2021-05-11,-932,950cb064-c6c0-4151-a05a-20d75d7bb536,47.9524825,-123.5743475
2021-05-12,-399,950cb064-c6c0-4151-a05a-20d75d7bb536,47.9524825,-123.5743475
2021-05-13,-80,950cb064-c6c0-4151-a05a-20d75d7bb536,47.9524825,-123.5743475
2021-05-14,-2329,950cb064-c6c0-4151-a05a-20d75d7bb536,47.9524825,-123.5743475
2021-05-15,-611,950cb064-c6c0-4151-a05a-20d75d7bb536,47.9524825,-123.5743475
2021-05-16,-1930,950cb064-c6c0-4151-a05a-20d75d7bb536,47.9524825,-123.5743475
2021-05-17,1301,950cb064-c6c0-4151-a05a-20d75d7bb536,47.9524825,-123.5743475
2021-05-18,325,950cb064-c6c0-4151-a05a-20d75d7bb536,47.9524825,-123.5743475
2021-05-19,-840,950cb064-c6c0-4151-a05a-20d75d7bb536,47.9524825,-123.5743475
2021-05-20,1020,950cb064-c6c0-4151-a05a-20d75d7bb536,47.9524825,-123.5743475
2021-05-21,-2166,950cb064-c6c0-4151-a05a-20d75d7bb536,47.9524825,-123.5743475
2021-05-22,-329,950cb064-c6c0-4151-a05a-20d75d7bb536,47.9524825,-123.5743475
2021-05-23,-1839,950cb064-c6c0-4151-a05a-20d75d7bb536,47.9524825,-123.5743475
2021-05-24,4990,950cb064-c6c0-4151-a05a-20d75d7bb536,47.9524825,-123.5743475
2021-05-25,-1535,950cb064-c6c0-4151-a05a-20d75d7bb536,47.9524825,-123.5743475
2021-05-26,3966,950cb064-c6c0-4151-a05a-20d75d7bb536,47.9524825,-123.5743475
2021-05-27,3389,950cb064-c6c0-4151-a05a-20d75d7bb536,47.9524825,-123.5743475
2021-05-28,-1214,950cb064-c6c0-4151-a05a-20d75d7bb536,47.9524825,-123.5743475
2021-05-29,-129,950cb064-c6c0-4151-a05a-20d75d7bb536,47.9524825,-123.5743475
2021-05-30,5113,950cb064-c6c0-4151-a05a-20d75d7bb536,47.9524825,-123.5743475
2021-05-31,266,950cb064-c6c0-4151-a05a-20d75d7bb536,47.9524825,-123.5743475
2021-06-01,-1833,950cb064-c6c0-4151-a05a-20d75d7bb536,47.9524825,-123.5743475
2021-06-02,-1162,950cb064-c6c0-4151-a05a-20d75d7bb536,47.9524825,-123.5743475
2021-06-03,260,950cb064-c6c0-4151-a05a-20d75d7bb536,47.9524825,-123.5743475
2021-06-04,1191,950cb064-c6c0-4151-a05a-20d75d7bb536,47.9524825,-123.5743475
2021-06-05,2319,950cb064-c6c0-4151-a05a-20d75d7bb536,47.9524825,-123.5743475
2021-06-06,4771,950cb064-c6c0-4151-a05a-20d75d7bb536,47.9524825,-123.5743475
2021-06-07,1013,950cb064-c6c0-4151-a05a-20d75d7bb536,47.9524825,-123.5743475
2021-06-08,500,950cb064-c6c0-4151-a05a-20d75d7bb536,47.9524825,-123.5743475
2021-06-09,797,950cb064-c6c0-4151-a05a-20d75d7bb536,47.9524825,-123.5743475
2021-06-10,-708,950cb064-c6c0-4151-a05a-20d75d7bb536,47.9524825,-123.5743475
2021-06-11,3120,950cb064-c6c0-4151-a05a-20d75d7bb536,47.9524825,-123.5743475
2021-06-12,1937,950cb064-c6c0-4151-a05a-20d75d7bb536,47.9524825,-123.5743475
2021-06-13,1405,950cb064-c6c0-4151-a05a-20d75d7bb536,47.9524825,-123.5743475
2021-06-14,2723,950cb064-c6c0-4151-a05a-20d75d7bb536,47.9524825,-123.5743475
2021-06-15,3483,950cb064-c6c0-4151-a05a-20d75d7bb536,47.9524825,-123.5743475
2021-06-16,-87,950cb064-c6c0-4151-a05a-20d75d7bb536,47.9524825,-123.5743475
2021-06-17,-2043,950cb064-c6c0-4151-a05a-20d75d7bb536,47.9524825,-123.5743475
2021-06-18,-1043,950cb064-c6c0-4151-a05a-20d75d7bb536,47.9524825,-123.5743475
2021-06-19,56,950cb064-c6c0-4151-a05a-20d75d7bb536,47.9524825,-123.5743475
2021-06-20,-1813,950cb064-c6c0-4151-a05a-20d75d7bb536,47.9524825,-123.5743475
2021-06-21,-36,950cb064-c6c0-4151-a05a-20d75d7bb536,47.9524825,-123.5743475
2021-06-22,-1831,950cb064-c6c0-4151-a05a-20d75d7bb536,47.9524825,-123.5743475
2021-06-23,173,950cb064-c6c0-4151-a05a-20d75d7bb536,47.9524825,-123.5743475
2021-06-24,-2184,950cb064-c6c0-4151-a05a-20d75d7bb536,47.9524825,-123.5743475
2021-06-25,-942,950cb064-c6c0-4151-a05a-20d75d7bb536,47.9524825,-123.5743475
2021-06-26,-1721,950cb064-c6c0-4151-a05a-20d75d7bb536,47.9524825,-123.5743475
2021-06-27,-1106,950cb064-c6c0-4151-a05a-20d75d7bb536,47.9524825,-123.5743475
2021-06-28,-908,950cb064-c6c0-4151-a05a-20d75d7bb536,47.9524825,-123.5743475
2021-06-29,-2289,950cb064-c6c0-4151-a05a-20d75d7bb536,47.9524825,-123.5743475
2021-06-30,-679,950cb064-c6c0-4151-a05a-20d75d7bb536,47.9524825,-123.5743475
2021-07-01,-1863,950cb064-c6c0-4151-a05a-20d75d7bb536,47.9524825,-123.5743475
2021-07-02,1299,950cb064-c6c0-4151-a05a-20d75d7bb536,47.9524825,-123.5743475
2021-07-03,-2336,950cb064-c6c0-4151-a05a-20d75d7bb536,47.9524825,-123.5743475
2021-07-04,-596,950cb064-c6c0-4151-a05a-20d75d7bb536,47.9524825,-123.5743475
2021-07-05,-1114,950cb064-c6c0-4151-a05a-20d75d7bb536,47.9524825,-123.5743475
2021-07-06,-1655,950cb064-c6c0-4151-a05a-20d75d7bb536,47.9524825,-123.5743475
2021-07-07,658,950cb064-c6c0-4151-a05a-20d75d7bb536,47.9524825,-123.5743475
2021-07-08,-2287,950cb064-c6c0-4151-a05a-20d75d7bb536,47.9524825,-123.5743475
2021-07-09,-75,950cb064-c6c0-4151-a05a-20d75d7bb536,47.9524825,-123.5743475
2021-07-10,-2481,950cb064-c6c0-4151-a05a-20d75d7bb536,47.9524825,-123.5743475
2021-07-11,-1281,950cb064-c6c0-4151-a05a-20d75d7bb536,47.9524825,-123.5743475
2021-07-12,-1705,950cb064-c6c0-4151-a05a-20d75d7bb536,47.9524825,-123.5743475
2021-07-13,-960,950cb064-c6c0-4151-a05a-20d75d7bb536,47.9524825,-123.5743475
2021-07-14,-690,950cb064-c6c0-4151-a05a-20d75d7bb536,47.9524825,-123.5743475
2021-07-15,-2454,950cb064-c6c0-4151-a05a-20d75d7bb536,47.9524825,-123.5743475
2021-07-16,11,950cb064-c6c0-4151-a05a-20d75d7bb536,47.9524825,-123.5743475
2021-07-17,-1873,950cb064-c6c0-4151-a05a-20d75d7bb536,47.9524825,-123.5743475
2021-07-18,-530,950cb064-c6c0-4151-a05a-20d75d7bb536,47.9524825,-123.5743475
2021-07-19,-2158,950cb064-c6c0-4151-a05a-20d75d7bb536,47.9524825,-123.5743475
2021-07-20,-856,950cb064-c6c0-4151-a05a-20d75d7bb536,47.9524825,-123.5743475
2021-07-21,-794,950cb064-c6c0-4151-a05a-20d75d7bb536,47.9524825,-123.5743475
2021-07-22,-1332,950cb064-c6c0-4151-a05a-20d75d7bb536,47.9524825,-123.5743475
2021-07-23,11,950cb064-c6c0-4151-a05a-20d75d7bb536,47.9524825,-123.5743475
2021-07-24,-2312,950cb064-c6c0-4151-a05a-20d75d7bb536,47.9524825,-123.5743475
2021-07-25,-80,950cb064-c6c0-4151-a05a-20d75d7bb536,47.9524825,-123.5743475
2021-07-26,-2109,950cb064-c6c0-4151-a05a-20d75d7bb536,47.9524825,-123.5743475
2021-07-27,-995,950cb064-c6c0-4151-a05a-20d75d7bb536,47.9524825,-123.5743475
2021-07-28,-2039,950cb064-c6c0-4151-a05a-20d75d7bb536,47.9524825,-123.5743475
2021-07-29,-1335,950cb064-c6c0-4151-a05a-20d75d7bb536,47.9524825,-123.5743475
2021-07-30,-1299,950cb064-c6c0-4151-a05a-20d75d7bb536,47.9524825,-123.5743475
2021-07-31,3603,950cb064-c6c0-4151-a05a-20d75d7bb536,47.9524825,-123.5743475
2021-08-01,3612,950cb064-c6c0-4151-a05a-20d75d7bb536,47.9524825,-123.5743475
2021-08-02,-1916,950cb064-c6c0-4151-a05a-20d75d7bb536,47.9524825,-123.5743475
2021-08-03,-748,950cb064-c6c0-4151-a05a-20d75d7bb536,47.9524825,-123.5743475
2021-08-04,-2251,950cb064-c6c0-4151-a05a-20d75d7bb536,47.9524825,-123.5743475
2021-08-05,-480,950cb064-c6c0-4151-a05a-20d75d7bb536,47.9524825,-123.5743475
2021-08-06,-1500,950cb064-c6c0-4151-a05a-20d75d7bb536,47.9524825,-123.5743475
2021-08-07,1831,950cb064-c6c0-4151-a05a-20d75d7bb536,47.9524825,-123.5743475
2021-08-08,1931,950cb064-c6c0-4151-a05a-20d75d7bb536,47.9524825,-123.5743475
2021-08-09,-2261,950cb064-c6c0-4151-a05a-20d75d7bb536,47.9524825,-123.5743475
2021-08-10,-949,950cb064-c6c0-4151-a05a-20d75d7bb536,47.9524825,-123.5743475
2021-08-11,-2324,950cb064-c6c0-4151-a05a-20d75d7bb536,47.9524825,-123.5743475
2021-08-12,1789,950cb064-c6c0-4151-a05a-20d75d7bb536,47.9524825,-123.5743475
2021-08-13,156,950cb064-c6c0-4151-a05a-20d75d7bb536,47.9524825,-123.5743475
2021-08-14,2620,950cb064-c6c0-4151-a05a-20d75d7bb536,47.9524825,-123.5743475
2021-08-15,469,950cb064-c6c0-4151-a05a-20d75d7bb536,47.9524825,-123.5743475
2021-08-16,197,950cb064-c6c0-4151-a05a-20d75d7bb536,47.9524825,-123.5743475
2021-08-17,1540,950cb064-c6c0-4151-a05a-20d75d7bb536,47.9524825,-123.5743475
2021-08-18,-2233,950cb064-c6c0-4151-a05a-20d75d7bb536,47.9524825,-123.5743475
2021-08-19,728,950cb064-c6c0-4151-a05a-20d75d7bb536,47.9524825,-123.5743475
2021-08-20,-1050,950cb064-c6c0-4151-a05a-20d75d7bb536,47.9524825,-123.5743475
2021-08-21,2293,950cb064-c6c0-4151-a05a-20d75d7bb536,47.9524825,-123.5743475
2021-08-22,-1185,950cb064-c6c0-4151-a05a-20d75d7bb536,47.9524825,-123.5743475
2021-08-23,-1326,950cb064-c6c0-4151-a05a-20d75d7bb536,47.9524825,-123.5743475
2021-08-24,346,950cb064-c6c0-4151-a05a-20d75d7bb536,47.9524825,-123.5743475
2021-08-25,1191,950cb064-c6c0-4151-a05a-20d75d7bb536,47.9524825,-123.5743475
2021-08-26,1108,950cb064-c6c0-4151-a05a-20d75d7bb536,47.9524825,-123.5743475
2021-08-27,-1571,950cb064-c6c0-4151-a05a-20d75d7bb536,47.9524825,-123.5743475
2021-08-28,-275,950cb064-c6c0-4151-a05a-20d75d7bb536,47.9524825,-123.5743475
2021-08-29,-1382,950cb064-c6c0-4151-a05a-20d75d7bb536,47.9524825,-123.5743475
2021-08-30,349,950cb064-c6c0-4151-a05a-20d75d7bb536,47.9524825,-123.5743475
2021-08-31,509,950cb064-c6c0-4151-a05a-20d75d7bb536,47.9524825,-123.5743475
2021-09-01,-1879,950cb064-c6c0-4151-a05a-20d75d7bb536,47.9524825,-123.5743475
2021-09-02,-172,950cb064-c6c0-4151-a05a-20d75d7bb536,47.9524825,-123.5743475
2021-09-03,3301,950cb064-c6c0-4151-a05a-20d75d7bb536,47.9524825,-123.5743475
2021-09-04,881,950cb064-c6c0-4151-a05a-20d75d7bb536,47.9524825,-123.5743475
2021-09-05,570,950cb064-c6c0-4151-a05a-20d75d7bb536,47.9524825,-123.5743475
2021-09-06,-1780,950cb064-c6c0-4151-a05a-20d75d7bb536,47.9524825,-123.5743475
2021-09-07,-127,950cb064-c6c0-4151-a05a-20d75d7bb536,47.9524825,-123.5743475
2021-09-08,-275,950cb064-c6c0-4151-a05a-20d75d7bb536,47.9524825,-123.5743475
2021-09-09,761,950cb064-c6c0-4151-a05a-20d75d7bb536,47.9524825,-123.5743475
2021-09-10,2247,950cb064-c6c0-4151-a05a-20d75d7bb536,47.9524825,-123.5743475
2021-09-11,1377,950cb064-c6c0-4151-a05a-20d75d7bb536,47.9524825,-123.5743475
2021-09-12,-527,950cb064-c6c0-4151-a05a-20d75d7bb536,47.9524825,-123.5743475
2021-09-13,-363,950cb064-c6c0-4151-a05a-20d75d7bb536,47.9524825,-123.5743475
2021-09-14,1059,950cb064-c6c0-4151-a05a-20d75d7bb536,47.9524825,-123.5743475
2021-09-15,655,950cb064-c6c0-4151-a05a-20d75d7bb536,47.9524825,-123.5743475
2021-09-16,-162,950cb064-c6c0-4151-a05a-20d75d7bb536,47.9524825,-123.5743475
2021-09-17,5763,950cb064-c6c0-4151-a05a-20d75d7bb536,47.9524825,-123.5743475
2021-09-18,-666,950cb064-c6c0-4151-a05a-20d75d7bb536,47.9524825,-123.5743475
2021-09-19,721,950cb064-c6c0-4151-a05a-20d75d7bb536,47.9524825,-123.5743475
2021-09-20,3,950cb064-c6c0-4151-a05a-20d75d7bb536,47.9524825,-123.5743475
2021-09-21,-502,950cb064-c6c0-4151-a05a-20d75d7bb536,47.9524825,-123.5743475
2021-09-23,279,950cb064-c6c0-4151-a05a-20d75d7bb536,47.9524825,-123.5743475
2021-09-24,-2079,950cb064-c6c0-4151-a05a-20d75d7bb536,47.9524825,-123.5743475
2021-09-25,879,950cb064-c6c0-4151-a05a-20d75d7bb536,47.9524825,-123.5743475
2021-09-26,1353,950cb064-c6c0-4151-a05a-20d75d7bb536,47.9524825,-123.5743475
2021-09-27,2899,950cb064-c6c0-4151-a05a-20d75d7bb536,47.9524825,-123.5743475
2021-09-28,268,950cb064-c6c0-4151-a05a-20d75d7bb536,47.9524825,-123.5743475
2021-09-29,2400,950cb064-c6c0-4151-a05a-20d75d7bb536,47.9524825,-123.5743475
2021-09-30,3490,950cb064-c6c0-4151-a05a-20d75d7bb536,47.9524825,-123.5743475
2021-10-01,-1,950cb064-c6c0-4151-a05a-20d75d7bb536,47.9524825,-123.5743475
2021-10-02,1794,950cb064-c6c0-4151-a05a-20d75d7bb536,47.9524825,-123.5743475
2021-10-03,-167,950cb064-c6c0-4151-a05a-20d75d7bb536,47.9524825,-123.5743475
2021-10-04,759,950cb064-c6c0-4151-a05a-20d75d7bb536,47.9524825,-123.5743475
2021-10-05,3663,950cb064-c6c0-4151-a05a-20d75d7bb536,47.9524825,-123.5743475
2021-10-06,118,950cb064-c6c0-4151-a05a-20d75d7bb536,47.9524825,-123.5743475
2021-10-07,-639,950cb064-c6c0-4151-a05a-20d75d7bb536,47.9524825,-123.5743475
2021-10-08,854,950cb064-c6c0-4151-a05a-20d75d7bb536,47.9524825,-123.5743475
2021-10-09,1597,950cb064-c6c0-4151-a05a-20d75d7bb536,47.9524825,-123.5743475
2021-10-10,1285,950cb064-c6c0-4151-a05a-20d75d7bb536,47.9524825,-123.5743475
2021-10-11,589,950cb064-c6c0-4151-a05a-20d75d7bb536,47.9524825,-123.5743475
2021-10-12,5762,950cb064-c6c0-4151-a05a-20d75d7bb536,47.9524825,-123.5743475
2021-10-13,2165,950cb064-c6c0-4151-a05a-20d75d7bb536,47.9524825,-123.5743475
2021-10-14,2170,950cb064-c6c0-4151-a05a-20d75d7bb536,47.9524825,-123.5743475
2021-10-15,2987,950cb064-c6c0-4151-a05a-20d75d7bb536,47.9524825,-123.5743475
2021-10-16,2505,950cb064-c6c0-4151-a05a-20d75d7bb536,47.9524825,-123.5743475
2021-10-17,2802,950cb064-c6c0-4151-a05a-20d75d7bb536,47.9524825,-123.5743475
2021-10-18,1619,950cb064-c6c0-4151-a05a-20d75d7bb536,47.9524825,-123.5743475
2021-10-19,845,950cb064-c6c0-4151-a05a-20d75d7bb536,47.9524825,-123.5743475
2021-10-20,3719,950cb064-c6c0-4151-a05a-20d75d7bb536,47.9524825,-123.5743475
2021-10-21,1561,950cb064-c6c0-4151-a05a-20d75d7bb536,47.9524825,-123.5743475
2021-10-22,1488,950cb064-c6c0-4151-a05a-20d75d7bb536,47.9524825,-123.5743475
2021-10-23,1574,950cb064-c6c0-4151-a05a-20d75d7bb536,47.9524825,-123.5743475
2021-10-24,4230,950cb064-c6c0-4151-a05a-20d75d7bb536,47.9524825,-123.5743475
2021-10-25,5639,950cb064-c6c0-4151-a05a-20d75d7bb536,47.9524825,-123.5743475
2021-10-26,926,950cb064-c6c0-4151-a05a-20d75d7bb536,47.9524825,-123.5743475
2021-10-27,68,950cb064-c6c0-4151-a05a-20d75d7bb536,47.9524825,-123.5743475
2021-10-28,5637,950cb064-c6c0-4151-a05a-20d75d7bb536,47.9524825,-123.5743475
2021-10-29,3546,950cb064-c6c0-4151-a05a-20d75d7bb536,47.9524825,-123.5743475
2021-10-30,932,950cb064-c6c0-4151-a05a-20d75d7bb536,47.9524825,-123.5743475
2021-10-31,1673,950cb064-c6c0-4151-a05a-20d75d7bb536,47.9524825,-123.5743475
2021-11-01,1598,950cb064-c6c0-4151-a05a-20d75d7bb536,47.9524825,-123.5743475
2021-11-02,4246,950cb064-c6c0-4151-a05a-20d75d7bb536,47.9524825,-123.5743475
2021-11-03,3547,950cb064-c6c0-4151-a05a-20d75d7bb536,47.9524825,-123.5743475
2021-11-04,5465,950cb064-c6c0-4151-a05a-20d75d7bb536,47.9524825,-123.5743475
2021-11-05,2562,950cb064-c6c0-4151-a05a-20d75d7bb536,47.9524825,-123.5743475
2021-11-06,5276,950cb064-c6c0-4151-a05a-20d75d7bb536,47.9524825,-123.5743475
2021-11-07,5676,950cb064-c6c0-4151-a05a-20d75d7bb536,47.9524825,-123.5743475
2021-11-08,272,950cb064-c6c0-4151-a05a-20d75d7bb536,47.9524825,-123.5743475
2021-11-09,2256,950cb064-c6c0-4151-a05a-20d75d7bb536,47.9524825,-123.5743475
2021-11-10,-142,950cb064-c6c0-4151-a05a-20d75d7bb536,47.9524825,-123.5743475
2021-11-11,4843,950cb064-c6c0-4151-a05a-20d75d7bb536,47.9524825,-123.5743475
2021-11-12,3092,950cb064-c6c0-4151-a05a-20d75d7bb536,47.9524825,-123.5743475
2021-11-13,4508,950cb064-c6c0-4151-a05a-20d75d7bb536,47.9524825,-123.5743475
2021-11-14,3076,950cb064-c6c0-4151-a05a-20d75d7bb536,47.9524825,-123.5743475
2021-11-15,5577,950cb064-c6c0-4151-a05a-20d75d7bb536,47.9524825,-123.5743475
2021-11-16,5957,950cb064-c6c0-4151-a05a-20d75d7bb536,47.9524825,-123.5743475
2021-11-17,1860,950cb064-c6c0-4151-a05a-20d75d7bb536,47.9524825,-123.5743475
2021-11-18,5220,950cb064-c6c0-4151-a05a-20d75d7bb536,47.9524825,-123.5743475
2021-11-19,5052,950cb064-c6c0-4151-a05a-20d75d7bb536,47.9524825,-123.5743475
2021-11-20,2084,950cb064-c6c0-4151-a05a-20d75d7bb536,47.9524825,-123.5743475
2021-11-21,4234,950cb064-c6c0-4151-a05a-20d75d7bb536,47.9524825,-123.5743475
2021-11-22,2877,950cb064-c6c0-4151-a05a-20d75d7bb536,47.9524825,-123.5743475
2021-11-23,580,950cb064-c6c0-4151-a05a-20d75d7bb536,47.9524825,-123.5743475
2021-11-24,3556,950cb064-c6c0-4151-a05a-20d75d7bb536,47.9524825,-123.5743475
2021-11-25,4110,950cb064-c6c0-4151-a05a-20d75d7bb536,47.9524825,-123.5743475
2021-11-26,1061,950cb064-c6c0-4151-a05a-20d75d7bb536,47.9524825,-123.5743475
2021-11-27,3587,950cb064-c6c0-4151-a05a-20d75d7bb536,47.9524825,-123.5743475
2021-11-28,3434,950cb064-c6c0-4151-a05a-20d75d7bb536,47.9524825,-123.5743475
2021-11-29,772,950cb064-c6c0-4151-a05a-20d75d7bb536,47.9524825,-123.5743475
2021-11-30,2413,950cb064-c6c0-4151-a05a-20d75d7bb536,47.9524825,-123.5743475
2021-12-01,2669,950cb064-c6c0-4151-a05a-20d75d7bb536,47.9524825,-123.5743475
2021-12-02,4860,950cb064-c6c0-4151-a05a-20d75d7bb536,47.9524825,-123.5743475
2021-12-03,43,950cb064-c6c0-4151-a05a-20d75d7bb536,47.9524825,-123.5743475
2021-12-04,2002,950cb064-c6c0-4151-a05a-20d75d7bb536,47.9524825,-123.5743475
2021-12-05,2535,950cb064-c6c0-4151-a05a-20d75d7bb536,47.9524825,-123.5743475
2021-12-06,1449,950cb064-c6c0-4151-a05a-20d75d7bb536,47.9524825,-123.5743475
2021-12-07,1549,950cb064-c6c0-4151-a05a-20d75d7bb536,47.9524825,-123.5743475
2021-12-08,3054,950cb064-c6c0-4151-a05a-20d75d7bb536,47.9524825,-123.5743475
2021-12-09,4285,950cb064-c6c0-4151-a05a-20d75d7bb536,47.9524825,-123.5743475
2021-12-10,3858,950cb064-c6c0-4151-a05a-20d75d7bb536,47.9524825,-123.5743475
2021-12-11,1368,950cb064-c6c0-4151-a05a-20d75d7bb536,47.9524825,-123.5743475
2021-12-12,4107,950cb064-c6c0-4151-a05a-20d75d7bb536,47.9524825,-123.5743475
2021-12-13,2498,950cb064-c6c0-4151-a05a-20d75d7bb536,47.9524825,-123.5743475
2021-12-14,2361,950cb064-c6c0-4151-a05a-20d75d7bb536,47.9524825,-123.5743475
2021-12-15,1323,950cb064-c6c0-4151-a05a-20d75d7bb536,47.9524825,-123.5743475
2021-12-16,-935,950cb064-c6c0-4151-a05a-20d75d7bb536,47.9524825,-123.5743475
2021-12-17,1287,950cb064-c6c0-4151-a05a-20d75d7bb536,47.9524825,-123.5743475
2021-12-18,3877,950cb064-c6c0-4151-a05a-20d75d7bb536,47.9524825,-123.5743475
2021-12-19,5557,950cb064-c6c0-4151-a05a-20d75d7bb536,47.9524825,-123.5743475
2021-12-20,1818,950cb064-c6c0-4151-a05a-20d75d7bb536,47.9524825,-123.5743475
2021-12-21,986,950cb064-c6c0-4151-a05a-20d75d7bb536,47.9524825,-123.5743475
2021-12-22,6661,950cb064-c6c0-4151-a05a-20d75d7bb536,47.9524825,-123.5743475
2021-12-23,867,950cb064-c6c0-4151-a05a-20d75d7bb536,47.9524825,-123.5743475
2021-12-24,2439,950cb064-c6c0-4151-a05a-20d75d7bb536,47.9524825,-123.5743475
2021-12-25,2618,950cb064-c6c0-4151-a05a-20d75d7bb536,47.9524825,-123.5743475
2021-12-26,585,950cb064-c6c0-4151-a05a-20d75d7bb536,47.9524825,-123.5743475
2021-12-27,3215,950cb064-c6c0-4151-a05a-20d75d7bb536,47.9524825,-123.5743475
2021-12-28,3035,950cb064-c6c0-4151-a05a-20d75d7bb536,47.9524825,-123.5743475
2021-12-29,5316,950cb064-c6c0-4151-a05a-20d75d7bb536,47.9524825,-123.5743475
2021-12-30,54,950cb064-c6c0-4151-a05a-20d75d7bb536,47.9524825,-123.5743475
