date,mod10a1_ndsi,cell_id,latitude,longitude
2020-01-01,3804.6679340937903,90372fdb-336d-4b5d-aef1-45d4c4da0c71,37.321059,-106.5602555
2020-01-02,2121.6286438529787,90372fdb-336d-4b5d-aef1-45d4c4da0c71,37.321059,-106.5602555
2020-01-03,3466.8276299112804,90372fdb-336d-4b5d-aef1-45d4c4da0c71,37.321059,-106.5602555
2020-01-04,3231.9569074778206,90372fdb-336d-4b5d-aef1-45d4c4da0c71,37.321059,-106.5602555
2020-01-05,4405.179974651458,90372fdb-336d-4b5d-aef1-45d4c4da0c71,37.321059,-106.5602555
2020-01-06,3027.204055766794,90372fdb-336d-4b5d-aef1-45d4c4da0c71,37.321059,-106.5602555
2020-01-07,5093.441064638784,90372fdb-336d-4b5d-aef1-45d4c4da0c71,37.321059,-106.5602555
2020-01-08,2533.503168567808,90372fdb-336d-4b5d-aef1-45d4c4da0c71,37.321059,-106.5602555
2020-01-09,3791.9125475285177,90372fdb-336d-4b5d-aef1-45d4c4da0c71,37.321059,-106.5602555
2020-01-10,4610.124207858049,90372fdb-336d-4b5d-aef1-45d4c4da0c71,37.321059,-106.5602555
2020-01-11,3095.6121673003813,90372fdb-336d-4b5d-aef1-45d4c4da0c71,37.321059,-106.5602555
2020-01-12,3739.0,90372fdb-336d-4b5d-aef1-45d4c4da0c71,37.321059,-106.5602555
2020-01-13,2230.501901140685,90372fdb-336d-4b5d-aef1-45d4c4da0c71,37.321059,-106.5602555
2020-01-14,4500.079847908745,90372fdb-336d-4b5d-aef1-45d4c4da0c71,37.321059,-106.5602555
2020-01-15,3049.7389100126748,90372fdb-336d-4b5d-aef1-45d4c4da0c71,37.321059,-106.5602555
2020-01-16,3688.147021546262,90372fdb-336d-4b5d-aef1-45d4c4da0c71,37.321059,-106.5602555
2020-01-17,1798.124207858048,90372fdb-336d-4b5d-aef1-45d4c4da0c71,37.321059,-106.5602555
2020-01-18,3449.266159695818,90372fdb-336d-4b5d-aef1-45d4c4da0c71,37.321059,-106.5602555
2020-01-19,2983.7845373891005,90372fdb-336d-4b5d-aef1-45d4c4da0c71,37.321059,-106.5602555
2020-01-20,2956.391634980989,90372fdb-336d-4b5d-aef1-45d4c4da0c71,37.321059,-106.5602555
2020-01-21,1753.9340937896072,90372fdb-336d-4b5d-aef1-45d4c4da0c71,37.321059,-106.5602555
2020-01-22,2171.006337135615,90372fdb-336d-4b5d-aef1-45d4c4da0c71,37.321059,-106.5602555
2020-01-23,4951.770595690748,90372fdb-336d-4b5d-aef1-45d4c4da0c71,37.321059,-106.5602555
2020-01-24,3671.851711026617,90372fdb-336d-4b5d-aef1-45d4c4da0c71,37.321059,-106.5602555
2020-01-25,4019.0076045627384,90372fdb-336d-4b5d-aef1-45d4c4da0c71,37.321059,-106.5602555
2020-01-26,3621.2762991128016,90372fdb-336d-4b5d-aef1-45d4c4da0c71,37.321059,-106.5602555
2020-01-27,1294.173637515843,90372fdb-336d-4b5d-aef1-45d4c4da0c71,37.321059,-106.5602555
2020-01-28,3367.5069708491765,90372fdb-336d-4b5d-aef1-45d4c4da0c71,37.321059,-106.5602555
2020-01-29,1519.0,90372fdb-336d-4b5d-aef1-45d4c4da0c71,37.321059,-106.5602555
2020-01-30,3830.514575411915,90372fdb-336d-4b5d-aef1-45d4c4da0c71,37.321059,-106.5602555
2020-01-31,1828.724968314322,90372fdb-336d-4b5d-aef1-45d4c4da0c71,37.321059,-106.5602555
2020-02-01,3210.4474017743987,90372fdb-336d-4b5d-aef1-45d4c4da0c71,37.321059,-106.5602555
2020-02-02,4581.536121673004,90372fdb-336d-4b5d-aef1-45d4c4da0c71,37.321059,-106.5602555
2020-02-03,1359.619771863118,90372fdb-336d-4b5d-aef1-45d4c4da0c71,37.321059,-106.5602555
2020-02-04,3136.269961977187,90372fdb-336d-4b5d-aef1-45d4c4da0c71,37.321059,-106.5602555
2020-02-05,3875.847908745248,90372fdb-336d-4b5d-aef1-45d4c4da0c71,37.321059,-106.5602555
2020-02-06,4299.0,90372fdb-336d-4b5d-aef1-45d4c4da0c71,37.321059,-106.5602555
2020-02-07,2823.5386565272497,90372fdb-336d-4b5d-aef1-45d4c4da0c71,37.321059,-106.5602555
2020-02-08,4702.510773130545,90372fdb-336d-4b5d-aef1-45d4c4da0c71,37.321059,-106.5602555
2020-02-09,2707.986058301648,90372fdb-336d-4b5d-aef1-45d4c4da0c71,37.321059,-106.5602555
2020-02-10,1160.769328263625,90372fdb-336d-4b5d-aef1-45d4c4da0c71,37.321059,-106.5602555
2020-02-11,2528.1470215462614,90372fdb-336d-4b5d-aef1-45d4c4da0c71,37.321059,-106.5602555
2020-02-12,3627.0,90372fdb-336d-4b5d-aef1-45d4c4da0c71,37.321059,-106.5602555
2020-02-13,3737.7870722433468,90372fdb-336d-4b5d-aef1-45d4c4da0c71,37.321059,-106.5602555
2020-02-14,1643.4461343472751,90372fdb-336d-4b5d-aef1-45d4c4da0c71,37.321059,-106.5602555
2020-02-15,4283.793409378961,90372fdb-336d-4b5d-aef1-45d4c4da0c71,37.321059,-106.5602555
2020-02-16,2840.798479087453,90372fdb-336d-4b5d-aef1-45d4c4da0c71,37.321059,-106.5602555
2020-02-17,5105.286438529786,90372fdb-336d-4b5d-aef1-45d4c4da0c71,37.321059,-106.5602555
2020-02-18,4140.727503168569,90372fdb-336d-4b5d-aef1-45d4c4da0c71,37.321059,-106.5602555
2020-02-19,2758.4423320659066,90372fdb-336d-4b5d-aef1-45d4c4da0c71,37.321059,-106.5602555
2020-02-20,3142.8998732572877,90372fdb-336d-4b5d-aef1-45d4c4da0c71,37.321059,-106.5602555
2020-02-21,1992.5437262357418,90372fdb-336d-4b5d-aef1-45d4c4da0c71,37.321059,-106.5602555
2020-02-22,3483.0354879594433,90372fdb-336d-4b5d-aef1-45d4c4da0c71,37.321059,-106.5602555
2020-02-23,3505.0785804816232,90372fdb-336d-4b5d-aef1-45d4c4da0c71,37.321059,-106.5602555
2020-02-24,3230.244613434728,90372fdb-336d-4b5d-aef1-45d4c4da0c71,37.321059,-106.5602555
2020-02-25,1190.534854245881,90372fdb-336d-4b5d-aef1-45d4c4da0c71,37.321059,-106.5602555
2020-02-26,4487.91761723701,90372fdb-336d-4b5d-aef1-45d4c4da0c71,37.321059,-106.5602555
2020-02-27,4306.196451204056,90372fdb-336d-4b5d-aef1-45d4c4da0c71,37.321059,-106.5602555
2020-02-28,3247.1609632446134,90372fdb-336d-4b5d-aef1-45d4c4da0c71,37.321059,-106.5602555
2020-02-29,3987.4435994930295,90372fdb-336d-4b5d-aef1-45d4c4da0c71,37.321059,-106.5602555
2020-03-01,435.16603295310523,90372fdb-336d-4b5d-aef1-45d4c4da0c71,37.321059,-106.5602555
2020-03-02,3609.661596958176,90372fdb-336d-4b5d-aef1-45d4c4da0c71,37.321059,-106.5602555
2020-03-03,1683.0,90372fdb-336d-4b5d-aef1-45d4c4da0c71,37.321059,-106.5602555
2020-03-04,5964.851711026616,90372fdb-336d-4b5d-aef1-45d4c4da0c71,37.321059,-106.5602555
2020-03-05,3747.9125475285177,90372fdb-336d-4b5d-aef1-45d4c4da0c71,37.321059,-106.5602555
2020-03-06,4236.902408111534,90372fdb-336d-4b5d-aef1-45d4c4da0c71,37.321059,-106.5602555
2020-03-07,2578.7705956907485,90372fdb-336d-4b5d-aef1-45d4c4da0c71,37.321059,-106.5602555
2020-03-08,2119.6223067173637,90372fdb-336d-4b5d-aef1-45d4c4da0c71,37.321059,-106.5602555
2020-03-09,4501.368821292776,90372fdb-336d-4b5d-aef1-45d4c4da0c71,37.321059,-106.5602555
2020-03-10,1904.4258555133083,90372fdb-336d-4b5d-aef1-45d4c4da0c71,37.321059,-106.5602555
2020-03-11,1246.4828897338405,90372fdb-336d-4b5d-aef1-45d4c4da0c71,37.321059,-106.5602555
2020-03-12,2782.8681875792145,90372fdb-336d-4b5d-aef1-45d4c4da0c71,37.321059,-106.5602555
2020-03-13,4208.0481622306725,90372fdb-336d-4b5d-aef1-45d4c4da0c71,37.321059,-106.5602555
2020-03-14,3946.0,90372fdb-336d-4b5d-aef1-45d4c4da0c71,37.321059,-106.5602555
2020-03-15,3992.799746514576,90372fdb-336d-4b5d-aef1-45d4c4da0c71,37.321059,-106.5602555
2020-03-16,5052.792141951839,90372fdb-336d-4b5d-aef1-45d4c4da0c71,37.321059,-106.5602555
2020-03-17,2781.1419518377697,90372fdb-336d-4b5d-aef1-45d4c4da0c71,37.321059,-106.5602555
2020-03-18,2601.7845373891005,90372fdb-336d-4b5d-aef1-45d4c4da0c71,37.321059,-106.5602555
2020-03-19,3275.0,90372fdb-336d-4b5d-aef1-45d4c4da0c71,37.321059,-106.5602555
2020-03-20,3337.3054499366294,90372fdb-336d-4b5d-aef1-45d4c4da0c71,37.321059,-106.5602555
2020-03-21,3864.6615969581753,90372fdb-336d-4b5d-aef1-45d4c4da0c71,37.321059,-106.5602555
2020-03-22,3032.4917617237015,90372fdb-336d-4b5d-aef1-45d4c4da0c71,37.321059,-106.5602555
2020-03-23,1120.0659062103932,90372fdb-336d-4b5d-aef1-45d4c4da0c71,37.321059,-106.5602555
2020-03-24,3418.7325728770597,90372fdb-336d-4b5d-aef1-45d4c4da0c71,37.321059,-106.5602555
2020-03-25,3205.463878326997,90372fdb-336d-4b5d-aef1-45d4c4da0c71,37.321059,-106.5602555
2020-03-26,3556.0,90372fdb-336d-4b5d-aef1-45d4c4da0c71,37.321059,-106.5602555
2020-03-27,4635.220532319392,90372fdb-336d-4b5d-aef1-45d4c4da0c71,37.321059,-106.5602555
2020-03-28,4402.0,90372fdb-336d-4b5d-aef1-45d4c4da0c71,37.321059,-106.5602555
2020-03-29,4870.3244613434745,90372fdb-336d-4b5d-aef1-45d4c4da0c71,37.321059,-106.5602555
2020-03-30,3162.84030418251,90372fdb-336d-4b5d-aef1-45d4c4da0c71,37.321059,-106.5602555
2020-03-31,3317.6552598225608,90372fdb-336d-4b5d-aef1-45d4c4da0c71,37.321059,-106.5602555
2020-04-01,4820.480354879595,90372fdb-336d-4b5d-aef1-45d4c4da0c71,37.321059,-106.5602555
2020-04-02,1083.2851711026617,90372fdb-336d-4b5d-aef1-45d4c4da0c71,37.321059,-106.5602555
2020-04-03,4117.59062103929,90372fdb-336d-4b5d-aef1-45d4c4da0c71,37.321059,-106.5602555
2020-04-04,612.8795944233207,90372fdb-336d-4b5d-aef1-45d4c4da0c71,37.321059,-106.5602555
2020-04-05,6105.807351077315,90372fdb-336d-4b5d-aef1-45d4c4da0c71,37.321059,-106.5602555
2020-04-06,5555.335868187581,90372fdb-336d-4b5d-aef1-45d4c4da0c71,37.321059,-106.5602555
2020-04-07,4926.665399239544,90372fdb-336d-4b5d-aef1-45d4c4da0c71,37.321059,-106.5602555
2020-04-08,5203.309252217998,90372fdb-336d-4b5d-aef1-45d4c4da0c71,37.321059,-106.5602555
2020-04-09,3555.9961977186313,90372fdb-336d-4b5d-aef1-45d4c4da0c71,37.321059,-106.5602555
2020-04-10,878.7807351077314,90372fdb-336d-4b5d-aef1-45d4c4da0c71,37.321059,-106.5602555
2020-04-11,2911.2775665399245,90372fdb-336d-4b5d-aef1-45d4c4da0c71,37.321059,-106.5602555
2020-04-12,3869.4309252218004,90372fdb-336d-4b5d-aef1-45d4c4da0c71,37.321059,-106.5602555
2020-04-13,1663.0,90372fdb-336d-4b5d-aef1-45d4c4da0c71,37.321059,-106.5602555
2020-04-14,5184.1711026615985,90372fdb-336d-4b5d-aef1-45d4c4da0c71,37.321059,-106.5602555
2020-04-15,4758.100126742713,90372fdb-336d-4b5d-aef1-45d4c4da0c71,37.321059,-106.5602555
2020-04-16,3829.0012674271234,90372fdb-336d-4b5d-aef1-45d4c4da0c71,37.321059,-106.5602555
2020-04-17,4242.584283903675,90372fdb-336d-4b5d-aef1-45d4c4da0c71,37.321059,-106.5602555
2020-04-18,2836.0,90372fdb-336d-4b5d-aef1-45d4c4da0c71,37.321059,-106.5602555
2020-04-19,1841.5640050697086,90372fdb-336d-4b5d-aef1-45d4c4da0c71,37.321059,-106.5602555
2020-04-20,1391.0063371356148,90372fdb-336d-4b5d-aef1-45d4c4da0c71,37.321059,-106.5602555
2020-04-21,5214.675538656528,90372fdb-336d-4b5d-aef1-45d4c4da0c71,37.321059,-106.5602555
2020-04-22,3555.865652724969,90372fdb-336d-4b5d-aef1-45d4c4da0c71,37.321059,-106.5602555
2020-04-23,944.4664131812423,90372fdb-336d-4b5d-aef1-45d4c4da0c71,37.321059,-106.5602555
2020-04-24,4703.537389100127,90372fdb-336d-4b5d-aef1-45d4c4da0c71,37.321059,-106.5602555
2020-04-25,3450.7046894803557,90372fdb-336d-4b5d-aef1-45d4c4da0c71,37.321059,-106.5602555
2020-04-26,3971.0519645120407,90372fdb-336d-4b5d-aef1-45d4c4da0c71,37.321059,-106.5602555
2020-04-27,2240.9797211660334,90372fdb-336d-4b5d-aef1-45d4c4da0c71,37.321059,-106.5602555
2020-04-28,5111.325728770597,90372fdb-336d-4b5d-aef1-45d4c4da0c71,37.321059,-106.5602555
2020-04-29,3967.0,90372fdb-336d-4b5d-aef1-45d4c4da0c71,37.321059,-106.5602555
2020-04-30,4196.204055766793,90372fdb-336d-4b5d-aef1-45d4c4da0c71,37.321059,-106.5602555
2020-05-01,3706.958174904943,90372fdb-336d-4b5d-aef1-45d4c4da0c71,37.321059,-106.5602555
2020-05-02,3462.653992395438,90372fdb-336d-4b5d-aef1-45d4c4da0c71,37.321059,-106.5602555
2020-05-03,4399.0,90372fdb-336d-4b5d-aef1-45d4c4da0c71,37.321059,-106.5602555
2020-05-04,1147.5221799746516,90372fdb-336d-4b5d-aef1-45d4c4da0c71,37.321059,-106.5602555
2020-05-05,4252.09885931559,90372fdb-336d-4b5d-aef1-45d4c4da0c71,37.321059,-106.5602555
2020-05-06,39.589353612167294,90372fdb-336d-4b5d-aef1-45d4c4da0c71,37.321059,-106.5602555
2020-05-07,4121.101394169837,90372fdb-336d-4b5d-aef1-45d4c4da0c71,37.321059,-106.5602555
2020-05-08,2964.0,90372fdb-336d-4b5d-aef1-45d4c4da0c71,37.321059,-106.5602555
2020-05-09,1125.3726235741447,90372fdb-336d-4b5d-aef1-45d4c4da0c71,37.321059,-106.5602555
2020-05-10,2924.0,90372fdb-336d-4b5d-aef1-45d4c4da0c71,37.321059,-106.5602555
2020-05-11,3009.9062103929023,90372fdb-336d-4b5d-aef1-45d4c4da0c71,37.321059,-106.5602555
2020-05-12,3992.684410646388,90372fdb-336d-4b5d-aef1-45d4c4da0c71,37.321059,-106.5602555
2020-05-13,-771.447401774398,90372fdb-336d-4b5d-aef1-45d4c4da0c71,37.321059,-106.5602555
2020-05-14,415.9074778200254,90372fdb-336d-4b5d-aef1-45d4c4da0c71,37.321059,-106.5602555
2020-05-15,-15.44613434727504,90372fdb-336d-4b5d-aef1-45d4c4da0c71,37.321059,-106.5602555
2020-05-16,-153.61470215462612,90372fdb-336d-4b5d-aef1-45d4c4da0c71,37.321059,-106.5602555
2020-05-17,99.79847908745249,90372fdb-336d-4b5d-aef1-45d4c4da0c71,37.321059,-106.5602555
2020-05-18,-1666.0,90372fdb-336d-4b5d-aef1-45d4c4da0c71,37.321059,-106.5602555
2020-05-19,-307.3548795944234,90372fdb-336d-4b5d-aef1-45d4c4da0c71,37.321059,-106.5602555
2020-05-20,-2048.2065906210396,90372fdb-336d-4b5d-aef1-45d4c4da0c71,37.321059,-106.5602555
2020-05-21,-1147.575411913815,90372fdb-336d-4b5d-aef1-45d4c4da0c71,37.321059,-106.5602555
2020-05-22,-1843.0,90372fdb-336d-4b5d-aef1-45d4c4da0c71,37.321059,-106.5602555
2020-05-23,-1970.4448669201524,90372fdb-336d-4b5d-aef1-45d4c4da0c71,37.321059,-106.5602555
2020-05-24,23.455006337135615,90372fdb-336d-4b5d-aef1-45d4c4da0c71,37.321059,-106.5602555
2020-05-25,-2832.1558935361218,90372fdb-336d-4b5d-aef1-45d4c4da0c71,37.321059,-106.5602555
2020-05-26,-1665.8618504436,90372fdb-336d-4b5d-aef1-45d4c4da0c71,37.321059,-106.5602555
2020-05-27,1040.4752851711028,90372fdb-336d-4b5d-aef1-45d4c4da0c71,37.321059,-106.5602555
2020-05-28,-213.4093789607098,90372fdb-336d-4b5d-aef1-45d4c4da0c71,37.321059,-106.5602555
2020-05-29,-2594.648922686946,90372fdb-336d-4b5d-aef1-45d4c4da0c71,37.321059,-106.5602555
2020-05-30,5484.158428390368,90372fdb-336d-4b5d-aef1-45d4c4da0c71,37.321059,-106.5602555
2020-05-31,-227.0,90372fdb-336d-4b5d-aef1-45d4c4da0c71,37.321059,-106.5602555
2020-06-01,4414.998732572878,90372fdb-336d-4b5d-aef1-45d4c4da0c71,37.321059,-106.5602555
2020-06-02,-306.5158428390368,90372fdb-336d-4b5d-aef1-45d4c4da0c71,37.321059,-106.5602555
2020-06-03,-465.46894803548804,90372fdb-336d-4b5d-aef1-45d4c4da0c71,37.321059,-106.5602555
2020-06-04,-2799.9505703422055,90372fdb-336d-4b5d-aef1-45d4c4da0c71,37.321059,-106.5602555
2020-06-05,-956.8073510773131,90372fdb-336d-4b5d-aef1-45d4c4da0c71,37.321059,-106.5602555
2020-06-06,478.2978453738911,90372fdb-336d-4b5d-aef1-45d4c4da0c71,37.321059,-106.5602555
2020-06-07,-2491.072243346008,90372fdb-336d-4b5d-aef1-45d4c4da0c71,37.321059,-106.5602555
2020-06-08,-4204.856780735108,90372fdb-336d-4b5d-aef1-45d4c4da0c71,37.321059,-106.5602555
2020-06-09,-2220.221799746515,90372fdb-336d-4b5d-aef1-45d4c4da0c71,37.321059,-106.5602555
2020-06-10,-3984.505703422053,90372fdb-336d-4b5d-aef1-45d4c4da0c71,37.321059,-106.5602555
2020-06-11,-2733.363751584284,90372fdb-336d-4b5d-aef1-45d4c4da0c71,37.321059,-106.5602555
2020-06-12,3186.6831432192657,90372fdb-336d-4b5d-aef1-45d4c4da0c71,37.321059,-106.5602555
2020-06-13,2739.266159695818,90372fdb-336d-4b5d-aef1-45d4c4da0c71,37.321059,-106.5602555
2020-06-14,-207.80354879594427,90372fdb-336d-4b5d-aef1-45d4c4da0c71,37.321059,-106.5602555
2020-06-15,-3970.1280101394177,90372fdb-336d-4b5d-aef1-45d4c4da0c71,37.321059,-106.5602555
2020-06-16,-401.0,90372fdb-336d-4b5d-aef1-45d4c4da0c71,37.321059,-106.5602555
2020-06-17,-4217.973384030419,90372fdb-336d-4b5d-aef1-45d4c4da0c71,37.321059,-106.5602555
2020-06-18,-1919.6641318124207,90372fdb-336d-4b5d-aef1-45d4c4da0c71,37.321059,-106.5602555
2020-06-19,-3490.532319391635,90372fdb-336d-4b5d-aef1-45d4c4da0c71,37.321059,-106.5602555
2020-06-20,-2943.470215462612,90372fdb-336d-4b5d-aef1-45d4c4da0c71,37.321059,-106.5602555
2020-06-21,-1811.7059569074781,90372fdb-336d-4b5d-aef1-45d4c4da0c71,37.321059,-106.5602555
2020-06-22,-2682.9784537389105,90372fdb-336d-4b5d-aef1-45d4c4da0c71,37.321059,-106.5602555
2020-06-23,-2540.367553865653,90372fdb-336d-4b5d-aef1-45d4c4da0c71,37.321059,-106.5602555
2020-06-24,-3987.4702154626116,90372fdb-336d-4b5d-aef1-45d4c4da0c71,37.321059,-106.5602555
2020-06-25,432.61216730038024,90372fdb-336d-4b5d-aef1-45d4c4da0c71,37.321059,-106.5602555
2020-06-26,921.641318124208,90372fdb-336d-4b5d-aef1-45d4c4da0c71,37.321059,-106.5602555
2020-06-27,-2559.453738910013,90372fdb-336d-4b5d-aef1-45d4c4da0c71,37.321059,-106.5602555
2020-06-28,-3056.9898605830167,90372fdb-336d-4b5d-aef1-45d4c4da0c71,37.321059,-106.5602555
2020-06-29,-388.6932826362485,90372fdb-336d-4b5d-aef1-45d4c4da0c71,37.321059,-106.5602555
2020-06-30,-2794.202788339671,90372fdb-336d-4b5d-aef1-45d4c4da0c71,37.321059,-106.5602555
2020-07-01,-3718.4258555133088,90372fdb-336d-4b5d-aef1-45d4c4da0c71,37.321059,-106.5602555
2020-07-02,-1307.2027883396706,90372fdb-336d-4b5d-aef1-45d4c4da0c71,37.321059,-106.5602555
2020-07-03,-1462.5323193916354,90372fdb-336d-4b5d-aef1-45d4c4da0c71,37.321059,-106.5602555
2020-07-04,-1905.836501901141,90372fdb-336d-4b5d-aef1-45d4c4da0c71,37.321059,-106.5602555
2020-07-05,-3499.5487959442335,90372fdb-336d-4b5d-aef1-45d4c4da0c71,37.321059,-106.5602555
2020-07-06,1917.9746514575413,90372fdb-336d-4b5d-aef1-45d4c4da0c71,37.321059,-106.5602555
2020-07-07,-3047.112801013942,90372fdb-336d-4b5d-aef1-45d4c4da0c71,37.321059,-106.5602555
2020-07-08,-3452.918884664132,90372fdb-336d-4b5d-aef1-45d4c4da0c71,37.321059,-106.5602555
2020-07-09,-2867.0,90372fdb-336d-4b5d-aef1-45d4c4da0c71,37.321059,-106.5602555
2020-07-10,-4240.749049429658,90372fdb-336d-4b5d-aef1-45d4c4da0c71,37.321059,-106.5602555
2020-07-11,-665.7110266159699,90372fdb-336d-4b5d-aef1-45d4c4da0c71,37.321059,-106.5602555
2020-07-12,-2739.566539923955,90372fdb-336d-4b5d-aef1-45d4c4da0c71,37.321059,-106.5602555
2020-07-13,-449.873257287706,90372fdb-336d-4b5d-aef1-45d4c4da0c71,37.321059,-106.5602555
2020-07-14,382.80608365019015,90372fdb-336d-4b5d-aef1-45d4c4da0c71,37.321059,-106.5602555
2020-07-15,1225.1077313054502,90372fdb-336d-4b5d-aef1-45d4c4da0c71,37.321059,-106.5602555
2020-07-16,4123.487959442333,90372fdb-336d-4b5d-aef1-45d4c4da0c71,37.321059,-106.5602555
2020-07-17,22.375158428390346,90372fdb-336d-4b5d-aef1-45d4c4da0c71,37.321059,-106.5602555
2020-07-18,845.0,90372fdb-336d-4b5d-aef1-45d4c4da0c71,37.321059,-106.5602555
2020-07-19,4661.256020278835,90372fdb-336d-4b5d-aef1-45d4c4da0c71,37.321059,-106.5602555
2020-07-20,5013.986058301648,90372fdb-336d-4b5d-aef1-45d4c4da0c71,37.321059,-106.5602555
2020-07-21,122.55766793409377,90372fdb-336d-4b5d-aef1-45d4c4da0c71,37.321059,-106.5602555
2020-07-22,1609.8517110266162,90372fdb-336d-4b5d-aef1-45d4c4da0c71,37.321059,-106.5602555
2020-07-23,2265.0,90372fdb-336d-4b5d-aef1-45d4c4da0c71,37.321059,-106.5602555
2020-07-24,2262.3738910012676,90372fdb-336d-4b5d-aef1-45d4c4da0c71,37.321059,-106.5602555
2020-07-25,-309.0,90372fdb-336d-4b5d-aef1-45d4c4da0c71,37.321059,-106.5602555
2020-07-26,3171.1292775665406,90372fdb-336d-4b5d-aef1-45d4c4da0c71,37.321059,-106.5602555
2020-07-27,1228.1153358681877,90372fdb-336d-4b5d-aef1-45d4c4da0c71,37.321059,-106.5602555
2020-07-28,-1648.0,90372fdb-336d-4b5d-aef1-45d4c4da0c71,37.321059,-106.5602555
2020-07-29,-701.3637515842839,90372fdb-336d-4b5d-aef1-45d4c4da0c71,37.321059,-106.5602555
2020-07-30,-3457.69835234474,90372fdb-336d-4b5d-aef1-45d4c4da0c71,37.321059,-106.5602555
2020-07-31,-2511.9961977186313,90372fdb-336d-4b5d-aef1-45d4c4da0c71,37.321059,-106.5602555
2020-08-01,-2606.885931558936,90372fdb-336d-4b5d-aef1-45d4c4da0c71,37.321059,-106.5602555
2020-08-02,5006.901140684411,90372fdb-336d-4b5d-aef1-45d4c4da0c71,37.321059,-106.5602555
2020-08-03,-113.66920152091257,90372fdb-336d-4b5d-aef1-45d4c4da0c71,37.321059,-106.5602555
2020-08-04,-3502.053231939164,90372fdb-336d-4b5d-aef1-45d4c4da0c71,37.321059,-106.5602555
2020-08-05,-1195.4030418250952,90372fdb-336d-4b5d-aef1-45d4c4da0c71,37.321059,-106.5602555
2020-08-06,-3592.533586818758,90372fdb-336d-4b5d-aef1-45d4c4da0c71,37.321059,-106.5602555
2020-08-07,-2628.286438529785,90372fdb-336d-4b5d-aef1-45d4c4da0c71,37.321059,-106.5602555
2020-08-08,-2652.025348542459,90372fdb-336d-4b5d-aef1-45d4c4da0c71,37.321059,-106.5602555
2020-08-09,-1786.9594423320661,90372fdb-336d-4b5d-aef1-45d4c4da0c71,37.321059,-106.5602555
2020-08-10,-2485.376425855514,90372fdb-336d-4b5d-aef1-45d4c4da0c71,37.321059,-106.5602555
2020-08-11,-3922.1026615969577,90372fdb-336d-4b5d-aef1-45d4c4da0c71,37.321059,-106.5602555
2020-08-12,-1840.2775665399245,90372fdb-336d-4b5d-aef1-45d4c4da0c71,37.321059,-106.5602555
2020-08-13,-3713.4043092522184,90372fdb-336d-4b5d-aef1-45d4c4da0c71,37.321059,-106.5602555
2020-08-14,-353.1863117870723,90372fdb-336d-4b5d-aef1-45d4c4da0c71,37.321059,-106.5602555
2020-08-15,2452.5310519645127,90372fdb-336d-4b5d-aef1-45d4c4da0c71,37.321059,-106.5602555
2020-08-16,-2099.0519645120407,90372fdb-336d-4b5d-aef1-45d4c4da0c71,37.321059,-106.5602555
2020-08-17,-1728.918884664132,90372fdb-336d-4b5d-aef1-45d4c4da0c71,37.321059,-106.5602555
2020-08-18,-2359.986058301648,90372fdb-336d-4b5d-aef1-45d4c4da0c71,37.321059,-106.5602555
2020-08-19,2789.0,90372fdb-336d-4b5d-aef1-45d4c4da0c71,37.321059,-106.5602555
2020-08-20,-3262.422053231939,90372fdb-336d-4b5d-aef1-45d4c4da0c71,37.321059,-106.5602555
2020-08-21,-284.0,90372fdb-336d-4b5d-aef1-45d4c4da0c71,37.321059,-106.5602555
2020-08-22,-1491.5462610899874,90372fdb-336d-4b5d-aef1-45d4c4da0c71,37.321059,-106.5602555
2020-08-23,2476.361216730039,90372fdb-336d-4b5d-aef1-45d4c4da0c71,37.321059,-106.5602555
2020-08-24,4580.537389100128,90372fdb-336d-4b5d-aef1-45d4c4da0c71,37.321059,-106.5602555
2020-08-25,5130.761723700888,90372fdb-336d-4b5d-aef1-45d4c4da0c71,37.321059,-106.5602555
2020-08-26,-405.937896070976,90372fdb-336d-4b5d-aef1-45d4c4da0c71,37.321059,-106.5602555
2020-08-27,-3230.3130544993664,90372fdb-336d-4b5d-aef1-45d4c4da0c71,37.321059,-106.5602555
2020-08-28,4630.0,90372fdb-336d-4b5d-aef1-45d4c4da0c71,37.321059,-106.5602555
2020-08-29,-931.7858048162233,90372fdb-336d-4b5d-aef1-45d4c4da0c71,37.321059,-106.5602555
2020-08-30,-316.2167300380228,90372fdb-336d-4b5d-aef1-45d4c4da0c71,37.321059,-106.5602555
2020-08-31,-2349.4866920152094,90372fdb-336d-4b5d-aef1-45d4c4da0c71,37.321059,-106.5602555
2020-09-01,-2335.2091254752854,90372fdb-336d-4b5d-aef1-45d4c4da0c71,37.321059,-106.5602555
2020-09-02,-2522.147021546262,90372fdb-336d-4b5d-aef1-45d4c4da0c71,37.321059,-106.5602555
2020-09-03,-3271.0722433460082,90372fdb-336d-4b5d-aef1-45d4c4da0c71,37.321059,-106.5602555
2020-09-04,-1451.8884664131813,90372fdb-336d-4b5d-aef1-45d4c4da0c71,37.321059,-106.5602555
2020-09-05,-708.576679340938,90372fdb-336d-4b5d-aef1-45d4c4da0c71,37.321059,-106.5602555
2020-09-06,-1655.7046894803555,90372fdb-336d-4b5d-aef1-45d4c4da0c71,37.321059,-106.5602555
2020-09-07,-1773.4385297845379,90372fdb-336d-4b5d-aef1-45d4c4da0c71,37.321059,-106.5602555
2020-09-08,2946.0633713561474,90372fdb-336d-4b5d-aef1-45d4c4da0c71,37.321059,-106.5602555
2020-09-09,775.4119138149558,90372fdb-336d-4b5d-aef1-45d4c4da0c71,37.321059,-106.5602555
2020-09-10,2594.2737642585553,90372fdb-336d-4b5d-aef1-45d4c4da0c71,37.321059,-106.5602555
2020-09-11,3400.139416983524,90372fdb-336d-4b5d-aef1-45d4c4da0c71,37.321059,-106.5602555
2020-09-12,5919.602027883397,90372fdb-336d-4b5d-aef1-45d4c4da0c71,37.321059,-106.5602555
2020-09-13,701.855513307985,90372fdb-336d-4b5d-aef1-45d4c4da0c71,37.321059,-106.5602555
2020-09-14,1952.3865652724971,90372fdb-336d-4b5d-aef1-45d4c4da0c71,37.321059,-106.5602555
2020-09-15,1027.5386565272497,90372fdb-336d-4b5d-aef1-45d4c4da0c71,37.321059,-106.5602555
2020-09-16,177.8542458808619,90372fdb-336d-4b5d-aef1-45d4c4da0c71,37.321059,-106.5602555
2020-09-17,612.6920152091255,90372fdb-336d-4b5d-aef1-45d4c4da0c71,37.321059,-106.5602555
2020-09-18,-22.98605830164766,90372fdb-336d-4b5d-aef1-45d4c4da0c71,37.321059,-106.5602555
2020-09-19,-1920.049429657795,90372fdb-336d-4b5d-aef1-45d4c4da0c71,37.321059,-106.5602555
2020-09-20,705.7160963244614,90372fdb-336d-4b5d-aef1-45d4c4da0c71,37.321059,-106.5602555
2020-09-21,-3048.310519645121,90372fdb-336d-4b5d-aef1-45d4c4da0c71,37.321059,-106.5602555
2020-09-22,1185.0,90372fdb-336d-4b5d-aef1-45d4c4da0c71,37.321059,-106.5602555
2020-09-23,-545.4385297845374,90372fdb-336d-4b5d-aef1-45d4c4da0c71,37.321059,-106.5602555
2020-09-24,-2749.671736375159,90372fdb-336d-4b5d-aef1-45d4c4da0c71,37.321059,-106.5602555
2020-09-25,-2553.0,90372fdb-336d-4b5d-aef1-45d4c4da0c71,37.321059,-106.5602555
2020-09-26,-2707.4854245880865,90372fdb-336d-4b5d-aef1-45d4c4da0c71,37.321059,-106.5602555
2020-09-27,-2314.065906210393,90372fdb-336d-4b5d-aef1-45d4c4da0c71,37.321059,-106.5602555
2020-09-28,-3073.8073510773133,90372fdb-336d-4b5d-aef1-45d4c4da0c71,37.321059,-106.5602555
2020-09-29,-2282.6970849176178,90372fdb-336d-4b5d-aef1-45d4c4da0c71,37.321059,-106.5602555
2020-09-30,-3330.728770595691,90372fdb-336d-4b5d-aef1-45d4c4da0c71,37.321059,-106.5602555
2020-10-01,-2281.8707224334603,90372fdb-336d-4b5d-aef1-45d4c4da0c71,37.321059,-106.5602555
2020-10-02,-1263.7667934093793,90372fdb-336d-4b5d-aef1-45d4c4da0c71,37.321059,-106.5602555
2020-10-03,-2268.125475285171,90372fdb-336d-4b5d-aef1-45d4c4da0c71,37.321059,-106.5602555
2020-10-04,-2232.7376425855514,90372fdb-336d-4b5d-aef1-45d4c4da0c71,37.321059,-106.5602555
2020-10-05,-2674.678073510773,90372fdb-336d-4b5d-aef1-45d4c4da0c71,37.321059,-106.5602555
2020-10-06,-1165.520912547529,90372fdb-336d-4b5d-aef1-45d4c4da0c71,37.321059,-106.5602555
2020-10-07,-2739.1863117870726,90372fdb-336d-4b5d-aef1-45d4c4da0c71,37.321059,-106.5602555
2020-10-08,-1263.1812420785805,90372fdb-336d-4b5d-aef1-45d4c4da0c71,37.321059,-106.5602555
2020-10-09,-1152.7414448669203,90372fdb-336d-4b5d-aef1-45d4c4da0c71,37.321059,-106.5602555
2020-10-10,-2352.709759188847,90372fdb-336d-4b5d-aef1-45d4c4da0c71,37.321059,-106.5602555
2020-10-11,-2583.0,90372fdb-336d-4b5d-aef1-45d4c4da0c71,37.321059,-106.5602555
2020-10-12,-3203.604562737643,90372fdb-336d-4b5d-aef1-45d4c4da0c71,37.321059,-106.5602555
2020-10-13,-2209.0,90372fdb-336d-4b5d-aef1-45d4c4da0c71,37.321059,-106.5602555
2020-10-14,-3382.5969581749055,90372fdb-336d-4b5d-aef1-45d4c4da0c71,37.321059,-106.5602555
2020-10-15,-1825.5069708491762,90372fdb-336d-4b5d-aef1-45d4c4da0c71,37.321059,-106.5602555
2020-10-16,-2837.4093789607105,90372fdb-336d-4b5d-aef1-45d4c4da0c71,37.321059,-106.5602555
2020-10-17,-2322.6793409378965,90372fdb-336d-4b5d-aef1-45d4c4da0c71,37.321059,-106.5602555
2020-10-18,-81.27122940430927,90372fdb-336d-4b5d-aef1-45d4c4da0c71,37.321059,-106.5602555
2020-10-19,-1990.47401774398,90372fdb-336d-4b5d-aef1-45d4c4da0c71,37.321059,-106.5602555
2020-10-20,-1868.921419518378,90372fdb-336d-4b5d-aef1-45d4c4da0c71,37.321059,-106.5602555
2020-10-21,-2892.38783269962,90372fdb-336d-4b5d-aef1-45d4c4da0c71,37.321059,-106.5602555
2020-10-22,-578.384030418251,90372fdb-336d-4b5d-aef1-45d4c4da0c71,37.321059,-106.5602555
2020-10-23,-2343.3016476552602,90372fdb-336d-4b5d-aef1-45d4c4da0c71,37.321059,-106.5602555
2020-10-24,-1637.621039290241,90372fdb-336d-4b5d-aef1-45d4c4da0c71,37.321059,-106.5602555
2020-10-25,4809.864385297846,90372fdb-336d-4b5d-aef1-45d4c4da0c71,37.321059,-106.5602555
2020-10-26,3087.6337135614704,90372fdb-336d-4b5d-aef1-45d4c4da0c71,37.321059,-106.5602555
2020-10-27,4605.915082382763,90372fdb-336d-4b5d-aef1-45d4c4da0c71,37.321059,-106.5602555
2020-10-28,3043.7313054499373,90372fdb-336d-4b5d-aef1-45d4c4da0c71,37.321059,-106.5602555
2020-10-29,4000.006337135616,90372fdb-336d-4b5d-aef1-45d4c4da0c71,37.321059,-106.5602555
2020-10-30,5719.013941698354,90372fdb-336d-4b5d-aef1-45d4c4da0c71,37.321059,-106.5602555
2020-10-31,3739.0,90372fdb-336d-4b5d-aef1-45d4c4da0c71,37.321059,-106.5602555
2020-11-01,4131.773130544994,90372fdb-336d-4b5d-aef1-45d4c4da0c71,37.321059,-106.5602555
2020-11-02,3521.5817490494305,90372fdb-336d-4b5d-aef1-45d4c4da0c71,37.321059,-106.5602555
2020-11-03,2321.479087452472,90372fdb-336d-4b5d-aef1-45d4c4da0c71,37.321059,-106.5602555
2020-11-04,4832.727503168569,90372fdb-336d-4b5d-aef1-45d4c4da0c71,37.321059,-106.5602555
2020-11-05,978.4233206590621,90372fdb-336d-4b5d-aef1-45d4c4da0c71,37.321059,-106.5602555
2020-11-06,2743.0,90372fdb-336d-4b5d-aef1-45d4c4da0c71,37.321059,-106.5602555
2020-11-07,4041.0,90372fdb-336d-4b5d-aef1-45d4c4da0c71,37.321059,-106.5602555
2020-11-08,4644.865652724969,90372fdb-336d-4b5d-aef1-45d4c4da0c71,37.321059,-106.5602555
2020-11-09,1889.0443599493035,90372fdb-336d-4b5d-aef1-45d4c4da0c71,37.321059,-106.5602555
2020-11-10,5668.313054499366,90372fdb-336d-4b5d-aef1-45d4c4da0c71,37.321059,-106.5602555
2020-11-11,3409.785804816223,90372fdb-336d-4b5d-aef1-45d4c4da0c71,37.321059,-106.5602555
2020-11-12,4882.320659062105,90372fdb-336d-4b5d-aef1-45d4c4da0c71,37.321059,-106.5602555
2020-11-13,5438.377693282636,90372fdb-336d-4b5d-aef1-45d4c4da0c71,37.321059,-106.5602555
2020-11-14,1503.2877059569078,90372fdb-336d-4b5d-aef1-45d4c4da0c71,37.321059,-106.5602555
2020-11-15,4680.487959442333,90372fdb-336d-4b5d-aef1-45d4c4da0c71,37.321059,-106.5602555
2020-11-16,4633.125475285172,90372fdb-336d-4b5d-aef1-45d4c4da0c71,37.321059,-106.5602555
2020-11-17,3457.2991128010144,90372fdb-336d-4b5d-aef1-45d4c4da0c71,37.321059,-106.5602555
2020-11-18,4123.557667934095,90372fdb-336d-4b5d-aef1-45d4c4da0c71,37.321059,-106.5602555
2020-11-19,2656.0,90372fdb-336d-4b5d-aef1-45d4c4da0c71,37.321059,-106.5602555
2020-11-20,3345.31432192649,90372fdb-336d-4b5d-aef1-45d4c4da0c71,37.321059,-106.5602555
2020-11-21,2466.005069708492,90372fdb-336d-4b5d-aef1-45d4c4da0c71,37.321059,-106.5602555
2020-11-22,3830.1064638783278,90372fdb-336d-4b5d-aef1-45d4c4da0c71,37.321059,-106.5602555
2020-11-23,2977.438529784538,90372fdb-336d-4b5d-aef1-45d4c4da0c71,37.321059,-106.5602555
2020-11-24,4810.798479087453,90372fdb-336d-4b5d-aef1-45d4c4da0c71,37.321059,-106.5602555
2020-11-25,3973.352344740178,90372fdb-336d-4b5d-aef1-45d4c4da0c71,37.321059,-106.5602555
2020-11-26,3267.2078580481625,90372fdb-336d-4b5d-aef1-45d4c4da0c71,37.321059,-106.5602555
2020-11-27,1368.2167300380231,90372fdb-336d-4b5d-aef1-45d4c4da0c71,37.321059,-106.5602555
2020-11-28,2348.3016476552602,90372fdb-336d-4b5d-aef1-45d4c4da0c71,37.321059,-106.5602555
2020-11-29,4099.413181242079,90372fdb-336d-4b5d-aef1-45d4c4da0c71,37.321059,-106.5602555
2020-11-30,3576.5994930291513,90372fdb-336d-4b5d-aef1-45d4c4da0c71,37.321059,-106.5602555
2020-12-01,6199.776932826362,90372fdb-336d-4b5d-aef1-45d4c4da0c71,37.321059,-106.5602555
2020-12-02,2834.0,90372fdb-336d-4b5d-aef1-45d4c4da0c71,37.321059,-106.5602555
2020-12-03,3295.6882129277574,90372fdb-336d-4b5d-aef1-45d4c4da0c71,37.321059,-106.5602555
2020-12-04,2885.3371356147027,90372fdb-336d-4b5d-aef1-45d4c4da0c71,37.321059,-106.5602555
2020-12-05,2419.940430925222,90372fdb-336d-4b5d-aef1-45d4c4da0c71,37.321059,-106.5602555
2020-12-06,2937.108998732573,90372fdb-336d-4b5d-aef1-45d4c4da0c71,37.321059,-106.5602555
2020-12-07,1437.832699619772,90372fdb-336d-4b5d-aef1-45d4c4da0c71,37.321059,-106.5602555
2020-12-08,4341.627376425856,90372fdb-336d-4b5d-aef1-45d4c4da0c71,37.321059,-106.5602555
2020-12-09,4080.6831432192657,90372fdb-336d-4b5d-aef1-45d4c4da0c71,37.321059,-106.5602555
2020-12-10,4232.675538656528,90372fdb-336d-4b5d-aef1-45d4c4da0c71,37.321059,-106.5602555
2020-12-11,3610.3155893536123,90372fdb-336d-4b5d-aef1-45d4c4da0c71,37.321059,-106.5602555
2020-12-12,3234.4093789607105,90372fdb-336d-4b5d-aef1-45d4c4da0c71,37.321059,-106.5602555
2020-12-13,5157.0,90372fdb-336d-4b5d-aef1-45d4c4da0c71,37.321059,-106.5602555
2020-12-14,4442.0,90372fdb-336d-4b5d-aef1-45d4c4da0c71,37.321059,-106.5602555
2020-12-15,5598.662864385298,90372fdb-336d-4b5d-aef1-45d4c4da0c71,37.321059,-106.5602555
2020-12-16,3625.220532319392,90372fdb-336d-4b5d-aef1-45d4c4da0c71,37.321059,-106.5602555
2020-12-17,4358.466413181242,90372fdb-336d-4b5d-aef1-45d4c4da0c71,37.321059,-106.5602555
2020-12-18,3318.7211660329535,90372fdb-336d-4b5d-aef1-45d4c4da0c71,37.321059,-106.5602555
2020-12-19,4660.152091254753,90372fdb-336d-4b5d-aef1-45d4c4da0c71,37.321059,-106.5602555
2020-12-20,3064.0,90372fdb-336d-4b5d-aef1-45d4c4da0c71,37.321059,-106.5602555
2020-12-21,2656.8288973384033,90372fdb-336d-4b5d-aef1-45d4c4da0c71,37.321059,-106.5602555
2020-12-22,301.2471482889734,90372fdb-336d-4b5d-aef1-45d4c4da0c71,37.321059,-106.5602555
2020-12-23,2631.9353612167306,90372fdb-336d-4b5d-aef1-45d4c4da0c71,37.321059,-106.5602555
2020-12-24,4206.792141951839,90372fdb-336d-4b5d-aef1-45d4c4da0c71,37.321059,-106.5602555
2020-12-25,3553.0,90372fdb-336d-4b5d-aef1-45d4c4da0c71,37.321059,-106.5602555
2020-12-26,4952.832699619773,90372fdb-336d-4b5d-aef1-45d4c4da0c71,37.321059,-106.5602555
2020-12-27,3153.38783269962,90372fdb-336d-4b5d-aef1-45d4c4da0c71,37.321059,-106.5602555
2020-12-28,6318.035487959443,90372fdb-336d-4b5d-aef1-45d4c4da0c71,37.321059,-106.5602555
2020-12-29,5179.68948035488,90372fdb-336d-4b5d-aef1-45d4c4da0c71,37.321059,-106.5602555
2020-12-30,4558.510773130545,90372fdb-336d-4b5d-aef1-45d4c4da0c71,37.321059,-106.5602555
2020-12-31,4520.34474017744,90372fdb-336d-4b5d-aef1-45d4c4da0c71,37.321059,-106.5602555
2021-01-01,605.2040557667935,90372fdb-336d-4b5d-aef1-45d4c4da0c71,37.321059,-106.5602555
2021-01-02,5241.662864385299,90372fdb-336d-4b5d-aef1-45d4c4da0c71,37.321059,-106.5602555
2021-01-03,3986.2103929024092,90372fdb-336d-4b5d-aef1-45d4c4da0c71,37.321059,-106.5602555
2021-01-04,4433.732572877059,90372fdb-336d-4b5d-aef1-45d4c4da0c71,37.321059,-106.5602555
2021-01-05,3784.9607097591897,90372fdb-336d-4b5d-aef1-45d4c4da0c71,37.321059,-106.5602555
2021-01-06,2415.050697084918,90372fdb-336d-4b5d-aef1-45d4c4da0c71,37.321059,-106.5602555
2021-01-07,3847.7693282636255,90372fdb-336d-4b5d-aef1-45d4c4da0c71,37.321059,-106.5602555
2021-01-08,3202.543726235742,90372fdb-336d-4b5d-aef1-45d4c4da0c71,37.321059,-106.5602555
2021-01-09,5864.0,90372fdb-336d-4b5d-aef1-45d4c4da0c71,37.321059,-106.5602555
2021-01-10,3643.0,90372fdb-336d-4b5d-aef1-45d4c4da0c71,37.321059,-106.5602555
2021-01-11,3930.3941698352355,90372fdb-336d-4b5d-aef1-45d4c4da0c71,37.321059,-106.5602555
2021-01-12,3344.27122940431,90372fdb-336d-4b5d-aef1-45d4c4da0c71,37.321059,-106.5602555
2021-01-13,3265.833967046896,90372fdb-336d-4b5d-aef1-45d4c4da0c71,37.321059,-106.5602555
2021-01-14,3557.0,90372fdb-336d-4b5d-aef1-45d4c4da0c71,37.321059,-106.5602555
2021-01-15,2246.0671736375166,90372fdb-336d-4b5d-aef1-45d4c4da0c71,37.321059,-106.5602555
2021-01-16,3939.8948035487965,90372fdb-336d-4b5d-aef1-45d4c4da0c71,37.321059,-106.5602555
2021-01-17,3860.735107731306,90372fdb-336d-4b5d-aef1-45d4c4da0c71,37.321059,-106.5602555
2021-01-18,5030.039290240813,90372fdb-336d-4b5d-aef1-45d4c4da0c71,37.321059,-106.5602555
2021-01-19,3272.1153358681877,90372fdb-336d-4b5d-aef1-45d4c4da0c71,37.321059,-106.5602555
2021-01-20,4497.906210392903,90372fdb-336d-4b5d-aef1-45d4c4da0c71,37.321059,-106.5602555
2021-01-21,1759.325728770596,90372fdb-336d-4b5d-aef1-45d4c4da0c71,37.321059,-106.5602555
2021-01-22,3263.648922686946,90372fdb-336d-4b5d-aef1-45d4c4da0c71,37.321059,-106.5602555
2021-01-23,3597.211660329532,90372fdb-336d-4b5d-aef1-45d4c4da0c71,37.321059,-106.5602555
2021-01-24,3487.32319391635,90372fdb-336d-4b5d-aef1-45d4c4da0c71,37.321059,-106.5602555
2021-01-25,3089.072243346008,90372fdb-336d-4b5d-aef1-45d4c4da0c71,37.321059,-106.5602555
2021-01-26,2803.2674271229407,90372fdb-336d-4b5d-aef1-45d4c4da0c71,37.321059,-106.5602555
2021-01-27,5567.979721166033,90372fdb-336d-4b5d-aef1-45d4c4da0c71,37.321059,-106.5602555
2021-01-28,4007.179974651458,90372fdb-336d-4b5d-aef1-45d4c4da0c71,37.321059,-106.5602555
2021-01-29,2330.268694550064,90372fdb-336d-4b5d-aef1-45d4c4da0c71,37.321059,-106.5602555
2021-01-30,5088.52978453739,90372fdb-336d-4b5d-aef1-45d4c4da0c71,37.321059,-106.5602555
2021-01-31,3222.0190114068446,90372fdb-336d-4b5d-aef1-45d4c4da0c71,37.321059,-106.5602555
2021-02-01,3030.8821292775674,90372fdb-336d-4b5d-aef1-45d4c4da0c71,37.321059,-106.5602555
2021-02-02,3934.9873257287713,90372fdb-336d-4b5d-aef1-45d4c4da0c71,37.321059,-106.5602555
2021-02-03,2129.2674271229407,90372fdb-336d-4b5d-aef1-45d4c4da0c71,37.321059,-106.5602555
2021-02-04,3923.4828897338416,90372fdb-336d-4b5d-aef1-45d4c4da0c71,37.321059,-106.5602555
2021-02-05,3948.362484157162,90372fdb-336d-4b5d-aef1-45d4c4da0c71,37.321059,-106.5602555
2021-02-06,3346.2281368821295,90372fdb-336d-4b5d-aef1-45d4c4da0c71,37.321059,-106.5602555
2021-02-07,2343.067173637516,90372fdb-336d-4b5d-aef1-45d4c4da0c71,37.321059,-106.5602555
2021-02-08,3668.5386565272506,90372fdb-336d-4b5d-aef1-45d4c4da0c71,37.321059,-106.5602555
2021-02-09,3095.179974651458,90372fdb-336d-4b5d-aef1-45d4c4da0c71,37.321059,-106.5602555
2021-02-10,2315.7414448669206,90372fdb-336d-4b5d-aef1-45d4c4da0c71,37.321059,-106.5602555
2021-02-11,4363.0621039290245,90372fdb-336d-4b5d-aef1-45d4c4da0c71,37.321059,-106.5602555
2021-02-12,1611.8060836501907,90372fdb-336d-4b5d-aef1-45d4c4da0c71,37.321059,-106.5602555
2021-02-13,1343.5830164765528,90372fdb-336d-4b5d-aef1-45d4c4da0c71,37.321059,-106.5602555
2021-02-14,2490.5095057034223,90372fdb-336d-4b5d-aef1-45d4c4da0c71,37.321059,-106.5602555
2021-02-15,5639.423320659063,90372fdb-336d-4b5d-aef1-45d4c4da0c71,37.321059,-106.5602555
2021-02-16,3186.8365019011408,90372fdb-336d-4b5d-aef1-45d4c4da0c71,37.321059,-106.5602555
2021-02-17,3027.475285171103,90372fdb-336d-4b5d-aef1-45d4c4da0c71,37.321059,-106.5602555
2021-02-18,2785.0,90372fdb-336d-4b5d-aef1-45d4c4da0c71,37.321059,-106.5602555
2021-02-19,5863.490494296579,90372fdb-336d-4b5d-aef1-45d4c4da0c71,37.321059,-106.5602555
2021-02-20,2611.5893536121675,90372fdb-336d-4b5d-aef1-45d4c4da0c71,37.321059,-106.5602555
2021-02-21,3497.741444866921,90372fdb-336d-4b5d-aef1-45d4c4da0c71,37.321059,-106.5602555
2021-02-22,3920.558935361217,90372fdb-336d-4b5d-aef1-45d4c4da0c71,37.321059,-106.5602555
2021-02-23,3039.479087452472,90372fdb-336d-4b5d-aef1-45d4c4da0c71,37.321059,-106.5602555
2021-02-24,3923.8833967046894,90372fdb-336d-4b5d-aef1-45d4c4da0c71,37.321059,-106.5602555
2021-02-25,3489.0,90372fdb-336d-4b5d-aef1-45d4c4da0c71,37.321059,-106.5602555
2021-02-26,4956.362484157161,90372fdb-336d-4b5d-aef1-45d4c4da0c71,37.321059,-106.5602555
2021-02-27,3048.365019011407,90372fdb-336d-4b5d-aef1-45d4c4da0c71,37.321059,-106.5602555
2021-02-28,4173.661596958175,90372fdb-336d-4b5d-aef1-45d4c4da0c71,37.321059,-106.5602555
2021-03-01,3842.2179974651463,90372fdb-336d-4b5d-aef1-45d4c4da0c71,37.321059,-106.5602555
2021-03-02,3243.550063371357,90372fdb-336d-4b5d-aef1-45d4c4da0c71,37.321059,-106.5602555
2021-03-03,4775.801013941699,90372fdb-336d-4b5d-aef1-45d4c4da0c71,37.321059,-106.5602555
2021-03-04,5553.0,90372fdb-336d-4b5d-aef1-45d4c4da0c71,37.321059,-106.5602555
2021-03-05,5902.409378960711,90372fdb-336d-4b5d-aef1-45d4c4da0c71,37.321059,-106.5602555
2021-03-06,4031.0050697084916,90372fdb-336d-4b5d-aef1-45d4c4da0c71,37.321059,-106.5602555
2021-03-07,6241.7237008872,90372fdb-336d-4b5d-aef1-45d4c4da0c71,37.321059,-106.5602555
2021-03-08,1554.3536121673008,90372fdb-336d-4b5d-aef1-45d4c4da0c71,37.321059,-106.5602555
2021-03-09,3959.632446134348,90372fdb-336d-4b5d-aef1-45d4c4da0c71,37.321059,-106.5602555
2021-03-10,1805.808618504436,90372fdb-336d-4b5d-aef1-45d4c4da0c71,37.321059,-106.5602555
2021-03-11,1583.6185044359954,90372fdb-336d-4b5d-aef1-45d4c4da0c71,37.321059,-106.5602555
2021-03-12,4401.660329531052,90372fdb-336d-4b5d-aef1-45d4c4da0c71,37.321059,-106.5602555
2021-03-13,3678.275031685679,90372fdb-336d-4b5d-aef1-45d4c4da0c71,37.321059,-106.5602555
2021-03-14,3591.4144486692016,90372fdb-336d-4b5d-aef1-45d4c4da0c71,37.321059,-106.5602555
2021-03-15,1788.6539923954374,90372fdb-336d-4b5d-aef1-45d4c4da0c71,37.321059,-106.5602555
2021-03-16,4363.80988593156,90372fdb-336d-4b5d-aef1-45d4c4da0c71,37.321059,-106.5602555
2021-03-17,2375.882129277567,90372fdb-336d-4b5d-aef1-45d4c4da0c71,37.321059,-106.5602555
2021-03-18,3160.015209125476,90372fdb-336d-4b5d-aef1-45d4c4da0c71,37.321059,-106.5602555
2021-03-19,5390.212927756655,90372fdb-336d-4b5d-aef1-45d4c4da0c71,37.321059,-106.5602555
2021-03-20,2758.600760456274,90372fdb-336d-4b5d-aef1-45d4c4da0c71,37.321059,-106.5602555
2021-03-21,3496.4448669201524,90372fdb-336d-4b5d-aef1-45d4c4da0c71,37.321059,-106.5602555
2021-03-22,3205.7858048162234,90372fdb-336d-4b5d-aef1-45d4c4da0c71,37.321059,-106.5602555
2021-03-23,5680.053231939164,90372fdb-336d-4b5d-aef1-45d4c4da0c71,37.321059,-106.5602555
2021-03-24,4764.0,90372fdb-336d-4b5d-aef1-45d4c4da0c71,37.321059,-106.5602555
2021-03-25,2475.45247148289,90372fdb-336d-4b5d-aef1-45d4c4da0c71,37.321059,-106.5602555
2021-03-26,2233.135614702155,90372fdb-336d-4b5d-aef1-45d4c4da0c71,37.321059,-106.5602555
2021-03-27,5057.0,90372fdb-336d-4b5d-aef1-45d4c4da0c71,37.321059,-106.5602555
2021-03-28,5795.6159695817505,90372fdb-336d-4b5d-aef1-45d4c4da0c71,37.321059,-106.5602555
2021-03-29,3080.0,90372fdb-336d-4b5d-aef1-45d4c4da0c71,37.321059,-106.5602555
2021-03-30,2843.8529784537395,90372fdb-336d-4b5d-aef1-45d4c4da0c71,37.321059,-106.5602555
2021-03-31,5826.887198986059,90372fdb-336d-4b5d-aef1-45d4c4da0c71,37.321059,-106.5602555
2021-04-01,6769.390367553866,90372fdb-336d-4b5d-aef1-45d4c4da0c71,37.321059,-106.5602555
2021-04-02,5561.4372623574145,90372fdb-336d-4b5d-aef1-45d4c4da0c71,37.321059,-106.5602555
2021-04-03,3972.8504435994937,90372fdb-336d-4b5d-aef1-45d4c4da0c71,37.321059,-106.5602555
2021-04-04,4642.84030418251,90372fdb-336d-4b5d-aef1-45d4c4da0c71,37.321059,-106.5602555
2021-04-05,3110.0380228136887,90372fdb-336d-4b5d-aef1-45d4c4da0c71,37.321059,-106.5602555
2021-04-06,5844.221799746516,90372fdb-336d-4b5d-aef1-45d4c4da0c71,37.321059,-106.5602555
2021-04-07,2431.0,90372fdb-336d-4b5d-aef1-45d4c4da0c71,37.321059,-106.5602555
2021-04-08,6599.250950570343,90372fdb-336d-4b5d-aef1-45d4c4da0c71,37.321059,-106.5602555
2021-04-09,4751.0,90372fdb-336d-4b5d-aef1-45d4c4da0c71,37.321059,-106.5602555
2021-04-10,4315.911280101395,90372fdb-336d-4b5d-aef1-45d4c4da0c71,37.321059,-106.5602555
2021-04-11,5335.860583016479,90372fdb-336d-4b5d-aef1-45d4c4da0c71,37.321059,-106.5602555
2021-04-12,2996.7655259822563,90372fdb-336d-4b5d-aef1-45d4c4da0c71,37.321059,-106.5602555
2021-04-13,3312.6121673003804,90372fdb-336d-4b5d-aef1-45d4c4da0c71,37.321059,-106.5602555
2021-04-14,1968.9302915082387,90372fdb-336d-4b5d-aef1-45d4c4da0c71,37.321059,-106.5602555
2021-04-15,3276.031685678074,90372fdb-336d-4b5d-aef1-45d4c4da0c71,37.321059,-106.5602555
2021-04-16,3317.1457541191385,90372fdb-336d-4b5d-aef1-45d4c4da0c71,37.321059,-106.5602555
2021-04-17,2710.0861850443603,90372fdb-336d-4b5d-aef1-45d4c4da0c71,37.321059,-106.5602555
2021-04-18,6448.662864385298,90372fdb-336d-4b5d-aef1-45d4c4da0c71,37.321059,-106.5602555
2021-04-19,4533.860583016478,90372fdb-336d-4b5d-aef1-45d4c4da0c71,37.321059,-106.5602555
2021-04-20,5625.915082382764,90372fdb-336d-4b5d-aef1-45d4c4da0c71,37.321059,-106.5602555
2021-04-21,2708.598225602028,90372fdb-336d-4b5d-aef1-45d4c4da0c71,37.321059,-106.5602555
2021-04-22,3053.634980988594,90372fdb-336d-4b5d-aef1-45d4c4da0c71,37.321059,-106.5602555
2021-04-23,1185.0,90372fdb-336d-4b5d-aef1-45d4c4da0c71,37.321059,-106.5602555
2021-04-24,6157.680608365019,90372fdb-336d-4b5d-aef1-45d4c4da0c71,37.321059,-106.5602555
2021-04-25,4867.259822560204,90372fdb-336d-4b5d-aef1-45d4c4da0c71,37.321059,-106.5602555
2021-04-26,3515.0012674271234,90372fdb-336d-4b5d-aef1-45d4c4da0c71,37.321059,-106.5602555
2021-04-27,4643.36121673004,90372fdb-336d-4b5d-aef1-45d4c4da0c71,37.321059,-106.5602555
2021-04-28,2745.0,90372fdb-336d-4b5d-aef1-45d4c4da0c71,37.321059,-106.5602555
2021-04-29,5817.451204055767,90372fdb-336d-4b5d-aef1-45d4c4da0c71,37.321059,-106.5602555
2021-04-30,2140.6349809885937,90372fdb-336d-4b5d-aef1-45d4c4da0c71,37.321059,-106.5602555
2021-05-01,5375.963244613435,90372fdb-336d-4b5d-aef1-45d4c4da0c71,37.321059,-106.5602555
2021-05-02,3806.5386565272506,90372fdb-336d-4b5d-aef1-45d4c4da0c71,37.321059,-106.5602555
2021-05-03,3499.996197718632,90372fdb-336d-4b5d-aef1-45d4c4da0c71,37.321059,-106.5602555
2021-05-04,1288.0,90372fdb-336d-4b5d-aef1-45d4c4da0c71,37.321059,-106.5602555
2021-05-05,2673.7515842839043,90372fdb-336d-4b5d-aef1-45d4c4da0c71,37.321059,-106.5602555
2021-05-06,4236.906210392904,90372fdb-336d-4b5d-aef1-45d4c4da0c71,37.321059,-106.5602555
2021-05-07,1848.0,90372fdb-336d-4b5d-aef1-45d4c4da0c71,37.321059,-106.5602555
2021-05-08,3098.44359949303,90372fdb-336d-4b5d-aef1-45d4c4da0c71,37.321059,-106.5602555
2021-05-09,854.4613434727505,90372fdb-336d-4b5d-aef1-45d4c4da0c71,37.321059,-106.5602555
2021-05-10,4509.806083650191,90372fdb-336d-4b5d-aef1-45d4c4da0c71,37.321059,-106.5602555
2021-05-11,3876.256020278834,90372fdb-336d-4b5d-aef1-45d4c4da0c71,37.321059,-106.5602555
2021-05-12,2374.946768060837,90372fdb-336d-4b5d-aef1-45d4c4da0c71,37.321059,-106.5602555
2021-05-13,3039.858048162231,90372fdb-336d-4b5d-aef1-45d4c4da0c71,37.321059,-106.5602555
2021-05-14,1191.2953105196455,90372fdb-336d-4b5d-aef1-45d4c4da0c71,37.321059,-106.5602555
2021-05-15,-160.0152091254753,90372fdb-336d-4b5d-aef1-45d4c4da0c71,37.321059,-106.5602555
2021-05-16,55.0,90372fdb-336d-4b5d-aef1-45d4c4da0c71,37.321059,-106.5602555
2021-05-17,4298.261089987326,90372fdb-336d-4b5d-aef1-45d4c4da0c71,37.321059,-106.5602555
2021-05-18,2423.460076045628,90372fdb-336d-4b5d-aef1-45d4c4da0c71,37.321059,-106.5602555
2021-05-19,543.361216730038,90372fdb-336d-4b5d-aef1-45d4c4da0c71,37.321059,-106.5602555
2021-05-20,2003.257287705957,90372fdb-336d-4b5d-aef1-45d4c4da0c71,37.321059,-106.5602555
2021-05-21,1526.092522179975,90372fdb-336d-4b5d-aef1-45d4c4da0c71,37.321059,-106.5602555
2021-05-22,5346.442332065906,90372fdb-336d-4b5d-aef1-45d4c4da0c71,37.321059,-106.5602555
2021-05-23,-783.7718631178708,90372fdb-336d-4b5d-aef1-45d4c4da0c71,37.321059,-106.5602555
2021-05-24,1467.6375158428395,90372fdb-336d-4b5d-aef1-45d4c4da0c71,37.321059,-106.5602555
2021-05-25,-1402.0,90372fdb-336d-4b5d-aef1-45d4c4da0c71,37.321059,-106.5602555
2021-05-26,3845.512040557668,90372fdb-336d-4b5d-aef1-45d4c4da0c71,37.321059,-106.5602555
2021-05-27,865.4017743979723,90372fdb-336d-4b5d-aef1-45d4c4da0c71,37.321059,-106.5602555
2021-05-28,-1184.894803548796,90372fdb-336d-4b5d-aef1-45d4c4da0c71,37.321059,-106.5602555
2021-05-29,894.6020278833968,90372fdb-336d-4b5d-aef1-45d4c4da0c71,37.321059,-106.5602555
2021-05-30,-1993.4651457541192,90372fdb-336d-4b5d-aef1-45d4c4da0c71,37.321059,-106.5602555
2021-05-31,-299.03802281368826,90372fdb-336d-4b5d-aef1-45d4c4da0c71,37.321059,-106.5602555
2021-06-01,279.91254752851717,90372fdb-336d-4b5d-aef1-45d4c4da0c71,37.321059,-106.5602555
2021-06-02,2281.768060836502,90372fdb-336d-4b5d-aef1-45d4c4da0c71,37.321059,-106.5602555
2021-06-03,1500.238276299113,90372fdb-336d-4b5d-aef1-45d4c4da0c71,37.321059,-106.5602555
2021-06-04,-2322.4524714828904,90372fdb-336d-4b5d-aef1-45d4c4da0c71,37.321059,-106.5602555
2021-06-05,3212.8276299112804,90372fdb-336d-4b5d-aef1-45d4c4da0c71,37.321059,-106.5602555
2021-06-06,-2450.4613434727507,90372fdb-336d-4b5d-aef1-45d4c4da0c71,37.321059,-106.5602555
2021-06-07,413.3206590621039,90372fdb-336d-4b5d-aef1-45d4c4da0c71,37.321059,-106.5602555
2021-06-08,-2331.468948035488,90372fdb-336d-4b5d-aef1-45d4c4da0c71,37.321059,-106.5602555
2021-06-09,-1176.9670468948038,90372fdb-336d-4b5d-aef1-45d4c4da0c71,37.321059,-106.5602555
2021-06-10,-2583.432192648923,90372fdb-336d-4b5d-aef1-45d4c4da0c71,37.321059,-106.5602555
2021-06-11,-3652.0,90372fdb-336d-4b5d-aef1-45d4c4da0c71,37.321059,-106.5602555
2021-06-12,-1668.571609632446,90372fdb-336d-4b5d-aef1-45d4c4da0c71,37.321059,-106.5602555
2021-06-13,-3807.3599493029155,90372fdb-336d-4b5d-aef1-45d4c4da0c71,37.321059,-106.5602555
2021-06-14,-1804.5893536121675,90372fdb-336d-4b5d-aef1-45d4c4da0c71,37.321059,-106.5602555
2021-06-15,-2411.714828897339,90372fdb-336d-4b5d-aef1-45d4c4da0c71,37.321059,-106.5602555
2021-06-16,-1142.5057034220533,90372fdb-336d-4b5d-aef1-45d4c4da0c71,37.321059,-106.5602555
2021-06-17,-2130.1470215462614,90372fdb-336d-4b5d-aef1-45d4c4da0c71,37.321059,-106.5602555
2021-06-18,-2926.7313054499373,90372fdb-336d-4b5d-aef1-45d4c4da0c71,37.321059,-106.5602555
2021-06-19,4179.3675538656535,90372fdb-336d-4b5d-aef1-45d4c4da0c71,37.321059,-106.5602555
2021-06-20,-156.0367553865653,90372fdb-336d-4b5d-aef1-45d4c4da0c71,37.321059,-106.5602555
2021-06-21,-1909.9721166032957,90372fdb-336d-4b5d-aef1-45d4c4da0c71,37.321059,-106.5602555
2021-06-22,-2903.633713561471,90372fdb-336d-4b5d-aef1-45d4c4da0c71,37.321059,-106.5602555
2021-06-23,-1864.4245880861854,90372fdb-336d-4b5d-aef1-45d4c4da0c71,37.321059,-106.5602555
2021-06-24,-2854.0,90372fdb-336d-4b5d-aef1-45d4c4da0c71,37.321059,-106.5602555
2021-06-25,-1613.9150823827633,90372fdb-336d-4b5d-aef1-45d4c4da0c71,37.321059,-106.5602555
2021-06-26,404.3244613434729,90372fdb-336d-4b5d-aef1-45d4c4da0c71,37.321059,-106.5602555
2021-06-27,2766.449936628644,90372fdb-336d-4b5d-aef1-45d4c4da0c71,37.321059,-106.5602555
2021-06-28,481.99873257287715,90372fdb-336d-4b5d-aef1-45d4c4da0c71,37.321059,-106.5602555
2021-06-29,1365.3041825095058,90372fdb-336d-4b5d-aef1-45d4c4da0c71,37.321059,-106.5602555
2021-06-30,388.9188846641319,90372fdb-336d-4b5d-aef1-45d4c4da0c71,37.321059,-106.5602555
2021-07-01,-1796.0544993662868,90372fdb-336d-4b5d-aef1-45d4c4da0c71,37.321059,-106.5602555
2021-07-02,-2661.1596958174905,90372fdb-336d-4b5d-aef1-45d4c4da0c71,37.321059,-106.5602555
2021-07-03,949.6311787072245,90372fdb-336d-4b5d-aef1-45d4c4da0c71,37.321059,-106.5602555
2021-07-04,2260.9784537389105,90372fdb-336d-4b5d-aef1-45d4c4da0c71,37.321059,-106.5602555
2021-07-05,6042.0,90372fdb-336d-4b5d-aef1-45d4c4da0c71,37.321059,-106.5602555
2021-07-06,1529.6539923954374,90372fdb-336d-4b5d-aef1-45d4c4da0c71,37.321059,-106.5602555
2021-07-07,475.78833967046893,90372fdb-336d-4b5d-aef1-45d4c4da0c71,37.321059,-106.5602555
2021-07-08,-2965.5741444866926,90372fdb-336d-4b5d-aef1-45d4c4da0c71,37.321059,-106.5602555
2021-07-09,-1055.472750316857,90372fdb-336d-4b5d-aef1-45d4c4da0c71,37.321059,-106.5602555
2021-07-10,-2199.418250950571,90372fdb-336d-4b5d-aef1-45d4c4da0c71,37.321059,-106.5602555
2021-07-11,-1314.363751584284,90372fdb-336d-4b5d-aef1-45d4c4da0c71,37.321059,-106.5602555
2021-07-12,-121.86311787072246,90372fdb-336d-4b5d-aef1-45d4c4da0c71,37.321059,-106.5602555
2021-07-13,-2510.0861850443603,90372fdb-336d-4b5d-aef1-45d4c4da0c71,37.321059,-106.5602555
2021-07-14,2237.0,90372fdb-336d-4b5d-aef1-45d4c4da0c71,37.321059,-106.5602555
2021-07-15,-2494.330798479088,90372fdb-336d-4b5d-aef1-45d4c4da0c71,37.321059,-106.5602555
2021-07-16,1234.6717363751586,90372fdb-336d-4b5d-aef1-45d4c4da0c71,37.321059,-106.5602555
2021-07-17,680.0963244613436,90372fdb-336d-4b5d-aef1-45d4c4da0c71,37.321059,-106.5602555
2021-07-18,-1526.0215462610902,90372fdb-336d-4b5d-aef1-45d4c4da0c71,37.321059,-106.5602555
2021-07-19,-632.8010139416984,90372fdb-336d-4b5d-aef1-45d4c4da0c71,37.321059,-106.5602555
2021-07-20,-1687.7021546261092,90372fdb-336d-4b5d-aef1-45d4c4da0c71,37.321059,-106.5602555
2021-07-21,2882.0,90372fdb-336d-4b5d-aef1-45d4c4da0c71,37.321059,-106.5602555
2021-07-22,150.0240811153359,90372fdb-336d-4b5d-aef1-45d4c4da0c71,37.321059,-106.5602555
2021-07-23,3593.7148288973385,90372fdb-336d-4b5d-aef1-45d4c4da0c71,37.321059,-106.5602555
2021-07-24,-1563.7642585551332,90372fdb-336d-4b5d-aef1-45d4c4da0c71,37.321059,-106.5602555
2021-07-25,1590.8593155893536,90372fdb-336d-4b5d-aef1-45d4c4da0c71,37.321059,-106.5602555
2021-07-26,2350.893536121673,90372fdb-336d-4b5d-aef1-45d4c4da0c71,37.321059,-106.5602555
2021-07-27,-1111.049429657795,90372fdb-336d-4b5d-aef1-45d4c4da0c71,37.321059,-106.5602555
2021-07-28,-1011.0,90372fdb-336d-4b5d-aef1-45d4c4da0c71,37.321059,-106.5602555
2021-07-29,-2537.1647655259826,90372fdb-336d-4b5d-aef1-45d4c4da0c71,37.321059,-106.5602555
2021-07-30,1841.381495564005,90372fdb-336d-4b5d-aef1-45d4c4da0c71,37.321059,-106.5602555
2021-07-31,3877.0,90372fdb-336d-4b5d-aef1-45d4c4da0c71,37.321059,-106.5602555
2021-08-01,2070.8542458808624,90372fdb-336d-4b5d-aef1-45d4c4da0c71,37.321059,-106.5602555
2021-08-02,-733.0,90372fdb-336d-4b5d-aef1-45d4c4da0c71,37.321059,-106.5602555
2021-08-03,2418.005069708492,90372fdb-336d-4b5d-aef1-45d4c4da0c71,37.321059,-106.5602555
2021-08-04,-847.9049429657796,90372fdb-336d-4b5d-aef1-45d4c4da0c71,37.321059,-106.5602555
2021-08-05,-2356.0101394169837,90372fdb-336d-4b5d-aef1-45d4c4da0c71,37.321059,-106.5602555
2021-08-06,136.35487959442332,90372fdb-336d-4b5d-aef1-45d4c4da0c71,37.321059,-106.5602555
2021-08-07,-1441.5868187579217,90372fdb-336d-4b5d-aef1-45d4c4da0c71,37.321059,-106.5602555
2021-08-08,-1002.0,90372fdb-336d-4b5d-aef1-45d4c4da0c71,37.321059,-106.5602555
2021-08-09,-2800.6147021546267,90372fdb-336d-4b5d-aef1-45d4c4da0c71,37.321059,-106.5602555
2021-08-10,-1496.5171102661598,90372fdb-336d-4b5d-aef1-45d4c4da0c71,37.321059,-106.5602555
2021-08-11,-2219.330798479088,90372fdb-336d-4b5d-aef1-45d4c4da0c71,37.321059,-106.5602555
2021-08-12,-2516.0506970849183,90372fdb-336d-4b5d-aef1-45d4c4da0c71,37.321059,-106.5602555
2021-08-13,-1932.4968314321927,90372fdb-336d-4b5d-aef1-45d4c4da0c71,37.321059,-106.5602555
2021-08-14,-1838.476552598226,90372fdb-336d-4b5d-aef1-45d4c4da0c71,37.321059,-106.5602555
2021-08-15,3072.8846641318128,90372fdb-336d-4b5d-aef1-45d4c4da0c71,37.321059,-106.5602555
2021-08-16,2195.8618504436,90372fdb-336d-4b5d-aef1-45d4c4da0c71,37.321059,-106.5602555
2021-08-17,-1286.7262357414452,90372fdb-336d-4b5d-aef1-45d4c4da0c71,37.321059,-106.5602555
2021-08-18,-2638.993662864386,90372fdb-336d-4b5d-aef1-45d4c4da0c71,37.321059,-106.5602555
2021-08-19,1659.490494296578,90372fdb-336d-4b5d-aef1-45d4c4da0c71,37.321059,-106.5602555
2021-08-20,-1629.041825095057,90372fdb-336d-4b5d-aef1-45d4c4da0c71,37.321059,-106.5602555
2021-08-21,1220.2230671736374,90372fdb-336d-4b5d-aef1-45d4c4da0c71,37.321059,-106.5602555
2021-08-22,-1803.133079847909,90372fdb-336d-4b5d-aef1-45d4c4da0c71,37.321059,-106.5602555
2021-08-23,-2689.879594423321,90372fdb-336d-4b5d-aef1-45d4c4da0c71,37.321059,-106.5602555
2021-08-24,-2619.2382762991133,90372fdb-336d-4b5d-aef1-45d4c4da0c71,37.321059,-106.5602555
2021-08-25,-3201.5348542458814,90372fdb-336d-4b5d-aef1-45d4c4da0c71,37.321059,-106.5602555
2021-08-26,497.0,90372fdb-336d-4b5d-aef1-45d4c4da0c71,37.321059,-106.5602555
2021-08-27,-2595.285171102662,90372fdb-336d-4b5d-aef1-45d4c4da0c71,37.321059,-106.5602555
2021-08-28,460.002534854246,90372fdb-336d-4b5d-aef1-45d4c4da0c71,37.321059,-106.5602555
2021-08-29,-1717.8048162230673,90372fdb-336d-4b5d-aef1-45d4c4da0c71,37.321059,-106.5602555
2021-08-30,-2852.0240811153362,90372fdb-336d-4b5d-aef1-45d4c4da0c71,37.321059,-106.5602555
2021-08-31,509.72116603295314,90372fdb-336d-4b5d-aef1-45d4c4da0c71,37.321059,-106.5602555
2021-09-01,1095.389100126743,90372fdb-336d-4b5d-aef1-45d4c4da0c71,37.321059,-106.5602555
2021-09-02,1874.0,90372fdb-336d-4b5d-aef1-45d4c4da0c71,37.321059,-106.5602555
2021-09-03,-1838.3320659062108,90372fdb-336d-4b5d-aef1-45d4c4da0c71,37.321059,-106.5602555
2021-09-04,-800.4854245880862,90372fdb-336d-4b5d-aef1-45d4c4da0c71,37.321059,-106.5602555
2021-09-05,-2469.799746514576,90372fdb-336d-4b5d-aef1-45d4c4da0c71,37.321059,-106.5602555
2021-09-06,-2869.8529784537395,90372fdb-336d-4b5d-aef1-45d4c4da0c71,37.321059,-106.5602555
2021-09-07,-843.4334600760457,90372fdb-336d-4b5d-aef1-45d4c4da0c71,37.321059,-106.5602555
2021-09-08,-3371.0076045627384,90372fdb-336d-4b5d-aef1-45d4c4da0c71,37.321059,-106.5602555
2021-09-09,-1750.7173637515848,90372fdb-336d-4b5d-aef1-45d4c4da0c71,37.321059,-106.5602555
2021-09-10,-3066.324461343473,90372fdb-336d-4b5d-aef1-45d4c4da0c71,37.321059,-106.5602555
2021-09-11,-1941.2674271229407,90372fdb-336d-4b5d-aef1-45d4c4da0c71,37.321059,-106.5602555
2021-09-12,-2872.0,90372fdb-336d-4b5d-aef1-45d4c4da0c71,37.321059,-106.5602555
2021-09-13,-3355.4448669201524,90372fdb-336d-4b5d-aef1-45d4c4da0c71,37.321059,-106.5602555
2021-09-14,-1024.9252217997466,90372fdb-336d-4b5d-aef1-45d4c4da0c71,37.321059,-106.5602555
2021-09-15,-3595.525982256021,90372fdb-336d-4b5d-aef1-45d4c4da0c71,37.321059,-106.5602555
2021-09-16,-1985.3865652724971,90372fdb-336d-4b5d-aef1-45d4c4da0c71,37.321059,-106.5602555
2021-09-17,-2957.3016476552602,90372fdb-336d-4b5d-aef1-45d4c4da0c71,37.321059,-106.5602555
2021-09-18,-1393.2915082382765,90372fdb-336d-4b5d-aef1-45d4c4da0c71,37.321059,-106.5602555
2021-09-19,-2722.49556400507,90372fdb-336d-4b5d-aef1-45d4c4da0c71,37.321059,-106.5602555
2021-09-20,1861.1673003802284,90372fdb-336d-4b5d-aef1-45d4c4da0c71,37.321059,-106.5602555
2021-09-21,-2491.050697084918,90372fdb-336d-4b5d-aef1-45d4c4da0c71,37.321059,-106.5602555
2021-09-23,-1417.0202788339673,90372fdb-336d-4b5d-aef1-45d4c4da0c71,37.321059,-106.5602555
2021-09-24,-1677.3079847908748,90372fdb-336d-4b5d-aef1-45d4c4da0c71,37.321059,-106.5602555
2021-09-25,-1663.8263624841572,90372fdb-336d-4b5d-aef1-45d4c4da0c71,37.321059,-106.5602555
2021-09-26,-2839.6349809885933,90372fdb-336d-4b5d-aef1-45d4c4da0c71,37.321059,-106.5602555
2021-09-27,687.7756653992396,90372fdb-336d-4b5d-aef1-45d4c4da0c71,37.321059,-106.5602555
2021-09-28,-27.02408111533588,90372fdb-336d-4b5d-aef1-45d4c4da0c71,37.321059,-106.5602555
2021-09-29,380.02408111533595,90372fdb-336d-4b5d-aef1-45d4c4da0c71,37.321059,-106.5602555
2021-09-30,148.33079847908746,90372fdb-336d-4b5d-aef1-45d4c4da0c71,37.321059,-106.5602555
2021-10-01,1060.1318124207858,90372fdb-336d-4b5d-aef1-45d4c4da0c71,37.321059,-106.5602555
2021-10-02,1686.0,90372fdb-336d-4b5d-aef1-45d4c4da0c71,37.321059,-106.5602555
2021-10-03,702.9416983523448,90372fdb-336d-4b5d-aef1-45d4c4da0c71,37.321059,-106.5602555
2021-10-04,-1878.23700887199,90372fdb-336d-4b5d-aef1-45d4c4da0c71,37.321059,-106.5602555
2021-10-05,-879.1026615969582,90372fdb-336d-4b5d-aef1-45d4c4da0c71,37.321059,-106.5602555
2021-10-06,550.0975918884666,90372fdb-336d-4b5d-aef1-45d4c4da0c71,37.321059,-106.5602555
2021-10-07,-2299.6970849176178,90372fdb-336d-4b5d-aef1-45d4c4da0c71,37.321059,-106.5602555
2021-10-08,-1803.47401774398,90372fdb-336d-4b5d-aef1-45d4c4da0c71,37.321059,-106.5602555
2021-10-09,638.0,90372fdb-336d-4b5d-aef1-45d4c4da0c71,37.321059,-106.5602555
2021-10-10,-2066.6945500633715,90372fdb-336d-4b5d-aef1-45d4c4da0c71,37.321059,-106.5602555
2021-10-11,-1730.8288973384035,90372fdb-336d-4b5d-aef1-45d4c4da0c71,37.321059,-106.5602555
2021-10-12,5720.53865652725,90372fdb-336d-4b5d-aef1-45d4c4da0c71,37.321059,-106.5602555
2021-10-13,4901.517110266161,90372fdb-336d-4b5d-aef1-45d4c4da0c71,37.321059,-106.5602555
2021-10-14,1853.7832699619778,90372fdb-336d-4b5d-aef1-45d4c4da0c71,37.321059,-106.5602555
2021-10-15,4474.499366286439,90372fdb-336d-4b5d-aef1-45d4c4da0c71,37.321059,-106.5602555
2021-10-16,1537.0038022813692,90372fdb-336d-4b5d-aef1-45d4c4da0c71,37.321059,-106.5602555
2021-10-17,4259.065906210393,90372fdb-336d-4b5d-aef1-45d4c4da0c71,37.321059,-106.5602555
2021-10-18,1910.0,90372fdb-336d-4b5d-aef1-45d4c4da0c71,37.321059,-106.5602555
2021-10-19,2592.24968314322,90372fdb-336d-4b5d-aef1-45d4c4da0c71,37.321059,-106.5602555
2021-10-20,2166.984790874525,90372fdb-336d-4b5d-aef1-45d4c4da0c71,37.321059,-106.5602555
2021-10-21,1845.9721166032957,90372fdb-336d-4b5d-aef1-45d4c4da0c71,37.321059,-106.5602555
2021-10-22,1570.6527249683145,90372fdb-336d-4b5d-aef1-45d4c4da0c71,37.321059,-106.5602555
2021-10-23,360.2471482889734,90372fdb-336d-4b5d-aef1-45d4c4da0c71,37.321059,-106.5602555
2021-10-24,2233.475285171103,90372fdb-336d-4b5d-aef1-45d4c4da0c71,37.321059,-106.5602555
2021-10-25,638.6577946768061,90372fdb-336d-4b5d-aef1-45d4c4da0c71,37.321059,-106.5602555
2021-10-26,3429.157160963245,90372fdb-336d-4b5d-aef1-45d4c4da0c71,37.321059,-106.5602555
2021-10-27,3458.694550063372,90372fdb-336d-4b5d-aef1-45d4c4da0c71,37.321059,-106.5602555
2021-10-28,1934.2699619771868,90372fdb-336d-4b5d-aef1-45d4c4da0c71,37.321059,-106.5602555
2021-10-29,2605.656527249683,90372fdb-336d-4b5d-aef1-45d4c4da0c71,37.321059,-106.5602555
2021-10-30,439.5564005069709,90372fdb-336d-4b5d-aef1-45d4c4da0c71,37.321059,-106.5602555
2021-10-31,2388.8986058301653,90372fdb-336d-4b5d-aef1-45d4c4da0c71,37.321059,-106.5602555
2021-11-01,-21.723700887198984,90372fdb-336d-4b5d-aef1-45d4c4da0c71,37.321059,-106.5602555
2021-11-02,1200.3992395437265,90372fdb-336d-4b5d-aef1-45d4c4da0c71,37.321059,-106.5602555
2021-11-03,1442.4638783269963,90372fdb-336d-4b5d-aef1-45d4c4da0c71,37.321059,-106.5602555
2021-11-04,835.975918884664,90372fdb-336d-4b5d-aef1-45d4c4da0c71,37.321059,-106.5602555
2021-11-05,959.2788339670471,90372fdb-336d-4b5d-aef1-45d4c4da0c71,37.321059,-106.5602555
2021-11-06,-24.254752851711014,90372fdb-336d-4b5d-aef1-45d4c4da0c71,37.321059,-106.5602555
2021-11-07,657.8174904942966,90372fdb-336d-4b5d-aef1-45d4c4da0c71,37.321059,-106.5602555
2021-11-08,-179.0,90372fdb-336d-4b5d-aef1-45d4c4da0c71,37.321059,-106.5602555
2021-11-09,967.3434727503169,90372fdb-336d-4b5d-aef1-45d4c4da0c71,37.321059,-106.5602555
2021-11-10,461.89987325728777,90372fdb-336d-4b5d-aef1-45d4c4da0c71,37.321059,-106.5602555
2021-11-11,1912.2040557667938,90372fdb-336d-4b5d-aef1-45d4c4da0c71,37.321059,-106.5602555
2021-11-12,976.2522179974653,90372fdb-336d-4b5d-aef1-45d4c4da0c71,37.321059,-106.5602555
2021-11-13,-169.01774397972116,90372fdb-336d-4b5d-aef1-45d4c4da0c71,37.321059,-106.5602555
2021-11-14,953.4106463878328,90372fdb-336d-4b5d-aef1-45d4c4da0c71,37.321059,-106.5602555
2021-11-15,-204.15082382762992,90372fdb-336d-4b5d-aef1-45d4c4da0c71,37.321059,-106.5602555
2021-11-16,494.1558935361217,90372fdb-336d-4b5d-aef1-45d4c4da0c71,37.321059,-106.5602555
2021-11-17,-473.8757921419518,90372fdb-336d-4b5d-aef1-45d4c4da0c71,37.321059,-106.5602555
2021-11-18,1219.1863117870726,90372fdb-336d-4b5d-aef1-45d4c4da0c71,37.321059,-106.5602555
2021-11-19,357.7135614702155,90372fdb-336d-4b5d-aef1-45d4c4da0c71,37.321059,-106.5602555
2021-11-20,810.4397972116603,90372fdb-336d-4b5d-aef1-45d4c4da0c71,37.321059,-106.5602555
2021-11-21,683.3916349809888,90372fdb-336d-4b5d-aef1-45d4c4da0c71,37.321059,-106.5602555
2021-11-22,-408.72623574144495,90372fdb-336d-4b5d-aef1-45d4c4da0c71,37.321059,-106.5602555
2021-11-23,1327.6527249683145,90372fdb-336d-4b5d-aef1-45d4c4da0c71,37.321059,-106.5602555
2021-11-24,588.9138149556402,90372fdb-336d-4b5d-aef1-45d4c4da0c71,37.321059,-106.5602555
2021-11-25,2222.3358681875793,90372fdb-336d-4b5d-aef1-45d4c4da0c71,37.321059,-106.5602555
2021-11-26,1563.4879594423323,90372fdb-336d-4b5d-aef1-45d4c4da0c71,37.321059,-106.5602555
2021-11-27,856.0,90372fdb-336d-4b5d-aef1-45d4c4da0c71,37.321059,-106.5602555
2021-11-28,1205.4689480354882,90372fdb-336d-4b5d-aef1-45d4c4da0c71,37.321059,-106.5602555
2021-11-29,-424.0,90372fdb-336d-4b5d-aef1-45d4c4da0c71,37.321059,-106.5602555
2021-11-30,517.6134347275032,90372fdb-336d-4b5d-aef1-45d4c4da0c71,37.321059,-106.5602555
2021-12-01,-57.64512040557666,90372fdb-336d-4b5d-aef1-45d4c4da0c71,37.321059,-106.5602555
2021-12-02,451.96070975918894,90372fdb-336d-4b5d-aef1-45d4c4da0c71,37.321059,-106.5602555
2021-12-03,-638.2332065906212,90372fdb-336d-4b5d-aef1-45d4c4da0c71,37.321059,-106.5602555
2021-12-04,1298.8250950570343,90372fdb-336d-4b5d-aef1-45d4c4da0c71,37.321059,-106.5602555
2021-12-05,867.2572877059571,90372fdb-336d-4b5d-aef1-45d4c4da0c71,37.321059,-106.5602555
2021-12-06,205.48415716096326,90372fdb-336d-4b5d-aef1-45d4c4da0c71,37.321059,-106.5602555
2021-12-07,2761.7756653992406,90372fdb-336d-4b5d-aef1-45d4c4da0c71,37.321059,-106.5602555
2021-12-08,1818.5399239543729,90372fdb-336d-4b5d-aef1-45d4c4da0c71,37.321059,-106.5602555
2021-12-09,1211.7743979721167,90372fdb-336d-4b5d-aef1-45d4c4da0c71,37.321059,-106.5602555
2021-12-10,4797.803548795945,90372fdb-336d-4b5d-aef1-45d4c4da0c71,37.321059,-106.5602555
2021-12-11,4605.204055766793,90372fdb-336d-4b5d-aef1-45d4c4da0c71,37.321059,-106.5602555
2021-12-12,3287.0,90372fdb-336d-4b5d-aef1-45d4c4da0c71,37.321059,-106.5602555
2021-12-13,4609.959442332067,90372fdb-336d-4b5d-aef1-45d4c4da0c71,37.321059,-106.5602555
2021-12-14,1442.0,90372fdb-336d-4b5d-aef1-45d4c4da0c71,37.321059,-106.5602555
2021-12-15,3650.082382762992,90372fdb-336d-4b5d-aef1-45d4c4da0c71,37.321059,-106.5602555
2021-12-16,3484.856780735108,90372fdb-336d-4b5d-aef1-45d4c4da0c71,37.321059,-106.5602555
2021-12-17,2139.703422053232,90372fdb-336d-4b5d-aef1-45d4c4da0c71,37.321059,-106.5602555
2021-12-18,3703.4207858048167,90372fdb-336d-4b5d-aef1-45d4c4da0c71,37.321059,-106.5602555
2021-12-19,1733.0,90372fdb-336d-4b5d-aef1-45d4c4da0c71,37.321059,-106.5602555
2021-12-20,4866.789607097593,90372fdb-336d-4b5d-aef1-45d4c4da0c71,37.321059,-106.5602555
2021-12-21,2232.1812420785805,90372fdb-336d-4b5d-aef1-45d4c4da0c71,37.321059,-106.5602555
2021-12-22,3453.0,90372fdb-336d-4b5d-aef1-45d4c4da0c71,37.321059,-106.5602555
2021-12-23,978.0,90372fdb-336d-4b5d-aef1-45d4c4da0c71,37.321059,-106.5602555
2021-12-24,4969.128010139418,90372fdb-336d-4b5d-aef1-45d4c4da0c71,37.321059,-106.5602555
2021-12-25,2225.3789607097597,90372fdb-336d-4b5d-aef1-45d4c4da0c71,37.321059,-106.5602555
2021-12-26,4547.111533586819,90372fdb-336d-4b5d-aef1-45d4c4da0c71,37.321059,-106.5602555
2021-12-27,3414.2940430925223,90372fdb-336d-4b5d-aef1-45d4c4da0c71,37.321059,-106.5602555
2021-12-28,853.7338403041828,90372fdb-336d-4b5d-aef1-45d4c4da0c71,37.321059,-106.5602555
2021-12-29,4620.937896070977,90372fdb-336d-4b5d-aef1-45d4c4da0c71,37.321059,-106.5602555
2021-12-30,2293.070975918885,90372fdb-336d-4b5d-aef1-45d4c4da0c71,37.321059,-106.5602555
