date,mod10a1_ndsi,cell_id,latitude,longitude
2020-01-01,1005,faffd764-1fb2-4770-b8fa-ce2ce9fb846c,37.670292,-119.6576925
2020-01-02,2705,faffd764-1fb2-4770-b8fa-ce2ce9fb846c,37.670292,-119.6576925
2020-01-03,4455,faffd764-1fb2-4770-b8fa-ce2ce9fb846c,37.670292,-119.6576925
2020-01-04,3446,faffd764-1fb2-4770-b8fa-ce2ce9fb846c,37.670292,-119.6576925
2020-01-05,4041,faffd764-1fb2-4770-b8fa-ce2ce9fb846c,37.670292,-119.6576925
2020-01-06,7101,faffd764-1fb2-4770-b8fa-ce2ce9fb846c,37.670292,-119.6576925
2020-01-07,3416,faffd764-1fb2-4770-b8fa-ce2ce9fb846c,37.670292,-119.6576925
2020-01-08,7197,faffd764-1fb2-4770-b8fa-ce2ce9fb846c,37.670292,-119.6576925
2020-01-09,972,faffd764-1fb2-4770-b8fa-ce2ce9fb846c,37.670292,-119.6576925
2020-01-10,4441,faffd764-1fb2-4770-b8fa-ce2ce9fb846c,37.670292,-119.6576925
2020-01-11,5199,faffd764-1fb2-4770-b8fa-ce2ce9fb846c,37.670292,-119.6576925
2020-01-12,2536,faffd764-1fb2-4770-b8fa-ce2ce9fb846c,37.670292,-119.6576925
2020-01-13,6297,faffd764-1fb2-4770-b8fa-ce2ce9fb846c,37.670292,-119.6576925
2020-01-14,1875,faffd764-1fb2-4770-b8fa-ce2ce9fb846c,37.670292,-119.6576925
2020-01-15,5078,faffd764-1fb2-4770-b8fa-ce2ce9fb846c,37.670292,-119.6576925
2020-01-16,3785,faffd764-1fb2-4770-b8fa-ce2ce9fb846c,37.670292,-119.6576925
2020-01-17,5506,faffd764-1fb2-4770-b8fa-ce2ce9fb846c,37.670292,-119.6576925
2020-01-18,2671,faffd764-1fb2-4770-b8fa-ce2ce9fb846c,37.670292,-119.6576925
2020-01-19,2051,faffd764-1fb2-4770-b8fa-ce2ce9fb846c,37.670292,-119.6576925
2020-01-20,2614,faffd764-1fb2-4770-b8fa-ce2ce9fb846c,37.670292,-119.6576925
2020-01-21,221,faffd764-1fb2-4770-b8fa-ce2ce9fb846c,37.670292,-119.6576925
2020-01-22,3787,faffd764-1fb2-4770-b8fa-ce2ce9fb846c,37.670292,-119.6576925
2020-01-23,3234,faffd764-1fb2-4770-b8fa-ce2ce9fb846c,37.670292,-119.6576925
2020-01-24,7803,faffd764-1fb2-4770-b8fa-ce2ce9fb846c,37.670292,-119.6576925
2020-01-25,5316,faffd764-1fb2-4770-b8fa-ce2ce9fb846c,37.670292,-119.6576925
2020-01-26,2004,faffd764-1fb2-4770-b8fa-ce2ce9fb846c,37.670292,-119.6576925
2020-01-27,5793,faffd764-1fb2-4770-b8fa-ce2ce9fb846c,37.670292,-119.6576925
2020-01-28,2221,faffd764-1fb2-4770-b8fa-ce2ce9fb846c,37.670292,-119.6576925
2020-01-29,4165,faffd764-1fb2-4770-b8fa-ce2ce9fb846c,37.670292,-119.6576925
2020-01-30,2232,faffd764-1fb2-4770-b8fa-ce2ce9fb846c,37.670292,-119.6576925
2020-01-31,5195,faffd764-1fb2-4770-b8fa-ce2ce9fb846c,37.670292,-119.6576925
2020-02-01,4620,faffd764-1fb2-4770-b8fa-ce2ce9fb846c,37.670292,-119.6576925
2020-02-02,4475,faffd764-1fb2-4770-b8fa-ce2ce9fb846c,37.670292,-119.6576925
2020-02-03,4830,faffd764-1fb2-4770-b8fa-ce2ce9fb846c,37.670292,-119.6576925
2020-02-04,4353,faffd764-1fb2-4770-b8fa-ce2ce9fb846c,37.670292,-119.6576925
2020-02-05,5760,faffd764-1fb2-4770-b8fa-ce2ce9fb846c,37.670292,-119.6576925
2020-02-06,3580,faffd764-1fb2-4770-b8fa-ce2ce9fb846c,37.670292,-119.6576925
2020-02-07,5995,faffd764-1fb2-4770-b8fa-ce2ce9fb846c,37.670292,-119.6576925
2020-02-08,4371,faffd764-1fb2-4770-b8fa-ce2ce9fb846c,37.670292,-119.6576925
2020-02-09,7088,faffd764-1fb2-4770-b8fa-ce2ce9fb846c,37.670292,-119.6576925
2020-02-10,4339,faffd764-1fb2-4770-b8fa-ce2ce9fb846c,37.670292,-119.6576925
2020-02-11,3840,faffd764-1fb2-4770-b8fa-ce2ce9fb846c,37.670292,-119.6576925
2020-02-12,5107,faffd764-1fb2-4770-b8fa-ce2ce9fb846c,37.670292,-119.6576925
2020-02-13,3438,faffd764-1fb2-4770-b8fa-ce2ce9fb846c,37.670292,-119.6576925
2020-02-14,6195,faffd764-1fb2-4770-b8fa-ce2ce9fb846c,37.670292,-119.6576925
2020-02-15,2375,faffd764-1fb2-4770-b8fa-ce2ce9fb846c,37.670292,-119.6576925
2020-02-16,6609,faffd764-1fb2-4770-b8fa-ce2ce9fb846c,37.670292,-119.6576925
2020-02-17,3777,faffd764-1fb2-4770-b8fa-ce2ce9fb846c,37.670292,-119.6576925
2020-02-18,4054,faffd764-1fb2-4770-b8fa-ce2ce9fb846c,37.670292,-119.6576925
2020-02-19,5076,faffd764-1fb2-4770-b8fa-ce2ce9fb846c,37.670292,-119.6576925
2020-02-20,2511,faffd764-1fb2-4770-b8fa-ce2ce9fb846c,37.670292,-119.6576925
2020-02-21,5345,faffd764-1fb2-4770-b8fa-ce2ce9fb846c,37.670292,-119.6576925
2020-02-22,1673,faffd764-1fb2-4770-b8fa-ce2ce9fb846c,37.670292,-119.6576925
2020-02-23,6321,faffd764-1fb2-4770-b8fa-ce2ce9fb846c,37.670292,-119.6576925
2020-02-24,3390,faffd764-1fb2-4770-b8fa-ce2ce9fb846c,37.670292,-119.6576925
2020-02-25,5604,faffd764-1fb2-4770-b8fa-ce2ce9fb846c,37.670292,-119.6576925
2020-02-26,3497,faffd764-1fb2-4770-b8fa-ce2ce9fb846c,37.670292,-119.6576925
2020-02-27,1731,faffd764-1fb2-4770-b8fa-ce2ce9fb846c,37.670292,-119.6576925
2020-02-28,3218,faffd764-1fb2-4770-b8fa-ce2ce9fb846c,37.670292,-119.6576925
2020-02-29,429,faffd764-1fb2-4770-b8fa-ce2ce9fb846c,37.670292,-119.6576925
2020-03-01,1401,faffd764-1fb2-4770-b8fa-ce2ce9fb846c,37.670292,-119.6576925
2020-03-02,3664,faffd764-1fb2-4770-b8fa-ce2ce9fb846c,37.670292,-119.6576925
2020-03-03,6932,faffd764-1fb2-4770-b8fa-ce2ce9fb846c,37.670292,-119.6576925
2020-03-04,2933,faffd764-1fb2-4770-b8fa-ce2ce9fb846c,37.670292,-119.6576925
2020-03-05,2980,faffd764-1fb2-4770-b8fa-ce2ce9fb846c,37.670292,-119.6576925
2020-03-06,2442,faffd764-1fb2-4770-b8fa-ce2ce9fb846c,37.670292,-119.6576925
2020-03-07,4282,faffd764-1fb2-4770-b8fa-ce2ce9fb846c,37.670292,-119.6576925
2020-03-08,396,faffd764-1fb2-4770-b8fa-ce2ce9fb846c,37.670292,-119.6576925
2020-03-09,528,faffd764-1fb2-4770-b8fa-ce2ce9fb846c,37.670292,-119.6576925
2020-03-10,2635,faffd764-1fb2-4770-b8fa-ce2ce9fb846c,37.670292,-119.6576925
2020-03-11,917,faffd764-1fb2-4770-b8fa-ce2ce9fb846c,37.670292,-119.6576925
2020-03-12,-92,faffd764-1fb2-4770-b8fa-ce2ce9fb846c,37.670292,-119.6576925
2020-03-13,-83,faffd764-1fb2-4770-b8fa-ce2ce9fb846c,37.670292,-119.6576925
2020-03-14,2212,faffd764-1fb2-4770-b8fa-ce2ce9fb846c,37.670292,-119.6576925
2020-03-15,5118,faffd764-1fb2-4770-b8fa-ce2ce9fb846c,37.670292,-119.6576925
2020-03-16,5119,faffd764-1fb2-4770-b8fa-ce2ce9fb846c,37.670292,-119.6576925
2020-03-17,5499,faffd764-1fb2-4770-b8fa-ce2ce9fb846c,37.670292,-119.6576925
2020-03-18,5116,faffd764-1fb2-4770-b8fa-ce2ce9fb846c,37.670292,-119.6576925
2020-03-19,6804,faffd764-1fb2-4770-b8fa-ce2ce9fb846c,37.670292,-119.6576925
2020-03-20,5066,faffd764-1fb2-4770-b8fa-ce2ce9fb846c,37.670292,-119.6576925
2020-03-21,4239,faffd764-1fb2-4770-b8fa-ce2ce9fb846c,37.670292,-119.6576925
2020-03-22,849,faffd764-1fb2-4770-b8fa-ce2ce9fb846c,37.670292,-119.6576925
2020-03-23,1525,faffd764-1fb2-4770-b8fa-ce2ce9fb846c,37.670292,-119.6576925
2020-03-24,1609,faffd764-1fb2-4770-b8fa-ce2ce9fb846c,37.670292,-119.6576925
2020-03-25,4265,faffd764-1fb2-4770-b8fa-ce2ce9fb846c,37.670292,-119.6576925
2020-03-26,1540,faffd764-1fb2-4770-b8fa-ce2ce9fb846c,37.670292,-119.6576925
2020-03-27,5428,faffd764-1fb2-4770-b8fa-ce2ce9fb846c,37.670292,-119.6576925
2020-03-28,5632,faffd764-1fb2-4770-b8fa-ce2ce9fb846c,37.670292,-119.6576925
2020-03-29,3217,faffd764-1fb2-4770-b8fa-ce2ce9fb846c,37.670292,-119.6576925
2020-03-30,7354,faffd764-1fb2-4770-b8fa-ce2ce9fb846c,37.670292,-119.6576925
2020-03-31,6969,faffd764-1fb2-4770-b8fa-ce2ce9fb846c,37.670292,-119.6576925
2020-04-01,5730,faffd764-1fb2-4770-b8fa-ce2ce9fb846c,37.670292,-119.6576925
2020-04-02,8244,faffd764-1fb2-4770-b8fa-ce2ce9fb846c,37.670292,-119.6576925
2020-04-03,3783,faffd764-1fb2-4770-b8fa-ce2ce9fb846c,37.670292,-119.6576925
2020-04-04,4482,faffd764-1fb2-4770-b8fa-ce2ce9fb846c,37.670292,-119.6576925
2020-04-05,4747,faffd764-1fb2-4770-b8fa-ce2ce9fb846c,37.670292,-119.6576925
2020-04-06,4747,faffd764-1fb2-4770-b8fa-ce2ce9fb846c,37.670292,-119.6576925
2020-04-07,711,faffd764-1fb2-4770-b8fa-ce2ce9fb846c,37.670292,-119.6576925
2020-04-08,3355,faffd764-1fb2-4770-b8fa-ce2ce9fb846c,37.670292,-119.6576925
2020-04-09,2275,faffd764-1fb2-4770-b8fa-ce2ce9fb846c,37.670292,-119.6576925
2020-04-10,4259,faffd764-1fb2-4770-b8fa-ce2ce9fb846c,37.670292,-119.6576925
2020-04-11,8386,faffd764-1fb2-4770-b8fa-ce2ce9fb846c,37.670292,-119.6576925
2020-04-12,215,faffd764-1fb2-4770-b8fa-ce2ce9fb846c,37.670292,-119.6576925
2020-04-13,7876,faffd764-1fb2-4770-b8fa-ce2ce9fb846c,37.670292,-119.6576925
2020-04-14,6557,faffd764-1fb2-4770-b8fa-ce2ce9fb846c,37.670292,-119.6576925
2020-04-15,6522,faffd764-1fb2-4770-b8fa-ce2ce9fb846c,37.670292,-119.6576925
2020-04-16,7175,faffd764-1fb2-4770-b8fa-ce2ce9fb846c,37.670292,-119.6576925
2020-04-17,787,faffd764-1fb2-4770-b8fa-ce2ce9fb846c,37.670292,-119.6576925
2020-04-18,1554,faffd764-1fb2-4770-b8fa-ce2ce9fb846c,37.670292,-119.6576925
2020-04-19,3380,faffd764-1fb2-4770-b8fa-ce2ce9fb846c,37.670292,-119.6576925
2020-04-20,6404,faffd764-1fb2-4770-b8fa-ce2ce9fb846c,37.670292,-119.6576925
2020-04-21,5987,faffd764-1fb2-4770-b8fa-ce2ce9fb846c,37.670292,-119.6576925
2020-04-22,6162,faffd764-1fb2-4770-b8fa-ce2ce9fb846c,37.670292,-119.6576925
2020-04-23,6406,faffd764-1fb2-4770-b8fa-ce2ce9fb846c,37.670292,-119.6576925
2020-04-24,4236,faffd764-1fb2-4770-b8fa-ce2ce9fb846c,37.670292,-119.6576925
2020-04-25,5436,faffd764-1fb2-4770-b8fa-ce2ce9fb846c,37.670292,-119.6576925
2020-04-26,2820,faffd764-1fb2-4770-b8fa-ce2ce9fb846c,37.670292,-119.6576925
2020-04-27,3489,faffd764-1fb2-4770-b8fa-ce2ce9fb846c,37.670292,-119.6576925
2020-04-28,2857,faffd764-1fb2-4770-b8fa-ce2ce9fb846c,37.670292,-119.6576925
2020-04-29,2534,faffd764-1fb2-4770-b8fa-ce2ce9fb846c,37.670292,-119.6576925
2020-04-30,1824,faffd764-1fb2-4770-b8fa-ce2ce9fb846c,37.670292,-119.6576925
2020-05-01,-768,faffd764-1fb2-4770-b8fa-ce2ce9fb846c,37.670292,-119.6576925
2020-05-02,844,faffd764-1fb2-4770-b8fa-ce2ce9fb846c,37.670292,-119.6576925
2020-05-03,-602,faffd764-1fb2-4770-b8fa-ce2ce9fb846c,37.670292,-119.6576925
2020-05-04,-763,faffd764-1fb2-4770-b8fa-ce2ce9fb846c,37.670292,-119.6576925
2020-05-05,-1309,faffd764-1fb2-4770-b8fa-ce2ce9fb846c,37.670292,-119.6576925
2020-05-06,-1751,faffd764-1fb2-4770-b8fa-ce2ce9fb846c,37.670292,-119.6576925
2020-05-07,129,faffd764-1fb2-4770-b8fa-ce2ce9fb846c,37.670292,-119.6576925
2020-05-08,-959,faffd764-1fb2-4770-b8fa-ce2ce9fb846c,37.670292,-119.6576925
2020-05-09,-1666,faffd764-1fb2-4770-b8fa-ce2ce9fb846c,37.670292,-119.6576925
2020-05-10,-3184,faffd764-1fb2-4770-b8fa-ce2ce9fb846c,37.670292,-119.6576925
2020-05-11,-2680,faffd764-1fb2-4770-b8fa-ce2ce9fb846c,37.670292,-119.6576925
2020-05-12,-1175,faffd764-1fb2-4770-b8fa-ce2ce9fb846c,37.670292,-119.6576925
2020-05-13,-707,faffd764-1fb2-4770-b8fa-ce2ce9fb846c,37.670292,-119.6576925
2020-05-14,1188,faffd764-1fb2-4770-b8fa-ce2ce9fb846c,37.670292,-119.6576925
2020-05-15,-4179,faffd764-1fb2-4770-b8fa-ce2ce9fb846c,37.670292,-119.6576925
2020-05-16,-1336,faffd764-1fb2-4770-b8fa-ce2ce9fb846c,37.670292,-119.6576925
2020-05-17,-1140,faffd764-1fb2-4770-b8fa-ce2ce9fb846c,37.670292,-119.6576925
2020-05-18,3538,faffd764-1fb2-4770-b8fa-ce2ce9fb846c,37.670292,-119.6576925
2020-05-19,3064,faffd764-1fb2-4770-b8fa-ce2ce9fb846c,37.670292,-119.6576925
2020-05-20,3702,faffd764-1fb2-4770-b8fa-ce2ce9fb846c,37.670292,-119.6576925
2020-05-21,-1450,faffd764-1fb2-4770-b8fa-ce2ce9fb846c,37.670292,-119.6576925
2020-05-22,604,faffd764-1fb2-4770-b8fa-ce2ce9fb846c,37.670292,-119.6576925
2020-05-23,-2013,faffd764-1fb2-4770-b8fa-ce2ce9fb846c,37.670292,-119.6576925
2020-05-24,-4182,faffd764-1fb2-4770-b8fa-ce2ce9fb846c,37.670292,-119.6576925
2020-05-25,-2833,faffd764-1fb2-4770-b8fa-ce2ce9fb846c,37.670292,-119.6576925
2020-05-26,-3594,faffd764-1fb2-4770-b8fa-ce2ce9fb846c,37.670292,-119.6576925
2020-05-27,-3574,faffd764-1fb2-4770-b8fa-ce2ce9fb846c,37.670292,-119.6576925
2020-05-28,-2800,faffd764-1fb2-4770-b8fa-ce2ce9fb846c,37.670292,-119.6576925
2020-05-29,-3625,faffd764-1fb2-4770-b8fa-ce2ce9fb846c,37.670292,-119.6576925
2020-05-30,-495,faffd764-1fb2-4770-b8fa-ce2ce9fb846c,37.670292,-119.6576925
2020-05-31,-4045,faffd764-1fb2-4770-b8fa-ce2ce9fb846c,37.670292,-119.6576925
2020-06-01,3598,faffd764-1fb2-4770-b8fa-ce2ce9fb846c,37.670292,-119.6576925
2020-06-02,-1477,faffd764-1fb2-4770-b8fa-ce2ce9fb846c,37.670292,-119.6576925
2020-06-03,-3066,faffd764-1fb2-4770-b8fa-ce2ce9fb846c,37.670292,-119.6576925
2020-06-04,-3145,faffd764-1fb2-4770-b8fa-ce2ce9fb846c,37.670292,-119.6576925
2020-06-05,978,faffd764-1fb2-4770-b8fa-ce2ce9fb846c,37.670292,-119.6576925
2020-06-06,-330,faffd764-1fb2-4770-b8fa-ce2ce9fb846c,37.670292,-119.6576925
2020-06-07,-2131,faffd764-1fb2-4770-b8fa-ce2ce9fb846c,37.670292,-119.6576925
2020-06-08,-1938,faffd764-1fb2-4770-b8fa-ce2ce9fb846c,37.670292,-119.6576925
2020-06-09,-3862,faffd764-1fb2-4770-b8fa-ce2ce9fb846c,37.670292,-119.6576925
2020-06-10,-2360,faffd764-1fb2-4770-b8fa-ce2ce9fb846c,37.670292,-119.6576925
2020-06-11,-3125,faffd764-1fb2-4770-b8fa-ce2ce9fb846c,37.670292,-119.6576925
2020-06-12,-3207,faffd764-1fb2-4770-b8fa-ce2ce9fb846c,37.670292,-119.6576925
2020-06-13,-945,faffd764-1fb2-4770-b8fa-ce2ce9fb846c,37.670292,-119.6576925
2020-06-14,-3796,faffd764-1fb2-4770-b8fa-ce2ce9fb846c,37.670292,-119.6576925
2020-06-15,1005,faffd764-1fb2-4770-b8fa-ce2ce9fb846c,37.670292,-119.6576925
2020-06-16,-4114,faffd764-1fb2-4770-b8fa-ce2ce9fb846c,37.670292,-119.6576925
2020-06-17,-2223,faffd764-1fb2-4770-b8fa-ce2ce9fb846c,37.670292,-119.6576925
2020-06-18,-3801,faffd764-1fb2-4770-b8fa-ce2ce9fb846c,37.670292,-119.6576925
2020-06-19,-3281,faffd764-1fb2-4770-b8fa-ce2ce9fb846c,37.670292,-119.6576925
2020-06-20,-2855,faffd764-1fb2-4770-b8fa-ce2ce9fb846c,37.670292,-119.6576925
2020-06-21,-3011,faffd764-1fb2-4770-b8fa-ce2ce9fb846c,37.670292,-119.6576925
2020-06-22,-1993,faffd764-1fb2-4770-b8fa-ce2ce9fb846c,37.670292,-119.6576925
2020-06-23,-3942,faffd764-1fb2-4770-b8fa-ce2ce9fb846c,37.670292,-119.6576925
2020-06-24,-1199,faffd764-1fb2-4770-b8fa-ce2ce9fb846c,37.670292,-119.6576925
2020-06-25,-3823,faffd764-1fb2-4770-b8fa-ce2ce9fb846c,37.670292,-119.6576925
2020-06-26,-2751,faffd764-1fb2-4770-b8fa-ce2ce9fb846c,37.670292,-119.6576925
2020-06-27,-3354,faffd764-1fb2-4770-b8fa-ce2ce9fb846c,37.670292,-119.6576925
2020-06-28,-3575,faffd764-1fb2-4770-b8fa-ce2ce9fb846c,37.670292,-119.6576925
2020-06-29,-2608,faffd764-1fb2-4770-b8fa-ce2ce9fb846c,37.670292,-119.6576925
2020-06-30,-3927,faffd764-1fb2-4770-b8fa-ce2ce9fb846c,37.670292,-119.6576925
2020-07-01,-1221,faffd764-1fb2-4770-b8fa-ce2ce9fb846c,37.670292,-119.6576925
2020-07-02,-4179,faffd764-1fb2-4770-b8fa-ce2ce9fb846c,37.670292,-119.6576925
2020-07-03,-2131,faffd764-1fb2-4770-b8fa-ce2ce9fb846c,37.670292,-119.6576925
2020-07-04,-3423,faffd764-1fb2-4770-b8fa-ce2ce9fb846c,37.670292,-119.6576925
2020-07-05,-3265,faffd764-1fb2-4770-b8fa-ce2ce9fb846c,37.670292,-119.6576925
2020-07-06,-3002,faffd764-1fb2-4770-b8fa-ce2ce9fb846c,37.670292,-119.6576925
2020-07-07,-3741,faffd764-1fb2-4770-b8fa-ce2ce9fb846c,37.670292,-119.6576925
2020-07-08,-1756,faffd764-1fb2-4770-b8fa-ce2ce9fb846c,37.670292,-119.6576925
2020-07-09,-4024,faffd764-1fb2-4770-b8fa-ce2ce9fb846c,37.670292,-119.6576925
2020-07-10,-1634,faffd764-1fb2-4770-b8fa-ce2ce9fb846c,37.670292,-119.6576925
2020-07-11,-3883,faffd764-1fb2-4770-b8fa-ce2ce9fb846c,37.670292,-119.6576925
2020-07-12,-2097,faffd764-1fb2-4770-b8fa-ce2ce9fb846c,37.670292,-119.6576925
2020-07-13,-3440,faffd764-1fb2-4770-b8fa-ce2ce9fb846c,37.670292,-119.6576925
2020-07-14,-3294,faffd764-1fb2-4770-b8fa-ce2ce9fb846c,37.670292,-119.6576925
2020-07-15,-2202,faffd764-1fb2-4770-b8fa-ce2ce9fb846c,37.670292,-119.6576925
2020-07-16,-3749,faffd764-1fb2-4770-b8fa-ce2ce9fb846c,37.670292,-119.6576925
2020-07-17,-649,faffd764-1fb2-4770-b8fa-ce2ce9fb846c,37.670292,-119.6576925
2020-07-18,-4006,faffd764-1fb2-4770-b8fa-ce2ce9fb846c,37.670292,-119.6576925
2020-07-19,-1886,faffd764-1fb2-4770-b8fa-ce2ce9fb846c,37.670292,-119.6576925
2020-07-20,-3262,faffd764-1fb2-4770-b8fa-ce2ce9fb846c,37.670292,-119.6576925
2020-07-21,1405,faffd764-1fb2-4770-b8fa-ce2ce9fb846c,37.670292,-119.6576925
2020-07-22,-2494,faffd764-1fb2-4770-b8fa-ce2ce9fb846c,37.670292,-119.6576925
2020-07-23,-3521,faffd764-1fb2-4770-b8fa-ce2ce9fb846c,37.670292,-119.6576925
2020-07-24,-1719,faffd764-1fb2-4770-b8fa-ce2ce9fb846c,37.670292,-119.6576925
2020-07-25,-3779,faffd764-1fb2-4770-b8fa-ce2ce9fb846c,37.670292,-119.6576925
2020-07-26,-1284,faffd764-1fb2-4770-b8fa-ce2ce9fb846c,37.670292,-119.6576925
2020-07-27,-3618,faffd764-1fb2-4770-b8fa-ce2ce9fb846c,37.670292,-119.6576925
2020-07-28,-2139,faffd764-1fb2-4770-b8fa-ce2ce9fb846c,37.670292,-119.6576925
2020-07-29,-3179,faffd764-1fb2-4770-b8fa-ce2ce9fb846c,37.670292,-119.6576925
2020-07-30,-3002,faffd764-1fb2-4770-b8fa-ce2ce9fb846c,37.670292,-119.6576925
2020-07-31,-2527,faffd764-1fb2-4770-b8fa-ce2ce9fb846c,37.670292,-119.6576925
2020-08-01,-3691,faffd764-1fb2-4770-b8fa-ce2ce9fb846c,37.670292,-119.6576925
2020-08-02,191,faffd764-1fb2-4770-b8fa-ce2ce9fb846c,37.670292,-119.6576925
2020-08-03,-4057,faffd764-1fb2-4770-b8fa-ce2ce9fb846c,37.670292,-119.6576925
2020-08-04,-1518,faffd764-1fb2-4770-b8fa-ce2ce9fb846c,37.670292,-119.6576925
2020-08-05,-3305,faffd764-1fb2-4770-b8fa-ce2ce9fb846c,37.670292,-119.6576925
2020-08-06,-2671,faffd764-1fb2-4770-b8fa-ce2ce9fb846c,37.670292,-119.6576925
2020-08-07,-2642,faffd764-1fb2-4770-b8fa-ce2ce9fb846c,37.670292,-119.6576925
2020-08-08,-3370,faffd764-1fb2-4770-b8fa-ce2ce9fb846c,37.670292,-119.6576925
2020-08-09,-1698,faffd764-1fb2-4770-b8fa-ce2ce9fb846c,37.670292,-119.6576925
2020-08-10,-3522,faffd764-1fb2-4770-b8fa-ce2ce9fb846c,37.670292,-119.6576925
2020-08-11,-1190,faffd764-1fb2-4770-b8fa-ce2ce9fb846c,37.670292,-119.6576925
2020-08-12,-3768,faffd764-1fb2-4770-b8fa-ce2ce9fb846c,37.670292,-119.6576925
2020-08-13,2761,faffd764-1fb2-4770-b8fa-ce2ce9fb846c,37.670292,-119.6576925
2020-08-14,-2571,faffd764-1fb2-4770-b8fa-ce2ce9fb846c,37.670292,-119.6576925
2020-08-15,127,faffd764-1fb2-4770-b8fa-ce2ce9fb846c,37.670292,-119.6576925
2020-08-16,-2030,faffd764-1fb2-4770-b8fa-ce2ce9fb846c,37.670292,-119.6576925
2020-08-17,-3447,faffd764-1fb2-4770-b8fa-ce2ce9fb846c,37.670292,-119.6576925
2020-08-18,281,faffd764-1fb2-4770-b8fa-ce2ce9fb846c,37.670292,-119.6576925
2020-08-19,-3444,faffd764-1fb2-4770-b8fa-ce2ce9fb846c,37.670292,-119.6576925
2020-08-20,3534,faffd764-1fb2-4770-b8fa-ce2ce9fb846c,37.670292,-119.6576925
2020-08-21,-2903,faffd764-1fb2-4770-b8fa-ce2ce9fb846c,37.670292,-119.6576925
2020-08-22,-1654,faffd764-1fb2-4770-b8fa-ce2ce9fb846c,37.670292,-119.6576925
2020-08-23,-1544,faffd764-1fb2-4770-b8fa-ce2ce9fb846c,37.670292,-119.6576925
2020-08-24,-3008,faffd764-1fb2-4770-b8fa-ce2ce9fb846c,37.670292,-119.6576925
2020-08-25,-1453,faffd764-1fb2-4770-b8fa-ce2ce9fb846c,37.670292,-119.6576925
2020-08-26,-3780,faffd764-1fb2-4770-b8fa-ce2ce9fb846c,37.670292,-119.6576925
2020-08-27,-272,faffd764-1fb2-4770-b8fa-ce2ce9fb846c,37.670292,-119.6576925
2020-08-28,-3569,faffd764-1fb2-4770-b8fa-ce2ce9fb846c,37.670292,-119.6576925
2020-08-29,-1547,faffd764-1fb2-4770-b8fa-ce2ce9fb846c,37.670292,-119.6576925
2020-08-30,-2610,faffd764-1fb2-4770-b8fa-ce2ce9fb846c,37.670292,-119.6576925
2020-08-31,-1372,faffd764-1fb2-4770-b8fa-ce2ce9fb846c,37.670292,-119.6576925
2020-09-01,-1834,faffd764-1fb2-4770-b8fa-ce2ce9fb846c,37.670292,-119.6576925
2020-09-02,-2730,faffd764-1fb2-4770-b8fa-ce2ce9fb846c,37.670292,-119.6576925
2020-09-03,-291,faffd764-1fb2-4770-b8fa-ce2ce9fb846c,37.670292,-119.6576925
2020-09-04,-3771,faffd764-1fb2-4770-b8fa-ce2ce9fb846c,37.670292,-119.6576925
2020-09-05,1934,faffd764-1fb2-4770-b8fa-ce2ce9fb846c,37.670292,-119.6576925
2020-09-06,-64,faffd764-1fb2-4770-b8fa-ce2ce9fb846c,37.670292,-119.6576925
2020-09-07,1622,faffd764-1fb2-4770-b8fa-ce2ce9fb846c,37.670292,-119.6576925
2020-09-08,-1100,faffd764-1fb2-4770-b8fa-ce2ce9fb846c,37.670292,-119.6576925
2020-09-09,3380,faffd764-1fb2-4770-b8fa-ce2ce9fb846c,37.670292,-119.6576925
2020-09-10,1728,faffd764-1fb2-4770-b8fa-ce2ce9fb846c,37.670292,-119.6576925
2020-09-11,-233,faffd764-1fb2-4770-b8fa-ce2ce9fb846c,37.670292,-119.6576925
2020-09-12,3387,faffd764-1fb2-4770-b8fa-ce2ce9fb846c,37.670292,-119.6576925
2020-09-13,989,faffd764-1fb2-4770-b8fa-ce2ce9fb846c,37.670292,-119.6576925
2020-09-14,4385,faffd764-1fb2-4770-b8fa-ce2ce9fb846c,37.670292,-119.6576925
2020-09-15,2420,faffd764-1fb2-4770-b8fa-ce2ce9fb846c,37.670292,-119.6576925
2020-09-16,2758,faffd764-1fb2-4770-b8fa-ce2ce9fb846c,37.670292,-119.6576925
2020-09-17,4863,faffd764-1fb2-4770-b8fa-ce2ce9fb846c,37.670292,-119.6576925
2020-09-18,-295,faffd764-1fb2-4770-b8fa-ce2ce9fb846c,37.670292,-119.6576925
2020-09-19,1781,faffd764-1fb2-4770-b8fa-ce2ce9fb846c,37.670292,-119.6576925
2020-09-20,-1380,faffd764-1fb2-4770-b8fa-ce2ce9fb846c,37.670292,-119.6576925
2020-09-21,2280,faffd764-1fb2-4770-b8fa-ce2ce9fb846c,37.670292,-119.6576925
2020-09-22,-2607,faffd764-1fb2-4770-b8fa-ce2ce9fb846c,37.670292,-119.6576925
2020-09-23,-2016,faffd764-1fb2-4770-b8fa-ce2ce9fb846c,37.670292,-119.6576925
2020-09-24,-2147,faffd764-1fb2-4770-b8fa-ce2ce9fb846c,37.670292,-119.6576925
2020-09-25,-3168,faffd764-1fb2-4770-b8fa-ce2ce9fb846c,37.670292,-119.6576925
2020-09-26,-1447,faffd764-1fb2-4770-b8fa-ce2ce9fb846c,37.670292,-119.6576925
2020-09-27,-1867,faffd764-1fb2-4770-b8fa-ce2ce9fb846c,37.670292,-119.6576925
2020-09-28,837,faffd764-1fb2-4770-b8fa-ce2ce9fb846c,37.670292,-119.6576925
2020-09-29,-2650,faffd764-1fb2-4770-b8fa-ce2ce9fb846c,37.670292,-119.6576925
2020-09-30,2539,faffd764-1fb2-4770-b8fa-ce2ce9fb846c,37.670292,-119.6576925
2020-10-01,-2541,faffd764-1fb2-4770-b8fa-ce2ce9fb846c,37.670292,-119.6576925
2020-10-02,-1035,faffd764-1fb2-4770-b8fa-ce2ce9fb846c,37.670292,-119.6576925
2020-10-03,1758,faffd764-1fb2-4770-b8fa-ce2ce9fb846c,37.670292,-119.6576925
2020-10-04,-2891,faffd764-1fb2-4770-b8fa-ce2ce9fb846c,37.670292,-119.6576925
2020-10-05,251,faffd764-1fb2-4770-b8fa-ce2ce9fb846c,37.670292,-119.6576925
2020-10-06,-1322,faffd764-1fb2-4770-b8fa-ce2ce9fb846c,37.670292,-119.6576925
2020-10-07,3596,faffd764-1fb2-4770-b8fa-ce2ce9fb846c,37.670292,-119.6576925
2020-10-08,3795,faffd764-1fb2-4770-b8fa-ce2ce9fb846c,37.670292,-119.6576925
2020-10-09,2009,faffd764-1fb2-4770-b8fa-ce2ce9fb846c,37.670292,-119.6576925
2020-10-10,16,faffd764-1fb2-4770-b8fa-ce2ce9fb846c,37.670292,-119.6576925
2020-10-11,-2566,faffd764-1fb2-4770-b8fa-ce2ce9fb846c,37.670292,-119.6576925
2020-10-12,-1397,faffd764-1fb2-4770-b8fa-ce2ce9fb846c,37.670292,-119.6576925
2020-10-13,-3377,faffd764-1fb2-4770-b8fa-ce2ce9fb846c,37.670292,-119.6576925
2020-10-14,-283,faffd764-1fb2-4770-b8fa-ce2ce9fb846c,37.670292,-119.6576925
2020-10-15,-1378,faffd764-1fb2-4770-b8fa-ce2ce9fb846c,37.670292,-119.6576925
2020-10-16,2010,faffd764-1fb2-4770-b8fa-ce2ce9fb846c,37.670292,-119.6576925
2020-10-17,-1983,faffd764-1fb2-4770-b8fa-ce2ce9fb846c,37.670292,-119.6576925
2020-10-18,-2124,faffd764-1fb2-4770-b8fa-ce2ce9fb846c,37.670292,-119.6576925
2020-10-19,-1638,faffd764-1fb2-4770-b8fa-ce2ce9fb846c,37.670292,-119.6576925
2020-10-20,-762,faffd764-1fb2-4770-b8fa-ce2ce9fb846c,37.670292,-119.6576925
2020-10-21,3720,faffd764-1fb2-4770-b8fa-ce2ce9fb846c,37.670292,-119.6576925
2020-10-22,-3062,faffd764-1fb2-4770-b8fa-ce2ce9fb846c,37.670292,-119.6576925
2020-10-23,-401,faffd764-1fb2-4770-b8fa-ce2ce9fb846c,37.670292,-119.6576925
2020-10-24,-2436,faffd764-1fb2-4770-b8fa-ce2ce9fb846c,37.670292,-119.6576925
2020-10-25,-1531,faffd764-1fb2-4770-b8fa-ce2ce9fb846c,37.670292,-119.6576925
2020-10-26,-1810,faffd764-1fb2-4770-b8fa-ce2ce9fb846c,37.670292,-119.6576925
2020-10-27,-2124,faffd764-1fb2-4770-b8fa-ce2ce9fb846c,37.670292,-119.6576925
2020-10-28,-1311,faffd764-1fb2-4770-b8fa-ce2ce9fb846c,37.670292,-119.6576925
2020-10-29,-2120,faffd764-1fb2-4770-b8fa-ce2ce9fb846c,37.670292,-119.6576925
2020-10-30,128,faffd764-1fb2-4770-b8fa-ce2ce9fb846c,37.670292,-119.6576925
2020-10-31,-2165,faffd764-1fb2-4770-b8fa-ce2ce9fb846c,37.670292,-119.6576925
2020-11-01,34,faffd764-1fb2-4770-b8fa-ce2ce9fb846c,37.670292,-119.6576925
2020-11-02,-1741,faffd764-1fb2-4770-b8fa-ce2ce9fb846c,37.670292,-119.6576925
2020-11-03,-1214,faffd764-1fb2-4770-b8fa-ce2ce9fb846c,37.670292,-119.6576925
2020-11-04,-671,faffd764-1fb2-4770-b8fa-ce2ce9fb846c,37.670292,-119.6576925
2020-11-05,-2613,faffd764-1fb2-4770-b8fa-ce2ce9fb846c,37.670292,-119.6576925
2020-11-06,278,faffd764-1fb2-4770-b8fa-ce2ce9fb846c,37.670292,-119.6576925
2020-11-07,1013,faffd764-1fb2-4770-b8fa-ce2ce9fb846c,37.670292,-119.6576925
2020-11-08,4715,faffd764-1fb2-4770-b8fa-ce2ce9fb846c,37.670292,-119.6576925
2020-11-09,6211,faffd764-1fb2-4770-b8fa-ce2ce9fb846c,37.670292,-119.6576925
2020-11-10,6141,faffd764-1fb2-4770-b8fa-ce2ce9fb846c,37.670292,-119.6576925
2020-11-11,4352,faffd764-1fb2-4770-b8fa-ce2ce9fb846c,37.670292,-119.6576925
2020-11-12,6464,faffd764-1fb2-4770-b8fa-ce2ce9fb846c,37.670292,-119.6576925
2020-11-13,160,faffd764-1fb2-4770-b8fa-ce2ce9fb846c,37.670292,-119.6576925
2020-11-14,6288,faffd764-1fb2-4770-b8fa-ce2ce9fb846c,37.670292,-119.6576925
2020-11-15,3931,faffd764-1fb2-4770-b8fa-ce2ce9fb846c,37.670292,-119.6576925
2020-11-16,2744,faffd764-1fb2-4770-b8fa-ce2ce9fb846c,37.670292,-119.6576925
2020-11-17,2384,faffd764-1fb2-4770-b8fa-ce2ce9fb846c,37.670292,-119.6576925
2020-11-18,3385,faffd764-1fb2-4770-b8fa-ce2ce9fb846c,37.670292,-119.6576925
2020-11-19,244,faffd764-1fb2-4770-b8fa-ce2ce9fb846c,37.670292,-119.6576925
2020-11-20,-163,faffd764-1fb2-4770-b8fa-ce2ce9fb846c,37.670292,-119.6576925
2020-11-21,5560,faffd764-1fb2-4770-b8fa-ce2ce9fb846c,37.670292,-119.6576925
2020-11-22,2796,faffd764-1fb2-4770-b8fa-ce2ce9fb846c,37.670292,-119.6576925
2020-11-23,3802,faffd764-1fb2-4770-b8fa-ce2ce9fb846c,37.670292,-119.6576925
2020-11-24,2878,faffd764-1fb2-4770-b8fa-ce2ce9fb846c,37.670292,-119.6576925
2020-11-25,2638,faffd764-1fb2-4770-b8fa-ce2ce9fb846c,37.670292,-119.6576925
2020-11-26,2510,faffd764-1fb2-4770-b8fa-ce2ce9fb846c,37.670292,-119.6576925
2020-11-27,525,faffd764-1fb2-4770-b8fa-ce2ce9fb846c,37.670292,-119.6576925
2020-11-28,1904,faffd764-1fb2-4770-b8fa-ce2ce9fb846c,37.670292,-119.6576925
2020-11-29,1425,faffd764-1fb2-4770-b8fa-ce2ce9fb846c,37.670292,-119.6576925
2020-11-30,2362,faffd764-1fb2-4770-b8fa-ce2ce9fb846c,37.670292,-119.6576925
2020-12-01,1777,faffd764-1fb2-4770-b8fa-ce2ce9fb846c,37.670292,-119.6576925
2020-12-02,1168,faffd764-1fb2-4770-b8fa-ce2ce9fb846c,37.670292,-119.6576925
2020-12-03,1706,faffd764-1fb2-4770-b8fa-ce2ce9fb846c,37.670292,-119.6576925
2020-12-04,1304,faffd764-1fb2-4770-b8fa-ce2ce9fb846c,37.670292,-119.6576925
2020-12-05,1680,faffd764-1fb2-4770-b8fa-ce2ce9fb846c,37.670292,-119.6576925
2020-12-06,905,faffd764-1fb2-4770-b8fa-ce2ce9fb846c,37.670292,-119.6576925
2020-12-07,361,faffd764-1fb2-4770-b8fa-ce2ce9fb846c,37.670292,-119.6576925
2020-12-08,1974,faffd764-1fb2-4770-b8fa-ce2ce9fb846c,37.670292,-119.6576925
2020-12-09,621,faffd764-1fb2-4770-b8fa-ce2ce9fb846c,37.670292,-119.6576925
2020-12-10,1002,faffd764-1fb2-4770-b8fa-ce2ce9fb846c,37.670292,-119.6576925
2020-12-11,995,faffd764-1fb2-4770-b8fa-ce2ce9fb846c,37.670292,-119.6576925
2020-12-12,7558,faffd764-1fb2-4770-b8fa-ce2ce9fb846c,37.670292,-119.6576925
2020-12-13,2796,faffd764-1fb2-4770-b8fa-ce2ce9fb846c,37.670292,-119.6576925
2020-12-14,7771,faffd764-1fb2-4770-b8fa-ce2ce9fb846c,37.670292,-119.6576925
2020-12-15,4355,faffd764-1fb2-4770-b8fa-ce2ce9fb846c,37.670292,-119.6576925
2020-12-16,4368,faffd764-1fb2-4770-b8fa-ce2ce9fb846c,37.670292,-119.6576925
2020-12-17,1112,faffd764-1fb2-4770-b8fa-ce2ce9fb846c,37.670292,-119.6576925
2020-12-18,6382,faffd764-1fb2-4770-b8fa-ce2ce9fb846c,37.670292,-119.6576925
2020-12-19,5489,faffd764-1fb2-4770-b8fa-ce2ce9fb846c,37.670292,-119.6576925
2020-12-20,4076,faffd764-1fb2-4770-b8fa-ce2ce9fb846c,37.670292,-119.6576925
2020-12-21,5861,faffd764-1fb2-4770-b8fa-ce2ce9fb846c,37.670292,-119.6576925
2020-12-22,3565,faffd764-1fb2-4770-b8fa-ce2ce9fb846c,37.670292,-119.6576925
2020-12-23,6692,faffd764-1fb2-4770-b8fa-ce2ce9fb846c,37.670292,-119.6576925
2020-12-24,1359,faffd764-1fb2-4770-b8fa-ce2ce9fb846c,37.670292,-119.6576925
2020-12-25,2428,faffd764-1fb2-4770-b8fa-ce2ce9fb846c,37.670292,-119.6576925
2020-12-26,1641,faffd764-1fb2-4770-b8fa-ce2ce9fb846c,37.670292,-119.6576925
2020-12-27,2211,faffd764-1fb2-4770-b8fa-ce2ce9fb846c,37.670292,-119.6576925
2020-12-28,2254,faffd764-1fb2-4770-b8fa-ce2ce9fb846c,37.670292,-119.6576925
2020-12-29,5008,faffd764-1fb2-4770-b8fa-ce2ce9fb846c,37.670292,-119.6576925
2020-12-30,2589,faffd764-1fb2-4770-b8fa-ce2ce9fb846c,37.670292,-119.6576925
2020-12-31,2844,faffd764-1fb2-4770-b8fa-ce2ce9fb846c,37.670292,-119.6576925
2021-01-01,6343,faffd764-1fb2-4770-b8fa-ce2ce9fb846c,37.670292,-119.6576925
2021-01-02,1917,faffd764-1fb2-4770-b8fa-ce2ce9fb846c,37.670292,-119.6576925
2021-01-03,3312,faffd764-1fb2-4770-b8fa-ce2ce9fb846c,37.670292,-119.6576925
2021-01-04,2555,faffd764-1fb2-4770-b8fa-ce2ce9fb846c,37.670292,-119.6576925
2021-01-05,3703,faffd764-1fb2-4770-b8fa-ce2ce9fb846c,37.670292,-119.6576925
2021-01-06,2963,faffd764-1fb2-4770-b8fa-ce2ce9fb846c,37.670292,-119.6576925
2021-01-07,2556,faffd764-1fb2-4770-b8fa-ce2ce9fb846c,37.670292,-119.6576925
2021-01-08,6963,faffd764-1fb2-4770-b8fa-ce2ce9fb846c,37.670292,-119.6576925
2021-01-09,4665,faffd764-1fb2-4770-b8fa-ce2ce9fb846c,37.670292,-119.6576925
2021-01-10,6998,faffd764-1fb2-4770-b8fa-ce2ce9fb846c,37.670292,-119.6576925
2021-01-11,3801,faffd764-1fb2-4770-b8fa-ce2ce9fb846c,37.670292,-119.6576925
2021-01-12,2686,faffd764-1fb2-4770-b8fa-ce2ce9fb846c,37.670292,-119.6576925
2021-01-13,3817,faffd764-1fb2-4770-b8fa-ce2ce9fb846c,37.670292,-119.6576925
2021-01-14,3177,faffd764-1fb2-4770-b8fa-ce2ce9fb846c,37.670292,-119.6576925
2021-01-15,5141,faffd764-1fb2-4770-b8fa-ce2ce9fb846c,37.670292,-119.6576925
2021-01-16,2615,faffd764-1fb2-4770-b8fa-ce2ce9fb846c,37.670292,-119.6576925
2021-01-17,3999,faffd764-1fb2-4770-b8fa-ce2ce9fb846c,37.670292,-119.6576925
2021-01-18,3436,faffd764-1fb2-4770-b8fa-ce2ce9fb846c,37.670292,-119.6576925
2021-01-19,3142,faffd764-1fb2-4770-b8fa-ce2ce9fb846c,37.670292,-119.6576925
2021-01-20,3589,faffd764-1fb2-4770-b8fa-ce2ce9fb846c,37.670292,-119.6576925
2021-01-21,1629,faffd764-1fb2-4770-b8fa-ce2ce9fb846c,37.670292,-119.6576925
2021-01-22,715,faffd764-1fb2-4770-b8fa-ce2ce9fb846c,37.670292,-119.6576925
2021-01-23,3452,faffd764-1fb2-4770-b8fa-ce2ce9fb846c,37.670292,-119.6576925
2021-01-24,5475,faffd764-1fb2-4770-b8fa-ce2ce9fb846c,37.670292,-119.6576925
2021-01-25,1132,faffd764-1fb2-4770-b8fa-ce2ce9fb846c,37.670292,-119.6576925
2021-01-26,7875,faffd764-1fb2-4770-b8fa-ce2ce9fb846c,37.670292,-119.6576925
2021-01-27,4164,faffd764-1fb2-4770-b8fa-ce2ce9fb846c,37.670292,-119.6576925
2021-01-28,5901,faffd764-1fb2-4770-b8fa-ce2ce9fb846c,37.670292,-119.6576925
2021-01-29,2488,faffd764-1fb2-4770-b8fa-ce2ce9fb846c,37.670292,-119.6576925
2021-01-30,5935,faffd764-1fb2-4770-b8fa-ce2ce9fb846c,37.670292,-119.6576925
2021-01-31,6189,faffd764-1fb2-4770-b8fa-ce2ce9fb846c,37.670292,-119.6576925
2021-02-01,454,faffd764-1fb2-4770-b8fa-ce2ce9fb846c,37.670292,-119.6576925
2021-02-02,6604,faffd764-1fb2-4770-b8fa-ce2ce9fb846c,37.670292,-119.6576925
2021-02-03,876,faffd764-1fb2-4770-b8fa-ce2ce9fb846c,37.670292,-119.6576925
2021-02-04,7225,faffd764-1fb2-4770-b8fa-ce2ce9fb846c,37.670292,-119.6576925
2021-02-05,6604,faffd764-1fb2-4770-b8fa-ce2ce9fb846c,37.670292,-119.6576925
2021-02-06,5881,faffd764-1fb2-4770-b8fa-ce2ce9fb846c,37.670292,-119.6576925
2021-02-07,7241,faffd764-1fb2-4770-b8fa-ce2ce9fb846c,37.670292,-119.6576925
2021-02-08,3561,faffd764-1fb2-4770-b8fa-ce2ce9fb846c,37.670292,-119.6576925
2021-02-09,2063,faffd764-1fb2-4770-b8fa-ce2ce9fb846c,37.670292,-119.6576925
2021-02-10,5822,faffd764-1fb2-4770-b8fa-ce2ce9fb846c,37.670292,-119.6576925
2021-02-11,4389,faffd764-1fb2-4770-b8fa-ce2ce9fb846c,37.670292,-119.6576925
2021-02-12,6423,faffd764-1fb2-4770-b8fa-ce2ce9fb846c,37.670292,-119.6576925
2021-02-13,3869,faffd764-1fb2-4770-b8fa-ce2ce9fb846c,37.670292,-119.6576925
2021-02-14,1349,faffd764-1fb2-4770-b8fa-ce2ce9fb846c,37.670292,-119.6576925
2021-02-15,2113,faffd764-1fb2-4770-b8fa-ce2ce9fb846c,37.670292,-119.6576925
2021-02-16,2611,faffd764-1fb2-4770-b8fa-ce2ce9fb846c,37.670292,-119.6576925
2021-02-17,4302,faffd764-1fb2-4770-b8fa-ce2ce9fb846c,37.670292,-119.6576925
2021-02-19,2209,faffd764-1fb2-4770-b8fa-ce2ce9fb846c,37.670292,-119.6576925
2021-02-20,3600,faffd764-1fb2-4770-b8fa-ce2ce9fb846c,37.670292,-119.6576925
2021-02-21,6029,faffd764-1fb2-4770-b8fa-ce2ce9fb846c,37.670292,-119.6576925
2021-02-22,5720,faffd764-1fb2-4770-b8fa-ce2ce9fb846c,37.670292,-119.6576925
2021-02-23,4162,faffd764-1fb2-4770-b8fa-ce2ce9fb846c,37.670292,-119.6576925
2021-02-24,4335,faffd764-1fb2-4770-b8fa-ce2ce9fb846c,37.670292,-119.6576925
2021-02-25,7746,faffd764-1fb2-4770-b8fa-ce2ce9fb846c,37.670292,-119.6576925
2021-02-26,6076,faffd764-1fb2-4770-b8fa-ce2ce9fb846c,37.670292,-119.6576925
2021-02-27,7939,faffd764-1fb2-4770-b8fa-ce2ce9fb846c,37.670292,-119.6576925
2021-02-28,6608,faffd764-1fb2-4770-b8fa-ce2ce9fb846c,37.670292,-119.6576925
2021-03-01,6947,faffd764-1fb2-4770-b8fa-ce2ce9fb846c,37.670292,-119.6576925
2021-03-02,5612,faffd764-1fb2-4770-b8fa-ce2ce9fb846c,37.670292,-119.6576925
2021-03-03,2466,faffd764-1fb2-4770-b8fa-ce2ce9fb846c,37.670292,-119.6576925
2021-03-04,7877,faffd764-1fb2-4770-b8fa-ce2ce9fb846c,37.670292,-119.6576925
2021-03-05,3738,faffd764-1fb2-4770-b8fa-ce2ce9fb846c,37.670292,-119.6576925
2021-03-06,7094,faffd764-1fb2-4770-b8fa-ce2ce9fb846c,37.670292,-119.6576925
2021-03-07,5051,faffd764-1fb2-4770-b8fa-ce2ce9fb846c,37.670292,-119.6576925
2021-03-08,1654,faffd764-1fb2-4770-b8fa-ce2ce9fb846c,37.670292,-119.6576925
2021-03-09,2529,faffd764-1fb2-4770-b8fa-ce2ce9fb846c,37.670292,-119.6576925
2021-03-10,4001,faffd764-1fb2-4770-b8fa-ce2ce9fb846c,37.670292,-119.6576925
2021-03-11,1903,faffd764-1fb2-4770-b8fa-ce2ce9fb846c,37.670292,-119.6576925
2021-03-12,5581,faffd764-1fb2-4770-b8fa-ce2ce9fb846c,37.670292,-119.6576925
2021-03-13,7426,faffd764-1fb2-4770-b8fa-ce2ce9fb846c,37.670292,-119.6576925
2021-03-14,2327,faffd764-1fb2-4770-b8fa-ce2ce9fb846c,37.670292,-119.6576925
2021-03-15,2175,faffd764-1fb2-4770-b8fa-ce2ce9fb846c,37.670292,-119.6576925
2021-03-16,6257,faffd764-1fb2-4770-b8fa-ce2ce9fb846c,37.670292,-119.6576925
2021-03-17,3411,faffd764-1fb2-4770-b8fa-ce2ce9fb846c,37.670292,-119.6576925
2021-03-18,1013,faffd764-1fb2-4770-b8fa-ce2ce9fb846c,37.670292,-119.6576925
2021-03-19,1847,faffd764-1fb2-4770-b8fa-ce2ce9fb846c,37.670292,-119.6576925
2021-03-20,4382,faffd764-1fb2-4770-b8fa-ce2ce9fb846c,37.670292,-119.6576925
2021-03-21,5954,faffd764-1fb2-4770-b8fa-ce2ce9fb846c,37.670292,-119.6576925
2021-03-22,2360,faffd764-1fb2-4770-b8fa-ce2ce9fb846c,37.670292,-119.6576925
2021-03-23,6218,faffd764-1fb2-4770-b8fa-ce2ce9fb846c,37.670292,-119.6576925
2021-03-24,4327,faffd764-1fb2-4770-b8fa-ce2ce9fb846c,37.670292,-119.6576925
2021-03-25,4348,faffd764-1fb2-4770-b8fa-ce2ce9fb846c,37.670292,-119.6576925
2021-03-26,4937,faffd764-1fb2-4770-b8fa-ce2ce9fb846c,37.670292,-119.6576925
2021-03-27,7719,faffd764-1fb2-4770-b8fa-ce2ce9fb846c,37.670292,-119.6576925
2021-03-28,4359,faffd764-1fb2-4770-b8fa-ce2ce9fb846c,37.670292,-119.6576925
2021-03-29,8083,faffd764-1fb2-4770-b8fa-ce2ce9fb846c,37.670292,-119.6576925
2021-03-30,6129,faffd764-1fb2-4770-b8fa-ce2ce9fb846c,37.670292,-119.6576925
2021-03-31,7964,faffd764-1fb2-4770-b8fa-ce2ce9fb846c,37.670292,-119.6576925
2021-04-01,6707,faffd764-1fb2-4770-b8fa-ce2ce9fb846c,37.670292,-119.6576925
2021-04-02,5555,faffd764-1fb2-4770-b8fa-ce2ce9fb846c,37.670292,-119.6576925
2021-04-03,6675,faffd764-1fb2-4770-b8fa-ce2ce9fb846c,37.670292,-119.6576925
2021-04-04,3743,faffd764-1fb2-4770-b8fa-ce2ce9fb846c,37.670292,-119.6576925
2021-04-05,1450,faffd764-1fb2-4770-b8fa-ce2ce9fb846c,37.670292,-119.6576925
2021-04-06,2916,faffd764-1fb2-4770-b8fa-ce2ce9fb846c,37.670292,-119.6576925
2021-04-07,7146,faffd764-1fb2-4770-b8fa-ce2ce9fb846c,37.670292,-119.6576925
2021-04-08,4515,faffd764-1fb2-4770-b8fa-ce2ce9fb846c,37.670292,-119.6576925
2021-04-09,4141,faffd764-1fb2-4770-b8fa-ce2ce9fb846c,37.670292,-119.6576925
2021-04-10,5467,faffd764-1fb2-4770-b8fa-ce2ce9fb846c,37.670292,-119.6576925
2021-04-11,4707,faffd764-1fb2-4770-b8fa-ce2ce9fb846c,37.670292,-119.6576925
2021-04-12,5484,faffd764-1fb2-4770-b8fa-ce2ce9fb846c,37.670292,-119.6576925
2021-04-13,963,faffd764-1fb2-4770-b8fa-ce2ce9fb846c,37.670292,-119.6576925
2021-04-14,1460,faffd764-1fb2-4770-b8fa-ce2ce9fb846c,37.670292,-119.6576925
2021-04-15,3599,faffd764-1fb2-4770-b8fa-ce2ce9fb846c,37.670292,-119.6576925
2021-04-16,3069,faffd764-1fb2-4770-b8fa-ce2ce9fb846c,37.670292,-119.6576925
2021-04-17,4732,faffd764-1fb2-4770-b8fa-ce2ce9fb846c,37.670292,-119.6576925
2021-04-18,1334,faffd764-1fb2-4770-b8fa-ce2ce9fb846c,37.670292,-119.6576925
2021-04-19,3741,faffd764-1fb2-4770-b8fa-ce2ce9fb846c,37.670292,-119.6576925
2021-04-20,2096,faffd764-1fb2-4770-b8fa-ce2ce9fb846c,37.670292,-119.6576925
2021-04-21,2902,faffd764-1fb2-4770-b8fa-ce2ce9fb846c,37.670292,-119.6576925
2021-04-22,433,faffd764-1fb2-4770-b8fa-ce2ce9fb846c,37.670292,-119.6576925
2021-04-23,257,faffd764-1fb2-4770-b8fa-ce2ce9fb846c,37.670292,-119.6576925
2021-04-24,1388,faffd764-1fb2-4770-b8fa-ce2ce9fb846c,37.670292,-119.6576925
2021-04-25,6500,faffd764-1fb2-4770-b8fa-ce2ce9fb846c,37.670292,-119.6576925
2021-04-26,1491,faffd764-1fb2-4770-b8fa-ce2ce9fb846c,37.670292,-119.6576925
2021-04-27,5678,faffd764-1fb2-4770-b8fa-ce2ce9fb846c,37.670292,-119.6576925
2021-04-28,6093,faffd764-1fb2-4770-b8fa-ce2ce9fb846c,37.670292,-119.6576925
2021-04-29,-16,faffd764-1fb2-4770-b8fa-ce2ce9fb846c,37.670292,-119.6576925
2021-04-30,1308,faffd764-1fb2-4770-b8fa-ce2ce9fb846c,37.670292,-119.6576925
2021-05-01,50,faffd764-1fb2-4770-b8fa-ce2ce9fb846c,37.670292,-119.6576925
2021-05-02,-1041,faffd764-1fb2-4770-b8fa-ce2ce9fb846c,37.670292,-119.6576925
2021-05-03,93,faffd764-1fb2-4770-b8fa-ce2ce9fb846c,37.670292,-119.6576925
2021-05-04,-2312,faffd764-1fb2-4770-b8fa-ce2ce9fb846c,37.670292,-119.6576925
2021-05-05,-1611,faffd764-1fb2-4770-b8fa-ce2ce9fb846c,37.670292,-119.6576925
2021-05-06,-2555,faffd764-1fb2-4770-b8fa-ce2ce9fb846c,37.670292,-119.6576925
2021-05-07,-3152,faffd764-1fb2-4770-b8fa-ce2ce9fb846c,37.670292,-119.6576925
2021-05-08,-2173,faffd764-1fb2-4770-b8fa-ce2ce9fb846c,37.670292,-119.6576925
2021-05-09,-2998,faffd764-1fb2-4770-b8fa-ce2ce9fb846c,37.670292,-119.6576925
2021-05-10,-1707,faffd764-1fb2-4770-b8fa-ce2ce9fb846c,37.670292,-119.6576925
2021-05-11,-3890,faffd764-1fb2-4770-b8fa-ce2ce9fb846c,37.670292,-119.6576925
2021-05-12,-2674,faffd764-1fb2-4770-b8fa-ce2ce9fb846c,37.670292,-119.6576925
2021-05-13,-3243,faffd764-1fb2-4770-b8fa-ce2ce9fb846c,37.670292,-119.6576925
2021-05-14,-3098,faffd764-1fb2-4770-b8fa-ce2ce9fb846c,37.670292,-119.6576925
2021-05-15,-2543,faffd764-1fb2-4770-b8fa-ce2ce9fb846c,37.670292,-119.6576925
2021-05-16,-728,faffd764-1fb2-4770-b8fa-ce2ce9fb846c,37.670292,-119.6576925
2021-05-17,-980,faffd764-1fb2-4770-b8fa-ce2ce9fb846c,37.670292,-119.6576925
2021-05-18,-4127,faffd764-1fb2-4770-b8fa-ce2ce9fb846c,37.670292,-119.6576925
2021-05-19,-2209,faffd764-1fb2-4770-b8fa-ce2ce9fb846c,37.670292,-119.6576925
2021-05-20,-3778,faffd764-1fb2-4770-b8fa-ce2ce9fb846c,37.670292,-119.6576925
2021-05-21,5140,faffd764-1fb2-4770-b8fa-ce2ce9fb846c,37.670292,-119.6576925
2021-05-22,4031,faffd764-1fb2-4770-b8fa-ce2ce9fb846c,37.670292,-119.6576925
2021-05-23,-270,faffd764-1fb2-4770-b8fa-ce2ce9fb846c,37.670292,-119.6576925
2021-05-24,-2491,faffd764-1fb2-4770-b8fa-ce2ce9fb846c,37.670292,-119.6576925
2021-05-25,-3997,faffd764-1fb2-4770-b8fa-ce2ce9fb846c,37.670292,-119.6576925
2021-05-26,-1755,faffd764-1fb2-4770-b8fa-ce2ce9fb846c,37.670292,-119.6576925
2021-05-27,-4109,faffd764-1fb2-4770-b8fa-ce2ce9fb846c,37.670292,-119.6576925
2021-05-28,-2631,faffd764-1fb2-4770-b8fa-ce2ce9fb846c,37.670292,-119.6576925
2021-05-29,-3439,faffd764-1fb2-4770-b8fa-ce2ce9fb846c,37.670292,-119.6576925
2021-05-30,-3712,faffd764-1fb2-4770-b8fa-ce2ce9fb846c,37.670292,-119.6576925
2021-05-31,-2786,faffd764-1fb2-4770-b8fa-ce2ce9fb846c,37.670292,-119.6576925
2021-06-01,-3685,faffd764-1fb2-4770-b8fa-ce2ce9fb846c,37.670292,-119.6576925
2021-06-02,-1013,faffd764-1fb2-4770-b8fa-ce2ce9fb846c,37.670292,-119.6576925
2021-06-03,-4169,faffd764-1fb2-4770-b8fa-ce2ce9fb846c,37.670292,-119.6576925
2021-06-04,-2131,faffd764-1fb2-4770-b8fa-ce2ce9fb846c,37.670292,-119.6576925
2021-06-05,-3909,faffd764-1fb2-4770-b8fa-ce2ce9fb846c,37.670292,-119.6576925
2021-06-06,-3295,faffd764-1fb2-4770-b8fa-ce2ce9fb846c,37.670292,-119.6576925
2021-06-07,-2736,faffd764-1fb2-4770-b8fa-ce2ce9fb846c,37.670292,-119.6576925
2021-06-08,-3384,faffd764-1fb2-4770-b8fa-ce2ce9fb846c,37.670292,-119.6576925
2021-06-09,-2236,faffd764-1fb2-4770-b8fa-ce2ce9fb846c,37.670292,-119.6576925
2021-06-10,-3818,faffd764-1fb2-4770-b8fa-ce2ce9fb846c,37.670292,-119.6576925
2021-06-11,-1975,faffd764-1fb2-4770-b8fa-ce2ce9fb846c,37.670292,-119.6576925
2021-06-12,-3951,faffd764-1fb2-4770-b8fa-ce2ce9fb846c,37.670292,-119.6576925
2021-06-13,-2946,faffd764-1fb2-4770-b8fa-ce2ce9fb846c,37.670292,-119.6576925
2021-06-14,-3458,faffd764-1fb2-4770-b8fa-ce2ce9fb846c,37.670292,-119.6576925
2021-06-15,-3604,faffd764-1fb2-4770-b8fa-ce2ce9fb846c,37.670292,-119.6576925
2021-06-16,-194,faffd764-1fb2-4770-b8fa-ce2ce9fb846c,37.670292,-119.6576925
2021-06-17,-3263,faffd764-1fb2-4770-b8fa-ce2ce9fb846c,37.670292,-119.6576925
2021-06-18,-769,faffd764-1fb2-4770-b8fa-ce2ce9fb846c,37.670292,-119.6576925
2021-06-19,-3964,faffd764-1fb2-4770-b8fa-ce2ce9fb846c,37.670292,-119.6576925
2021-06-20,-1582,faffd764-1fb2-4770-b8fa-ce2ce9fb846c,37.670292,-119.6576925
2021-06-21,-3752,faffd764-1fb2-4770-b8fa-ce2ce9fb846c,37.670292,-119.6576925
2021-06-22,-2995,faffd764-1fb2-4770-b8fa-ce2ce9fb846c,37.670292,-119.6576925
2021-06-23,-3162,faffd764-1fb2-4770-b8fa-ce2ce9fb846c,37.670292,-119.6576925
2021-06-24,-3567,faffd764-1fb2-4770-b8fa-ce2ce9fb846c,37.670292,-119.6576925
2021-06-25,-2059,faffd764-1fb2-4770-b8fa-ce2ce9fb846c,37.670292,-119.6576925
2021-06-26,-4074,faffd764-1fb2-4770-b8fa-ce2ce9fb846c,37.670292,-119.6576925
2021-06-27,-1709,faffd764-1fb2-4770-b8fa-ce2ce9fb846c,37.670292,-119.6576925
2021-06-28,-3993,faffd764-1fb2-4770-b8fa-ce2ce9fb846c,37.670292,-119.6576925
2021-06-29,-2191,faffd764-1fb2-4770-b8fa-ce2ce9fb846c,37.670292,-119.6576925
2021-06-30,-1265,faffd764-1fb2-4770-b8fa-ce2ce9fb846c,37.670292,-119.6576925
2021-07-01,-3257,faffd764-1fb2-4770-b8fa-ce2ce9fb846c,37.670292,-119.6576925
2021-07-02,-2753,faffd764-1fb2-4770-b8fa-ce2ce9fb846c,37.670292,-119.6576925
2021-07-03,752,faffd764-1fb2-4770-b8fa-ce2ce9fb846c,37.670292,-119.6576925
2021-07-04,-929,faffd764-1fb2-4770-b8fa-ce2ce9fb846c,37.670292,-119.6576925
2021-07-05,-4144,faffd764-1fb2-4770-b8fa-ce2ce9fb846c,37.670292,-119.6576925
2021-07-06,-1619,faffd764-1fb2-4770-b8fa-ce2ce9fb846c,37.670292,-119.6576925
2021-07-07,-3895,faffd764-1fb2-4770-b8fa-ce2ce9fb846c,37.670292,-119.6576925
2021-07-08,-2939,faffd764-1fb2-4770-b8fa-ce2ce9fb846c,37.670292,-119.6576925
2021-07-09,-2234,faffd764-1fb2-4770-b8fa-ce2ce9fb846c,37.670292,-119.6576925
2021-07-10,-3446,faffd764-1fb2-4770-b8fa-ce2ce9fb846c,37.670292,-119.6576925
2021-07-11,-1766,faffd764-1fb2-4770-b8fa-ce2ce9fb846c,37.670292,-119.6576925
2021-07-12,-3681,faffd764-1fb2-4770-b8fa-ce2ce9fb846c,37.670292,-119.6576925
2021-07-13,-705,faffd764-1fb2-4770-b8fa-ce2ce9fb846c,37.670292,-119.6576925
2021-07-14,-4178,faffd764-1fb2-4770-b8fa-ce2ce9fb846c,37.670292,-119.6576925
2021-07-15,-2816,faffd764-1fb2-4770-b8fa-ce2ce9fb846c,37.670292,-119.6576925
2021-07-16,-3596,faffd764-1fb2-4770-b8fa-ce2ce9fb846c,37.670292,-119.6576925
2021-07-17,-3187,faffd764-1fb2-4770-b8fa-ce2ce9fb846c,37.670292,-119.6576925
2021-07-18,-1546,faffd764-1fb2-4770-b8fa-ce2ce9fb846c,37.670292,-119.6576925
2021-07-19,4927,faffd764-1fb2-4770-b8fa-ce2ce9fb846c,37.670292,-119.6576925
2021-07-20,-530,faffd764-1fb2-4770-b8fa-ce2ce9fb846c,37.670292,-119.6576925
2021-07-21,-3906,faffd764-1fb2-4770-b8fa-ce2ce9fb846c,37.670292,-119.6576925
2021-07-22,-2183,faffd764-1fb2-4770-b8fa-ce2ce9fb846c,37.670292,-119.6576925
2021-07-23,-3328,faffd764-1fb2-4770-b8fa-ce2ce9fb846c,37.670292,-119.6576925
2021-07-24,-2662,faffd764-1fb2-4770-b8fa-ce2ce9fb846c,37.670292,-119.6576925
2021-07-25,-2778,faffd764-1fb2-4770-b8fa-ce2ce9fb846c,37.670292,-119.6576925
2021-07-26,-1916,faffd764-1fb2-4770-b8fa-ce2ce9fb846c,37.670292,-119.6576925
2021-07-27,-2380,faffd764-1fb2-4770-b8fa-ce2ce9fb846c,37.670292,-119.6576925
2021-07-28,-4037,faffd764-1fb2-4770-b8fa-ce2ce9fb846c,37.670292,-119.6576925
2021-07-29,-1361,faffd764-1fb2-4770-b8fa-ce2ce9fb846c,37.670292,-119.6576925
2021-07-30,-3315,faffd764-1fb2-4770-b8fa-ce2ce9fb846c,37.670292,-119.6576925
2021-07-31,2374,faffd764-1fb2-4770-b8fa-ce2ce9fb846c,37.670292,-119.6576925
2021-08-01,-2988,faffd764-1fb2-4770-b8fa-ce2ce9fb846c,37.670292,-119.6576925
2021-08-02,-3270,faffd764-1fb2-4770-b8fa-ce2ce9fb846c,37.670292,-119.6576925
2021-08-03,-2857,faffd764-1fb2-4770-b8fa-ce2ce9fb846c,37.670292,-119.6576925
2021-08-04,-3985,faffd764-1fb2-4770-b8fa-ce2ce9fb846c,37.670292,-119.6576925
2021-08-05,-1169,faffd764-1fb2-4770-b8fa-ce2ce9fb846c,37.670292,-119.6576925
2021-08-06,-3907,faffd764-1fb2-4770-b8fa-ce2ce9fb846c,37.670292,-119.6576925
2021-08-07,-1784,faffd764-1fb2-4770-b8fa-ce2ce9fb846c,37.670292,-119.6576925
2021-08-08,-3366,faffd764-1fb2-4770-b8fa-ce2ce9fb846c,37.670292,-119.6576925
2021-08-09,-2786,faffd764-1fb2-4770-b8fa-ce2ce9fb846c,37.670292,-119.6576925
2021-08-10,-2785,faffd764-1fb2-4770-b8fa-ce2ce9fb846c,37.670292,-119.6576925
2021-08-11,-2821,faffd764-1fb2-4770-b8fa-ce2ce9fb846c,37.670292,-119.6576925
2021-08-12,-867,faffd764-1fb2-4770-b8fa-ce2ce9fb846c,37.670292,-119.6576925
2021-08-13,-3253,faffd764-1fb2-4770-b8fa-ce2ce9fb846c,37.670292,-119.6576925
2021-08-14,879,faffd764-1fb2-4770-b8fa-ce2ce9fb846c,37.670292,-119.6576925
2021-08-15,-3144,faffd764-1fb2-4770-b8fa-ce2ce9fb846c,37.670292,-119.6576925
2021-08-16,1660,faffd764-1fb2-4770-b8fa-ce2ce9fb846c,37.670292,-119.6576925
2021-08-17,-3236,faffd764-1fb2-4770-b8fa-ce2ce9fb846c,37.670292,-119.6576925
2021-08-18,-2587,faffd764-1fb2-4770-b8fa-ce2ce9fb846c,37.670292,-119.6576925
2021-08-19,-1675,faffd764-1fb2-4770-b8fa-ce2ce9fb846c,37.670292,-119.6576925
2021-08-20,-1101,faffd764-1fb2-4770-b8fa-ce2ce9fb846c,37.670292,-119.6576925
2021-08-21,1671,faffd764-1fb2-4770-b8fa-ce2ce9fb846c,37.670292,-119.6576925
2021-08-22,-3614,faffd764-1fb2-4770-b8fa-ce2ce9fb846c,37.670292,-119.6576925
2021-08-23,-110,faffd764-1fb2-4770-b8fa-ce2ce9fb846c,37.670292,-119.6576925
2021-08-24,-3486,faffd764-1fb2-4770-b8fa-ce2ce9fb846c,37.670292,-119.6576925
2021-08-25,-2587,faffd764-1fb2-4770-b8fa-ce2ce9fb846c,37.670292,-119.6576925
2021-08-26,-2652,faffd764-1fb2-4770-b8fa-ce2ce9fb846c,37.670292,-119.6576925
2021-08-27,-3521,faffd764-1fb2-4770-b8fa-ce2ce9fb846c,37.670292,-119.6576925
2021-08-28,-2285,faffd764-1fb2-4770-b8fa-ce2ce9fb846c,37.670292,-119.6576925
2021-08-29,-3697,faffd764-1fb2-4770-b8fa-ce2ce9fb846c,37.670292,-119.6576925
2021-08-30,-1771,faffd764-1fb2-4770-b8fa-ce2ce9fb846c,37.670292,-119.6576925
2021-08-31,-3872,faffd764-1fb2-4770-b8fa-ce2ce9fb846c,37.670292,-119.6576925
2021-09-01,-2787,faffd764-1fb2-4770-b8fa-ce2ce9fb846c,37.670292,-119.6576925
2021-09-02,-3284,faffd764-1fb2-4770-b8fa-ce2ce9fb846c,37.670292,-119.6576925
2021-09-03,-2983,faffd764-1fb2-4770-b8fa-ce2ce9fb846c,37.670292,-119.6576925
2021-09-04,-2423,faffd764-1fb2-4770-b8fa-ce2ce9fb846c,37.670292,-119.6576925
2021-09-05,-3326,faffd764-1fb2-4770-b8fa-ce2ce9fb846c,37.670292,-119.6576925
2021-09-06,-824,faffd764-1fb2-4770-b8fa-ce2ce9fb846c,37.670292,-119.6576925
2021-09-07,-3857,faffd764-1fb2-4770-b8fa-ce2ce9fb846c,37.670292,-119.6576925
2021-09-08,-1479,faffd764-1fb2-4770-b8fa-ce2ce9fb846c,37.670292,-119.6576925
2021-09-09,-3304,faffd764-1fb2-4770-b8fa-ce2ce9fb846c,37.670292,-119.6576925
2021-09-10,-2504,faffd764-1fb2-4770-b8fa-ce2ce9fb846c,37.670292,-119.6576925
2021-09-11,-3000,faffd764-1fb2-4770-b8fa-ce2ce9fb846c,37.670292,-119.6576925
2021-09-12,-3467,faffd764-1fb2-4770-b8fa-ce2ce9fb846c,37.670292,-119.6576925
2021-09-13,-1833,faffd764-1fb2-4770-b8fa-ce2ce9fb846c,37.670292,-119.6576925
2021-09-14,-3614,faffd764-1fb2-4770-b8fa-ce2ce9fb846c,37.670292,-119.6576925
2021-09-15,1582,faffd764-1fb2-4770-b8fa-ce2ce9fb846c,37.670292,-119.6576925
2021-09-16,-2754,faffd764-1fb2-4770-b8fa-ce2ce9fb846c,37.670292,-119.6576925
2021-09-17,1601,faffd764-1fb2-4770-b8fa-ce2ce9fb846c,37.670292,-119.6576925
2021-09-18,-2839,faffd764-1fb2-4770-b8fa-ce2ce9fb846c,37.670292,-119.6576925
2021-09-19,-2986,faffd764-1fb2-4770-b8fa-ce2ce9fb846c,37.670292,-119.6576925
2021-09-20,-2360,faffd764-1fb2-4770-b8fa-ce2ce9fb846c,37.670292,-119.6576925
2021-09-21,-1550,faffd764-1fb2-4770-b8fa-ce2ce9fb846c,37.670292,-119.6576925
2021-09-23,-3654,faffd764-1fb2-4770-b8fa-ce2ce9fb846c,37.670292,-119.6576925
2021-09-24,179,faffd764-1fb2-4770-b8fa-ce2ce9fb846c,37.670292,-119.6576925
2021-09-25,-2580,faffd764-1fb2-4770-b8fa-ce2ce9fb846c,37.670292,-119.6576925
2021-09-26,1465,faffd764-1fb2-4770-b8fa-ce2ce9fb846c,37.670292,-119.6576925
2021-09-27,-2276,faffd764-1fb2-4770-b8fa-ce2ce9fb846c,37.670292,-119.6576925
2021-09-28,-2093,faffd764-1fb2-4770-b8fa-ce2ce9fb846c,37.670292,-119.6576925
2021-09-29,-1736,faffd764-1fb2-4770-b8fa-ce2ce9fb846c,37.670292,-119.6576925
2021-09-30,-3686,faffd764-1fb2-4770-b8fa-ce2ce9fb846c,37.670292,-119.6576925
2021-10-01,4516,faffd764-1fb2-4770-b8fa-ce2ce9fb846c,37.670292,-119.6576925
2021-10-02,1502,faffd764-1fb2-4770-b8fa-ce2ce9fb846c,37.670292,-119.6576925
2021-10-03,3201,faffd764-1fb2-4770-b8fa-ce2ce9fb846c,37.670292,-119.6576925
2021-10-04,1640,faffd764-1fb2-4770-b8fa-ce2ce9fb846c,37.670292,-119.6576925
2021-10-05,-308,faffd764-1fb2-4770-b8fa-ce2ce9fb846c,37.670292,-119.6576925
2021-10-06,-792,faffd764-1fb2-4770-b8fa-ce2ce9fb846c,37.670292,-119.6576925
2021-10-07,352,faffd764-1fb2-4770-b8fa-ce2ce9fb846c,37.670292,-119.6576925
2021-10-08,351,faffd764-1fb2-4770-b8fa-ce2ce9fb846c,37.670292,-119.6576925
2021-10-09,-3020,faffd764-1fb2-4770-b8fa-ce2ce9fb846c,37.670292,-119.6576925
2021-10-10,-1227,faffd764-1fb2-4770-b8fa-ce2ce9fb846c,37.670292,-119.6576925
2021-10-11,-941,faffd764-1fb2-4770-b8fa-ce2ce9fb846c,37.670292,-119.6576925
2021-10-12,-2675,faffd764-1fb2-4770-b8fa-ce2ce9fb846c,37.670292,-119.6576925
2021-10-13,10,faffd764-1fb2-4770-b8fa-ce2ce9fb846c,37.670292,-119.6576925
2021-10-14,-3188,faffd764-1fb2-4770-b8fa-ce2ce9fb846c,37.670292,-119.6576925
2021-10-15,-1943,faffd764-1fb2-4770-b8fa-ce2ce9fb846c,37.670292,-119.6576925
2021-10-16,-3156,faffd764-1fb2-4770-b8fa-ce2ce9fb846c,37.670292,-119.6576925
2021-10-17,-387,faffd764-1fb2-4770-b8fa-ce2ce9fb846c,37.670292,-119.6576925
2021-10-18,5081,faffd764-1fb2-4770-b8fa-ce2ce9fb846c,37.670292,-119.6576925
2021-10-19,2696,faffd764-1fb2-4770-b8fa-ce2ce9fb846c,37.670292,-119.6576925
2021-10-20,1372,faffd764-1fb2-4770-b8fa-ce2ce9fb846c,37.670292,-119.6576925
2021-10-21,-1243,faffd764-1fb2-4770-b8fa-ce2ce9fb846c,37.670292,-119.6576925
2021-10-22,3286,faffd764-1fb2-4770-b8fa-ce2ce9fb846c,37.670292,-119.6576925
2021-10-23,2356,faffd764-1fb2-4770-b8fa-ce2ce9fb846c,37.670292,-119.6576925
2021-10-24,2210,faffd764-1fb2-4770-b8fa-ce2ce9fb846c,37.670292,-119.6576925
2021-10-25,3712,faffd764-1fb2-4770-b8fa-ce2ce9fb846c,37.670292,-119.6576925
2021-10-26,3171,faffd764-1fb2-4770-b8fa-ce2ce9fb846c,37.670292,-119.6576925
2021-10-27,5773,faffd764-1fb2-4770-b8fa-ce2ce9fb846c,37.670292,-119.6576925
2021-10-28,3891,faffd764-1fb2-4770-b8fa-ce2ce9fb846c,37.670292,-119.6576925
2021-10-29,-376,faffd764-1fb2-4770-b8fa-ce2ce9fb846c,37.670292,-119.6576925
2021-10-30,572,faffd764-1fb2-4770-b8fa-ce2ce9fb846c,37.670292,-119.6576925
2021-10-31,-262,faffd764-1fb2-4770-b8fa-ce2ce9fb846c,37.670292,-119.6576925
2021-11-01,865,faffd764-1fb2-4770-b8fa-ce2ce9fb846c,37.670292,-119.6576925
2021-11-02,-338,faffd764-1fb2-4770-b8fa-ce2ce9fb846c,37.670292,-119.6576925
2021-11-03,-2689,faffd764-1fb2-4770-b8fa-ce2ce9fb846c,37.670292,-119.6576925
2021-11-04,-1265,faffd764-1fb2-4770-b8fa-ce2ce9fb846c,37.670292,-119.6576925
2021-11-05,-2071,faffd764-1fb2-4770-b8fa-ce2ce9fb846c,37.670292,-119.6576925
2021-11-06,602,faffd764-1fb2-4770-b8fa-ce2ce9fb846c,37.670292,-119.6576925
2021-11-07,414,faffd764-1fb2-4770-b8fa-ce2ce9fb846c,37.670292,-119.6576925
2021-11-08,-2361,faffd764-1fb2-4770-b8fa-ce2ce9fb846c,37.670292,-119.6576925
2021-11-09,2249,faffd764-1fb2-4770-b8fa-ce2ce9fb846c,37.670292,-119.6576925
2021-11-10,3651,faffd764-1fb2-4770-b8fa-ce2ce9fb846c,37.670292,-119.6576925
2021-11-11,331,faffd764-1fb2-4770-b8fa-ce2ce9fb846c,37.670292,-119.6576925
2021-11-12,-2295,faffd764-1fb2-4770-b8fa-ce2ce9fb846c,37.670292,-119.6576925
2021-11-13,-1178,faffd764-1fb2-4770-b8fa-ce2ce9fb846c,37.670292,-119.6576925
2021-11-14,-1183,faffd764-1fb2-4770-b8fa-ce2ce9fb846c,37.670292,-119.6576925
2021-11-15,1072,faffd764-1fb2-4770-b8fa-ce2ce9fb846c,37.670292,-119.6576925
2021-11-16,-1120,faffd764-1fb2-4770-b8fa-ce2ce9fb846c,37.670292,-119.6576925
2021-11-17,-2621,faffd764-1fb2-4770-b8fa-ce2ce9fb846c,37.670292,-119.6576925
2021-11-18,1517,faffd764-1fb2-4770-b8fa-ce2ce9fb846c,37.670292,-119.6576925
2021-11-19,-2293,faffd764-1fb2-4770-b8fa-ce2ce9fb846c,37.670292,-119.6576925
2021-11-20,-839,faffd764-1fb2-4770-b8fa-ce2ce9fb846c,37.670292,-119.6576925
2021-11-21,-1914,faffd764-1fb2-4770-b8fa-ce2ce9fb846c,37.670292,-119.6576925
2021-11-22,-1690,faffd764-1fb2-4770-b8fa-ce2ce9fb846c,37.670292,-119.6576925
2021-11-23,-1141,faffd764-1fb2-4770-b8fa-ce2ce9fb846c,37.670292,-119.6576925
2021-11-24,-2313,faffd764-1fb2-4770-b8fa-ce2ce9fb846c,37.670292,-119.6576925
2021-11-25,154,faffd764-1fb2-4770-b8fa-ce2ce9fb846c,37.670292,-119.6576925
2021-11-26,-2126,faffd764-1fb2-4770-b8fa-ce2ce9fb846c,37.670292,-119.6576925
2021-11-27,-505,faffd764-1fb2-4770-b8fa-ce2ce9fb846c,37.670292,-119.6576925
2021-11-28,-2252,faffd764-1fb2-4770-b8fa-ce2ce9fb846c,37.670292,-119.6576925
2021-11-29,-1586,faffd764-1fb2-4770-b8fa-ce2ce9fb846c,37.670292,-119.6576925
2021-11-30,-1734,faffd764-1fb2-4770-b8fa-ce2ce9fb846c,37.670292,-119.6576925
2021-12-01,-1950,faffd764-1fb2-4770-b8fa-ce2ce9fb846c,37.670292,-119.6576925
2021-12-02,-917,faffd764-1fb2-4770-b8fa-ce2ce9fb846c,37.670292,-119.6576925
2021-12-03,-1543,faffd764-1fb2-4770-b8fa-ce2ce9fb846c,37.670292,-119.6576925
2021-12-04,173,faffd764-1fb2-4770-b8fa-ce2ce9fb846c,37.670292,-119.6576925
2021-12-05,-1757,faffd764-1fb2-4770-b8fa-ce2ce9fb846c,37.670292,-119.6576925
2021-12-06,2116,faffd764-1fb2-4770-b8fa-ce2ce9fb846c,37.670292,-119.6576925
2021-12-07,-1982,faffd764-1fb2-4770-b8fa-ce2ce9fb846c,37.670292,-119.6576925
2021-12-08,178,faffd764-1fb2-4770-b8fa-ce2ce9fb846c,37.670292,-119.6576925
2021-12-09,3807,faffd764-1fb2-4770-b8fa-ce2ce9fb846c,37.670292,-119.6576925
2021-12-10,7470,faffd764-1fb2-4770-b8fa-ce2ce9fb846c,37.670292,-119.6576925
2021-12-11,4986,faffd764-1fb2-4770-b8fa-ce2ce9fb846c,37.670292,-119.6576925
2021-12-12,5097,faffd764-1fb2-4770-b8fa-ce2ce9fb846c,37.670292,-119.6576925
2021-12-13,2183,faffd764-1fb2-4770-b8fa-ce2ce9fb846c,37.670292,-119.6576925
2021-12-14,3847,faffd764-1fb2-4770-b8fa-ce2ce9fb846c,37.670292,-119.6576925
2021-12-15,6617,faffd764-1fb2-4770-b8fa-ce2ce9fb846c,37.670292,-119.6576925
2021-12-16,3601,faffd764-1fb2-4770-b8fa-ce2ce9fb846c,37.670292,-119.6576925
2021-12-17,6841,faffd764-1fb2-4770-b8fa-ce2ce9fb846c,37.670292,-119.6576925
2021-12-18,4171,faffd764-1fb2-4770-b8fa-ce2ce9fb846c,37.670292,-119.6576925
2021-12-19,7369,faffd764-1fb2-4770-b8fa-ce2ce9fb846c,37.670292,-119.6576925
2021-12-20,4335,faffd764-1fb2-4770-b8fa-ce2ce9fb846c,37.670292,-119.6576925
2021-12-21,6762,faffd764-1fb2-4770-b8fa-ce2ce9fb846c,37.670292,-119.6576925
2021-12-22,3040,faffd764-1fb2-4770-b8fa-ce2ce9fb846c,37.670292,-119.6576925
2021-12-23,3658,faffd764-1fb2-4770-b8fa-ce2ce9fb846c,37.670292,-119.6576925
2021-12-24,4321,faffd764-1fb2-4770-b8fa-ce2ce9fb846c,37.670292,-119.6576925
2021-12-25,3748,faffd764-1fb2-4770-b8fa-ce2ce9fb846c,37.670292,-119.6576925
2021-12-26,3417,faffd764-1fb2-4770-b8fa-ce2ce9fb846c,37.670292,-119.6576925
2021-12-27,1582,faffd764-1fb2-4770-b8fa-ce2ce9fb846c,37.670292,-119.6576925
2021-12-28,3301,faffd764-1fb2-4770-b8fa-ce2ce9fb846c,37.670292,-119.6576925
2021-12-29,903,faffd764-1fb2-4770-b8fa-ce2ce9fb846c,37.670292,-119.6576925
2021-12-30,7725,faffd764-1fb2-4770-b8fa-ce2ce9fb846c,37.670292,-119.6576925
