date,mod10a1_ndsi,cell_id,latitude,longitude
2020-01-01,1832,b0a772b1-f809-4203-a51e-be67fb3b892c,39.5859395,-105.8955025
2020-01-02,4275,b0a772b1-f809-4203-a51e-be67fb3b892c,39.5859395,-105.8955025
2020-01-03,1367,b0a772b1-f809-4203-a51e-be67fb3b892c,39.5859395,-105.8955025
2020-01-04,4044,b0a772b1-f809-4203-a51e-be67fb3b892c,39.5859395,-105.8955025
2020-01-05,2284,b0a772b1-f809-4203-a51e-be67fb3b892c,39.5859395,-105.8955025
2020-01-06,1762,b0a772b1-f809-4203-a51e-be67fb3b892c,39.5859395,-105.8955025
2020-01-07,6290,b0a772b1-f809-4203-a51e-be67fb3b892c,39.5859395,-105.8955025
2020-01-08,3980,b0a772b1-f809-4203-a51e-be67fb3b892c,39.5859395,-105.8955025
2020-01-09,5479,b0a772b1-f809-4203-a51e-be67fb3b892c,39.5859395,-105.8955025
2020-01-10,2862,b0a772b1-f809-4203-a51e-be67fb3b892c,39.5859395,-105.8955025
2020-01-11,604,b0a772b1-f809-4203-a51e-be67fb3b892c,39.5859395,-105.8955025
2020-01-12,5510,b0a772b1-f809-4203-a51e-be67fb3b892c,39.5859395,-105.8955025
2020-01-13,3881,b0a772b1-f809-4203-a51e-be67fb3b892c,39.5859395,-105.8955025
2020-01-14,4588,b0a772b1-f809-4203-a51e-be67fb3b892c,39.5859395,-105.8955025
2020-01-15,6466,b0a772b1-f809-4203-a51e-be67fb3b892c,39.5859395,-105.8955025
2020-01-16,3422,b0a772b1-f809-4203-a51e-be67fb3b892c,39.5859395,-105.8955025
2020-01-17,2829,b0a772b1-f809-4203-a51e-be67fb3b892c,39.5859395,-105.8955025
2020-01-18,4223,b0a772b1-f809-4203-a51e-be67fb3b892c,39.5859395,-105.8955025
2020-01-19,3082,b0a772b1-f809-4203-a51e-be67fb3b892c,39.5859395,-105.8955025
2020-01-20,4248,b0a772b1-f809-4203-a51e-be67fb3b892c,39.5859395,-105.8955025
2020-01-21,2180,b0a772b1-f809-4203-a51e-be67fb3b892c,39.5859395,-105.8955025
2020-01-22,3945,b0a772b1-f809-4203-a51e-be67fb3b892c,39.5859395,-105.8955025
2020-01-23,1552,b0a772b1-f809-4203-a51e-be67fb3b892c,39.5859395,-105.8955025
2020-01-24,2405,b0a772b1-f809-4203-a51e-be67fb3b892c,39.5859395,-105.8955025
2020-01-25,2464,b0a772b1-f809-4203-a51e-be67fb3b892c,39.5859395,-105.8955025
2020-01-26,5759,b0a772b1-f809-4203-a51e-be67fb3b892c,39.5859395,-105.8955025
2020-01-27,947,b0a772b1-f809-4203-a51e-be67fb3b892c,39.5859395,-105.8955025
2020-01-28,5418,b0a772b1-f809-4203-a51e-be67fb3b892c,39.5859395,-105.8955025
2020-01-29,4363,b0a772b1-f809-4203-a51e-be67fb3b892c,39.5859395,-105.8955025
2020-01-30,3416,b0a772b1-f809-4203-a51e-be67fb3b892c,39.5859395,-105.8955025
2020-01-31,3028,b0a772b1-f809-4203-a51e-be67fb3b892c,39.5859395,-105.8955025
2020-02-01,4665,b0a772b1-f809-4203-a51e-be67fb3b892c,39.5859395,-105.8955025
2020-02-02,4842,b0a772b1-f809-4203-a51e-be67fb3b892c,39.5859395,-105.8955025
2020-02-03,3798,b0a772b1-f809-4203-a51e-be67fb3b892c,39.5859395,-105.8955025
2020-02-04,4398,b0a772b1-f809-4203-a51e-be67fb3b892c,39.5859395,-105.8955025
2020-02-05,4974,b0a772b1-f809-4203-a51e-be67fb3b892c,39.5859395,-105.8955025
2020-02-06,4541,b0a772b1-f809-4203-a51e-be67fb3b892c,39.5859395,-105.8955025
2020-02-07,3636,b0a772b1-f809-4203-a51e-be67fb3b892c,39.5859395,-105.8955025
2020-02-08,841,b0a772b1-f809-4203-a51e-be67fb3b892c,39.5859395,-105.8955025
2020-02-09,1327,b0a772b1-f809-4203-a51e-be67fb3b892c,39.5859395,-105.8955025
2020-02-10,2611,b0a772b1-f809-4203-a51e-be67fb3b892c,39.5859395,-105.8955025
2020-02-11,6734,b0a772b1-f809-4203-a51e-be67fb3b892c,39.5859395,-105.8955025
2020-02-12,4224,b0a772b1-f809-4203-a51e-be67fb3b892c,39.5859395,-105.8955025
2020-02-13,2297,b0a772b1-f809-4203-a51e-be67fb3b892c,39.5859395,-105.8955025
2020-02-14,5948,b0a772b1-f809-4203-a51e-be67fb3b892c,39.5859395,-105.8955025
2020-02-15,5848,b0a772b1-f809-4203-a51e-be67fb3b892c,39.5859395,-105.8955025
2020-02-16,1425,b0a772b1-f809-4203-a51e-be67fb3b892c,39.5859395,-105.8955025
2020-02-17,1862,b0a772b1-f809-4203-a51e-be67fb3b892c,39.5859395,-105.8955025
2020-02-18,6500,b0a772b1-f809-4203-a51e-be67fb3b892c,39.5859395,-105.8955025
2020-02-19,5501,b0a772b1-f809-4203-a51e-be67fb3b892c,39.5859395,-105.8955025
2020-02-20,6685,b0a772b1-f809-4203-a51e-be67fb3b892c,39.5859395,-105.8955025
2020-02-21,5651,b0a772b1-f809-4203-a51e-be67fb3b892c,39.5859395,-105.8955025
2020-02-22,5764,b0a772b1-f809-4203-a51e-be67fb3b892c,39.5859395,-105.8955025
2020-02-23,3922,b0a772b1-f809-4203-a51e-be67fb3b892c,39.5859395,-105.8955025
2020-02-24,5737,b0a772b1-f809-4203-a51e-be67fb3b892c,39.5859395,-105.8955025
2020-02-25,1287,b0a772b1-f809-4203-a51e-be67fb3b892c,39.5859395,-105.8955025
2020-02-26,6502,b0a772b1-f809-4203-a51e-be67fb3b892c,39.5859395,-105.8955025
2020-02-27,1006,b0a772b1-f809-4203-a51e-be67fb3b892c,39.5859395,-105.8955025
2020-02-28,4670,b0a772b1-f809-4203-a51e-be67fb3b892c,39.5859395,-105.8955025
2020-02-29,5070,b0a772b1-f809-4203-a51e-be67fb3b892c,39.5859395,-105.8955025
2020-03-01,1300,b0a772b1-f809-4203-a51e-be67fb3b892c,39.5859395,-105.8955025
2020-03-02,1717,b0a772b1-f809-4203-a51e-be67fb3b892c,39.5859395,-105.8955025
2020-03-03,3493,b0a772b1-f809-4203-a51e-be67fb3b892c,39.5859395,-105.8955025
2020-03-04,6455,b0a772b1-f809-4203-a51e-be67fb3b892c,39.5859395,-105.8955025
2020-03-05,6611,b0a772b1-f809-4203-a51e-be67fb3b892c,39.5859395,-105.8955025
2020-03-06,6470,b0a772b1-f809-4203-a51e-be67fb3b892c,39.5859395,-105.8955025
2020-03-07,3571,b0a772b1-f809-4203-a51e-be67fb3b892c,39.5859395,-105.8955025
2020-03-08,3832,b0a772b1-f809-4203-a51e-be67fb3b892c,39.5859395,-105.8955025
2020-03-09,4910,b0a772b1-f809-4203-a51e-be67fb3b892c,39.5859395,-105.8955025
2020-03-10,1123,b0a772b1-f809-4203-a51e-be67fb3b892c,39.5859395,-105.8955025
2020-03-11,5599,b0a772b1-f809-4203-a51e-be67fb3b892c,39.5859395,-105.8955025
2020-03-12,2236,b0a772b1-f809-4203-a51e-be67fb3b892c,39.5859395,-105.8955025
2020-03-13,2193,b0a772b1-f809-4203-a51e-be67fb3b892c,39.5859395,-105.8955025
2020-03-14,2473,b0a772b1-f809-4203-a51e-be67fb3b892c,39.5859395,-105.8955025
2020-03-15,3894,b0a772b1-f809-4203-a51e-be67fb3b892c,39.5859395,-105.8955025
2020-03-16,5933,b0a772b1-f809-4203-a51e-be67fb3b892c,39.5859395,-105.8955025
2020-03-17,5391,b0a772b1-f809-4203-a51e-be67fb3b892c,39.5859395,-105.8955025
2020-03-18,4446,b0a772b1-f809-4203-a51e-be67fb3b892c,39.5859395,-105.8955025
2020-03-19,2961,b0a772b1-f809-4203-a51e-be67fb3b892c,39.5859395,-105.8955025
2020-03-20,3135,b0a772b1-f809-4203-a51e-be67fb3b892c,39.5859395,-105.8955025
2020-03-21,4682,b0a772b1-f809-4203-a51e-be67fb3b892c,39.5859395,-105.8955025
2020-03-22,3643,b0a772b1-f809-4203-a51e-be67fb3b892c,39.5859395,-105.8955025
2020-03-23,2060,b0a772b1-f809-4203-a51e-be67fb3b892c,39.5859395,-105.8955025
2020-03-24,5162,b0a772b1-f809-4203-a51e-be67fb3b892c,39.5859395,-105.8955025
2020-03-25,4126,b0a772b1-f809-4203-a51e-be67fb3b892c,39.5859395,-105.8955025
2020-03-26,3126,b0a772b1-f809-4203-a51e-be67fb3b892c,39.5859395,-105.8955025
2020-03-27,1100,b0a772b1-f809-4203-a51e-be67fb3b892c,39.5859395,-105.8955025
2020-03-28,2875,b0a772b1-f809-4203-a51e-be67fb3b892c,39.5859395,-105.8955025
2020-03-29,3114,b0a772b1-f809-4203-a51e-be67fb3b892c,39.5859395,-105.8955025
2020-03-30,1723,b0a772b1-f809-4203-a51e-be67fb3b892c,39.5859395,-105.8955025
2020-03-31,1965,b0a772b1-f809-4203-a51e-be67fb3b892c,39.5859395,-105.8955025
2020-04-01,3704,b0a772b1-f809-4203-a51e-be67fb3b892c,39.5859395,-105.8955025
2020-04-02,2949,b0a772b1-f809-4203-a51e-be67fb3b892c,39.5859395,-105.8955025
2020-04-03,7148,b0a772b1-f809-4203-a51e-be67fb3b892c,39.5859395,-105.8955025
2020-04-04,3273,b0a772b1-f809-4203-a51e-be67fb3b892c,39.5859395,-105.8955025
2020-04-05,6115,b0a772b1-f809-4203-a51e-be67fb3b892c,39.5859395,-105.8955025
2020-04-06,4524,b0a772b1-f809-4203-a51e-be67fb3b892c,39.5859395,-105.8955025
2020-04-07,6742,b0a772b1-f809-4203-a51e-be67fb3b892c,39.5859395,-105.8955025
2020-04-08,5940,b0a772b1-f809-4203-a51e-be67fb3b892c,39.5859395,-105.8955025
2020-04-09,6068,b0a772b1-f809-4203-a51e-be67fb3b892c,39.5859395,-105.8955025
2020-04-10,5192,b0a772b1-f809-4203-a51e-be67fb3b892c,39.5859395,-105.8955025
2020-04-11,3787,b0a772b1-f809-4203-a51e-be67fb3b892c,39.5859395,-105.8955025
2020-04-12,5194,b0a772b1-f809-4203-a51e-be67fb3b892c,39.5859395,-105.8955025
2020-04-13,3388,b0a772b1-f809-4203-a51e-be67fb3b892c,39.5859395,-105.8955025
2020-04-14,5525,b0a772b1-f809-4203-a51e-be67fb3b892c,39.5859395,-105.8955025
2020-04-15,2771,b0a772b1-f809-4203-a51e-be67fb3b892c,39.5859395,-105.8955025
2020-04-16,5045,b0a772b1-f809-4203-a51e-be67fb3b892c,39.5859395,-105.8955025
2020-04-17,6428,b0a772b1-f809-4203-a51e-be67fb3b892c,39.5859395,-105.8955025
2020-04-18,3939,b0a772b1-f809-4203-a51e-be67fb3b892c,39.5859395,-105.8955025
2020-04-19,3433,b0a772b1-f809-4203-a51e-be67fb3b892c,39.5859395,-105.8955025
2020-04-20,3262,b0a772b1-f809-4203-a51e-be67fb3b892c,39.5859395,-105.8955025
2020-04-21,6131,b0a772b1-f809-4203-a51e-be67fb3b892c,39.5859395,-105.8955025
2020-04-22,2320,b0a772b1-f809-4203-a51e-be67fb3b892c,39.5859395,-105.8955025
2020-04-23,3227,b0a772b1-f809-4203-a51e-be67fb3b892c,39.5859395,-105.8955025
2020-04-24,2018,b0a772b1-f809-4203-a51e-be67fb3b892c,39.5859395,-105.8955025
2020-04-25,2952,b0a772b1-f809-4203-a51e-be67fb3b892c,39.5859395,-105.8955025
2020-04-26,3744,b0a772b1-f809-4203-a51e-be67fb3b892c,39.5859395,-105.8955025
2020-04-27,4289,b0a772b1-f809-4203-a51e-be67fb3b892c,39.5859395,-105.8955025
2020-04-28,7153,b0a772b1-f809-4203-a51e-be67fb3b892c,39.5859395,-105.8955025
2020-04-29,6759,b0a772b1-f809-4203-a51e-be67fb3b892c,39.5859395,-105.8955025
2020-04-30,5166,b0a772b1-f809-4203-a51e-be67fb3b892c,39.5859395,-105.8955025
2020-05-01,6600,b0a772b1-f809-4203-a51e-be67fb3b892c,39.5859395,-105.8955025
2020-05-02,2888,b0a772b1-f809-4203-a51e-be67fb3b892c,39.5859395,-105.8955025
2020-05-03,6625,b0a772b1-f809-4203-a51e-be67fb3b892c,39.5859395,-105.8955025
2020-05-04,2835,b0a772b1-f809-4203-a51e-be67fb3b892c,39.5859395,-105.8955025
2020-05-05,5871,b0a772b1-f809-4203-a51e-be67fb3b892c,39.5859395,-105.8955025
2020-05-06,2431,b0a772b1-f809-4203-a51e-be67fb3b892c,39.5859395,-105.8955025
2020-05-07,6044,b0a772b1-f809-4203-a51e-be67fb3b892c,39.5859395,-105.8955025
2020-05-08,5347,b0a772b1-f809-4203-a51e-be67fb3b892c,39.5859395,-105.8955025
2020-05-09,4074,b0a772b1-f809-4203-a51e-be67fb3b892c,39.5859395,-105.8955025
2020-05-10,1882,b0a772b1-f809-4203-a51e-be67fb3b892c,39.5859395,-105.8955025
2020-05-11,2244,b0a772b1-f809-4203-a51e-be67fb3b892c,39.5859395,-105.8955025
2020-05-12,5424,b0a772b1-f809-4203-a51e-be67fb3b892c,39.5859395,-105.8955025
2020-05-13,5907,b0a772b1-f809-4203-a51e-be67fb3b892c,39.5859395,-105.8955025
2020-05-14,932,b0a772b1-f809-4203-a51e-be67fb3b892c,39.5859395,-105.8955025
2020-05-15,1629,b0a772b1-f809-4203-a51e-be67fb3b892c,39.5859395,-105.8955025
2020-05-16,4537,b0a772b1-f809-4203-a51e-be67fb3b892c,39.5859395,-105.8955025
2020-05-17,3521,b0a772b1-f809-4203-a51e-be67fb3b892c,39.5859395,-105.8955025
2020-05-18,2681,b0a772b1-f809-4203-a51e-be67fb3b892c,39.5859395,-105.8955025
2020-05-19,3409,b0a772b1-f809-4203-a51e-be67fb3b892c,39.5859395,-105.8955025
2020-05-20,599,b0a772b1-f809-4203-a51e-be67fb3b892c,39.5859395,-105.8955025
2020-05-21,2697,b0a772b1-f809-4203-a51e-be67fb3b892c,39.5859395,-105.8955025
2020-05-22,1627,b0a772b1-f809-4203-a51e-be67fb3b892c,39.5859395,-105.8955025
2020-05-23,1459,b0a772b1-f809-4203-a51e-be67fb3b892c,39.5859395,-105.8955025
2020-05-24,5622,b0a772b1-f809-4203-a51e-be67fb3b892c,39.5859395,-105.8955025
2020-05-25,1323,b0a772b1-f809-4203-a51e-be67fb3b892c,39.5859395,-105.8955025
2020-05-26,2549,b0a772b1-f809-4203-a51e-be67fb3b892c,39.5859395,-105.8955025
2020-05-27,1376,b0a772b1-f809-4203-a51e-be67fb3b892c,39.5859395,-105.8955025
2020-05-28,1109,b0a772b1-f809-4203-a51e-be67fb3b892c,39.5859395,-105.8955025
2020-05-29,1039,b0a772b1-f809-4203-a51e-be67fb3b892c,39.5859395,-105.8955025
2020-05-30,971,b0a772b1-f809-4203-a51e-be67fb3b892c,39.5859395,-105.8955025
2020-05-31,1871,b0a772b1-f809-4203-a51e-be67fb3b892c,39.5859395,-105.8955025
2020-06-01,-844,b0a772b1-f809-4203-a51e-be67fb3b892c,39.5859395,-105.8955025
2020-06-02,1111,b0a772b1-f809-4203-a51e-be67fb3b892c,39.5859395,-105.8955025
2020-06-03,-1353,b0a772b1-f809-4203-a51e-be67fb3b892c,39.5859395,-105.8955025
2020-06-04,4389,b0a772b1-f809-4203-a51e-be67fb3b892c,39.5859395,-105.8955025
2020-06-05,-1629,b0a772b1-f809-4203-a51e-be67fb3b892c,39.5859395,-105.8955025
2020-06-06,4610,b0a772b1-f809-4203-a51e-be67fb3b892c,39.5859395,-105.8955025
2020-06-07,184,b0a772b1-f809-4203-a51e-be67fb3b892c,39.5859395,-105.8955025
2020-06-08,-3125,b0a772b1-f809-4203-a51e-be67fb3b892c,39.5859395,-105.8955025
2020-06-09,985,b0a772b1-f809-4203-a51e-be67fb3b892c,39.5859395,-105.8955025
2020-06-10,525,b0a772b1-f809-4203-a51e-be67fb3b892c,39.5859395,-105.8955025
2020-06-11,50,b0a772b1-f809-4203-a51e-be67fb3b892c,39.5859395,-105.8955025
2020-06-12,-1174,b0a772b1-f809-4203-a51e-be67fb3b892c,39.5859395,-105.8955025
2020-06-13,-1025,b0a772b1-f809-4203-a51e-be67fb3b892c,39.5859395,-105.8955025
2020-06-14,-1269,b0a772b1-f809-4203-a51e-be67fb3b892c,39.5859395,-105.8955025
2020-06-15,-1727,b0a772b1-f809-4203-a51e-be67fb3b892c,39.5859395,-105.8955025
2020-06-16,1676,b0a772b1-f809-4203-a51e-be67fb3b892c,39.5859395,-105.8955025
2020-06-17,-3313,b0a772b1-f809-4203-a51e-be67fb3b892c,39.5859395,-105.8955025
2020-06-18,609,b0a772b1-f809-4203-a51e-be67fb3b892c,39.5859395,-105.8955025
2020-06-19,977,b0a772b1-f809-4203-a51e-be67fb3b892c,39.5859395,-105.8955025
2020-06-20,-1581,b0a772b1-f809-4203-a51e-be67fb3b892c,39.5859395,-105.8955025
2020-06-21,250,b0a772b1-f809-4203-a51e-be67fb3b892c,39.5859395,-105.8955025
2020-06-22,-2349,b0a772b1-f809-4203-a51e-be67fb3b892c,39.5859395,-105.8955025
2020-06-23,-301,b0a772b1-f809-4203-a51e-be67fb3b892c,39.5859395,-105.8955025
2020-06-24,-1061,b0a772b1-f809-4203-a51e-be67fb3b892c,39.5859395,-105.8955025
2020-06-25,1315,b0a772b1-f809-4203-a51e-be67fb3b892c,39.5859395,-105.8955025
2020-06-26,-1534,b0a772b1-f809-4203-a51e-be67fb3b892c,39.5859395,-105.8955025
2020-06-27,-1546,b0a772b1-f809-4203-a51e-be67fb3b892c,39.5859395,-105.8955025
2020-06-28,1137,b0a772b1-f809-4203-a51e-be67fb3b892c,39.5859395,-105.8955025
2020-06-29,-170,b0a772b1-f809-4203-a51e-be67fb3b892c,39.5859395,-105.8955025
2020-06-30,1020,b0a772b1-f809-4203-a51e-be67fb3b892c,39.5859395,-105.8955025
2020-07-01,-2867,b0a772b1-f809-4203-a51e-be67fb3b892c,39.5859395,-105.8955025
2020-07-02,-763,b0a772b1-f809-4203-a51e-be67fb3b892c,39.5859395,-105.8955025
2020-07-03,1156,b0a772b1-f809-4203-a51e-be67fb3b892c,39.5859395,-105.8955025
2020-07-04,3916,b0a772b1-f809-4203-a51e-be67fb3b892c,39.5859395,-105.8955025
2020-07-05,-1900,b0a772b1-f809-4203-a51e-be67fb3b892c,39.5859395,-105.8955025
2020-07-06,5881,b0a772b1-f809-4203-a51e-be67fb3b892c,39.5859395,-105.8955025
2020-07-07,-969,b0a772b1-f809-4203-a51e-be67fb3b892c,39.5859395,-105.8955025
2020-07-08,-2540,b0a772b1-f809-4203-a51e-be67fb3b892c,39.5859395,-105.8955025
2020-07-09,-1037,b0a772b1-f809-4203-a51e-be67fb3b892c,39.5859395,-105.8955025
2020-07-10,-3518,b0a772b1-f809-4203-a51e-be67fb3b892c,39.5859395,-105.8955025
2020-07-11,-1243,b0a772b1-f809-4203-a51e-be67fb3b892c,39.5859395,-105.8955025
2020-07-12,-2374,b0a772b1-f809-4203-a51e-be67fb3b892c,39.5859395,-105.8955025
2020-07-13,-1470,b0a772b1-f809-4203-a51e-be67fb3b892c,39.5859395,-105.8955025
2020-07-14,815,b0a772b1-f809-4203-a51e-be67fb3b892c,39.5859395,-105.8955025
2020-07-15,-1764,b0a772b1-f809-4203-a51e-be67fb3b892c,39.5859395,-105.8955025
2020-07-16,-1109,b0a772b1-f809-4203-a51e-be67fb3b892c,39.5859395,-105.8955025
2020-07-17,-1441,b0a772b1-f809-4203-a51e-be67fb3b892c,39.5859395,-105.8955025
2020-07-18,1466,b0a772b1-f809-4203-a51e-be67fb3b892c,39.5859395,-105.8955025
2020-07-19,4031,b0a772b1-f809-4203-a51e-be67fb3b892c,39.5859395,-105.8955025
2020-07-20,-986,b0a772b1-f809-4203-a51e-be67fb3b892c,39.5859395,-105.8955025
2020-07-21,-1762,b0a772b1-f809-4203-a51e-be67fb3b892c,39.5859395,-105.8955025
2020-07-22,-745,b0a772b1-f809-4203-a51e-be67fb3b892c,39.5859395,-105.8955025
2020-07-23,-2123,b0a772b1-f809-4203-a51e-be67fb3b892c,39.5859395,-105.8955025
2020-07-24,253,b0a772b1-f809-4203-a51e-be67fb3b892c,39.5859395,-105.8955025
2020-07-25,6363,b0a772b1-f809-4203-a51e-be67fb3b892c,39.5859395,-105.8955025
2020-07-26,2083,b0a772b1-f809-4203-a51e-be67fb3b892c,39.5859395,-105.8955025
2020-07-27,420,b0a772b1-f809-4203-a51e-be67fb3b892c,39.5859395,-105.8955025
2020-07-28,-431,b0a772b1-f809-4203-a51e-be67fb3b892c,39.5859395,-105.8955025
2020-07-29,-740,b0a772b1-f809-4203-a51e-be67fb3b892c,39.5859395,-105.8955025
2020-07-30,-1741,b0a772b1-f809-4203-a51e-be67fb3b892c,39.5859395,-105.8955025
2020-07-31,-2564,b0a772b1-f809-4203-a51e-be67fb3b892c,39.5859395,-105.8955025
2020-08-01,-2166,b0a772b1-f809-4203-a51e-be67fb3b892c,39.5859395,-105.8955025
2020-08-02,-1037,b0a772b1-f809-4203-a51e-be67fb3b892c,39.5859395,-105.8955025
2020-08-03,1929,b0a772b1-f809-4203-a51e-be67fb3b892c,39.5859395,-105.8955025
2020-08-04,-2912,b0a772b1-f809-4203-a51e-be67fb3b892c,39.5859395,-105.8955025
2020-08-05,186,b0a772b1-f809-4203-a51e-be67fb3b892c,39.5859395,-105.8955025
2020-08-06,32,b0a772b1-f809-4203-a51e-be67fb3b892c,39.5859395,-105.8955025
2020-08-07,-2349,b0a772b1-f809-4203-a51e-be67fb3b892c,39.5859395,-105.8955025
2020-08-08,-1983,b0a772b1-f809-4203-a51e-be67fb3b892c,39.5859395,-105.8955025
2020-08-09,-2238,b0a772b1-f809-4203-a51e-be67fb3b892c,39.5859395,-105.8955025
2020-08-10,1160,b0a772b1-f809-4203-a51e-be67fb3b892c,39.5859395,-105.8955025
2020-08-11,-2873,b0a772b1-f809-4203-a51e-be67fb3b892c,39.5859395,-105.8955025
2020-08-12,-1186,b0a772b1-f809-4203-a51e-be67fb3b892c,39.5859395,-105.8955025
2020-08-13,-2784,b0a772b1-f809-4203-a51e-be67fb3b892c,39.5859395,-105.8955025
2020-08-14,276,b0a772b1-f809-4203-a51e-be67fb3b892c,39.5859395,-105.8955025
2020-08-15,-2255,b0a772b1-f809-4203-a51e-be67fb3b892c,39.5859395,-105.8955025
2020-08-16,357,b0a772b1-f809-4203-a51e-be67fb3b892c,39.5859395,-105.8955025
2020-08-17,-698,b0a772b1-f809-4203-a51e-be67fb3b892c,39.5859395,-105.8955025
2020-08-18,1873,b0a772b1-f809-4203-a51e-be67fb3b892c,39.5859395,-105.8955025
2020-08-19,1299,b0a772b1-f809-4203-a51e-be67fb3b892c,39.5859395,-105.8955025
2020-08-20,-734,b0a772b1-f809-4203-a51e-be67fb3b892c,39.5859395,-105.8955025
2020-08-21,606,b0a772b1-f809-4203-a51e-be67fb3b892c,39.5859395,-105.8955025
2020-08-22,-2004,b0a772b1-f809-4203-a51e-be67fb3b892c,39.5859395,-105.8955025
2020-08-23,1416,b0a772b1-f809-4203-a51e-be67fb3b892c,39.5859395,-105.8955025
2020-08-24,-845,b0a772b1-f809-4203-a51e-be67fb3b892c,39.5859395,-105.8955025
2020-08-25,-1252,b0a772b1-f809-4203-a51e-be67fb3b892c,39.5859395,-105.8955025
2020-08-26,570,b0a772b1-f809-4203-a51e-be67fb3b892c,39.5859395,-105.8955025
2020-08-27,-2150,b0a772b1-f809-4203-a51e-be67fb3b892c,39.5859395,-105.8955025
2020-08-28,2717,b0a772b1-f809-4203-a51e-be67fb3b892c,39.5859395,-105.8955025
2020-08-29,5050,b0a772b1-f809-4203-a51e-be67fb3b892c,39.5859395,-105.8955025
2020-08-30,-943,b0a772b1-f809-4203-a51e-be67fb3b892c,39.5859395,-105.8955025
2020-08-31,-1571,b0a772b1-f809-4203-a51e-be67fb3b892c,39.5859395,-105.8955025
2020-09-01,-1188,b0a772b1-f809-4203-a51e-be67fb3b892c,39.5859395,-105.8955025
2020-09-02,-1828,b0a772b1-f809-4203-a51e-be67fb3b892c,39.5859395,-105.8955025
2020-09-03,-2866,b0a772b1-f809-4203-a51e-be67fb3b892c,39.5859395,-105.8955025
2020-09-04,-494,b0a772b1-f809-4203-a51e-be67fb3b892c,39.5859395,-105.8955025
2020-09-05,-2317,b0a772b1-f809-4203-a51e-be67fb3b892c,39.5859395,-105.8955025
2020-09-06,-488,b0a772b1-f809-4203-a51e-be67fb3b892c,39.5859395,-105.8955025
2020-09-07,-569,b0a772b1-f809-4203-a51e-be67fb3b892c,39.5859395,-105.8955025
2020-09-08,469,b0a772b1-f809-4203-a51e-be67fb3b892c,39.5859395,-105.8955025
2020-09-09,61,b0a772b1-f809-4203-a51e-be67fb3b892c,39.5859395,-105.8955025
2020-09-10,4339,b0a772b1-f809-4203-a51e-be67fb3b892c,39.5859395,-105.8955025
2020-09-11,-237,b0a772b1-f809-4203-a51e-be67fb3b892c,39.5859395,-105.8955025
2020-09-12,-932,b0a772b1-f809-4203-a51e-be67fb3b892c,39.5859395,-105.8955025
2020-09-13,-228,b0a772b1-f809-4203-a51e-be67fb3b892c,39.5859395,-105.8955025
2020-09-14,-1860,b0a772b1-f809-4203-a51e-be67fb3b892c,39.5859395,-105.8955025
2020-09-15,631,b0a772b1-f809-4203-a51e-be67fb3b892c,39.5859395,-105.8955025
2020-09-16,-293,b0a772b1-f809-4203-a51e-be67fb3b892c,39.5859395,-105.8955025
2020-09-17,1245,b0a772b1-f809-4203-a51e-be67fb3b892c,39.5859395,-105.8955025
2020-09-18,1317,b0a772b1-f809-4203-a51e-be67fb3b892c,39.5859395,-105.8955025
2020-09-19,257,b0a772b1-f809-4203-a51e-be67fb3b892c,39.5859395,-105.8955025
2020-09-20,-472,b0a772b1-f809-4203-a51e-be67fb3b892c,39.5859395,-105.8955025
2020-09-21,853,b0a772b1-f809-4203-a51e-be67fb3b892c,39.5859395,-105.8955025
2020-09-22,-627,b0a772b1-f809-4203-a51e-be67fb3b892c,39.5859395,-105.8955025
2020-09-23,-1414,b0a772b1-f809-4203-a51e-be67fb3b892c,39.5859395,-105.8955025
2020-09-24,-488,b0a772b1-f809-4203-a51e-be67fb3b892c,39.5859395,-105.8955025
2020-09-25,-1257,b0a772b1-f809-4203-a51e-be67fb3b892c,39.5859395,-105.8955025
2020-09-26,-662,b0a772b1-f809-4203-a51e-be67fb3b892c,39.5859395,-105.8955025
2020-09-27,-569,b0a772b1-f809-4203-a51e-be67fb3b892c,39.5859395,-105.8955025
2020-09-28,-1520,b0a772b1-f809-4203-a51e-be67fb3b892c,39.5859395,-105.8955025
2020-09-29,-1315,b0a772b1-f809-4203-a51e-be67fb3b892c,39.5859395,-105.8955025
2020-09-30,-2006,b0a772b1-f809-4203-a51e-be67fb3b892c,39.5859395,-105.8955025
2020-10-01,-171,b0a772b1-f809-4203-a51e-be67fb3b892c,39.5859395,-105.8955025
2020-10-02,-539,b0a772b1-f809-4203-a51e-be67fb3b892c,39.5859395,-105.8955025
2020-10-03,-479,b0a772b1-f809-4203-a51e-be67fb3b892c,39.5859395,-105.8955025
2020-10-04,-2323,b0a772b1-f809-4203-a51e-be67fb3b892c,39.5859395,-105.8955025
2020-10-05,-1275,b0a772b1-f809-4203-a51e-be67fb3b892c,39.5859395,-105.8955025
2020-10-06,1079,b0a772b1-f809-4203-a51e-be67fb3b892c,39.5859395,-105.8955025
2020-10-07,-1169,b0a772b1-f809-4203-a51e-be67fb3b892c,39.5859395,-105.8955025
2020-10-08,-101,b0a772b1-f809-4203-a51e-be67fb3b892c,39.5859395,-105.8955025
2020-10-09,-1472,b0a772b1-f809-4203-a51e-be67fb3b892c,39.5859395,-105.8955025
2020-10-10,-885,b0a772b1-f809-4203-a51e-be67fb3b892c,39.5859395,-105.8955025
2020-10-11,4792,b0a772b1-f809-4203-a51e-be67fb3b892c,39.5859395,-105.8955025
2020-10-12,5283,b0a772b1-f809-4203-a51e-be67fb3b892c,39.5859395,-105.8955025
2020-10-13,1424,b0a772b1-f809-4203-a51e-be67fb3b892c,39.5859395,-105.8955025
2020-10-14,-452,b0a772b1-f809-4203-a51e-be67fb3b892c,39.5859395,-105.8955025
2020-10-15,463,b0a772b1-f809-4203-a51e-be67fb3b892c,39.5859395,-105.8955025
2020-10-16,-901,b0a772b1-f809-4203-a51e-be67fb3b892c,39.5859395,-105.8955025
2020-10-17,-1203,b0a772b1-f809-4203-a51e-be67fb3b892c,39.5859395,-105.8955025
2020-10-18,-869,b0a772b1-f809-4203-a51e-be67fb3b892c,39.5859395,-105.8955025
2020-10-19,-320,b0a772b1-f809-4203-a51e-be67fb3b892c,39.5859395,-105.8955025
2020-10-20,-605,b0a772b1-f809-4203-a51e-be67fb3b892c,39.5859395,-105.8955025
2020-10-21,-966,b0a772b1-f809-4203-a51e-be67fb3b892c,39.5859395,-105.8955025
2020-10-22,-43,b0a772b1-f809-4203-a51e-be67fb3b892c,39.5859395,-105.8955025
2020-10-23,-833,b0a772b1-f809-4203-a51e-be67fb3b892c,39.5859395,-105.8955025
2020-10-24,581,b0a772b1-f809-4203-a51e-be67fb3b892c,39.5859395,-105.8955025
2020-10-25,1027,b0a772b1-f809-4203-a51e-be67fb3b892c,39.5859395,-105.8955025
2020-10-26,4084,b0a772b1-f809-4203-a51e-be67fb3b892c,39.5859395,-105.8955025
2020-10-27,6191,b0a772b1-f809-4203-a51e-be67fb3b892c,39.5859395,-105.8955025
2020-10-28,2649,b0a772b1-f809-4203-a51e-be67fb3b892c,39.5859395,-105.8955025
2020-10-29,3027,b0a772b1-f809-4203-a51e-be67fb3b892c,39.5859395,-105.8955025
2020-10-30,3655,b0a772b1-f809-4203-a51e-be67fb3b892c,39.5859395,-105.8955025
2020-10-31,2609,b0a772b1-f809-4203-a51e-be67fb3b892c,39.5859395,-105.8955025
2020-11-01,2078,b0a772b1-f809-4203-a51e-be67fb3b892c,39.5859395,-105.8955025
2020-11-02,2857,b0a772b1-f809-4203-a51e-be67fb3b892c,39.5859395,-105.8955025
2020-11-03,1212,b0a772b1-f809-4203-a51e-be67fb3b892c,39.5859395,-105.8955025
2020-11-04,-787,b0a772b1-f809-4203-a51e-be67fb3b892c,39.5859395,-105.8955025
2020-11-05,-87,b0a772b1-f809-4203-a51e-be67fb3b892c,39.5859395,-105.8955025
2020-11-06,1460,b0a772b1-f809-4203-a51e-be67fb3b892c,39.5859395,-105.8955025
2020-11-07,1254,b0a772b1-f809-4203-a51e-be67fb3b892c,39.5859395,-105.8955025
2020-11-08,5799,b0a772b1-f809-4203-a51e-be67fb3b892c,39.5859395,-105.8955025
2020-11-09,2727,b0a772b1-f809-4203-a51e-be67fb3b892c,39.5859395,-105.8955025
2020-11-10,6305,b0a772b1-f809-4203-a51e-be67fb3b892c,39.5859395,-105.8955025
2020-11-11,5942,b0a772b1-f809-4203-a51e-be67fb3b892c,39.5859395,-105.8955025
2020-11-12,5666,b0a772b1-f809-4203-a51e-be67fb3b892c,39.5859395,-105.8955025
2020-11-13,4216,b0a772b1-f809-4203-a51e-be67fb3b892c,39.5859395,-105.8955025
2020-11-14,2196,b0a772b1-f809-4203-a51e-be67fb3b892c,39.5859395,-105.8955025
2020-11-15,2386,b0a772b1-f809-4203-a51e-be67fb3b892c,39.5859395,-105.8955025
2020-11-16,4252,b0a772b1-f809-4203-a51e-be67fb3b892c,39.5859395,-105.8955025
2020-11-17,4418,b0a772b1-f809-4203-a51e-be67fb3b892c,39.5859395,-105.8955025
2020-11-18,2436,b0a772b1-f809-4203-a51e-be67fb3b892c,39.5859395,-105.8955025
2020-11-19,2916,b0a772b1-f809-4203-a51e-be67fb3b892c,39.5859395,-105.8955025
2020-11-20,547,b0a772b1-f809-4203-a51e-be67fb3b892c,39.5859395,-105.8955025
2020-11-21,437,b0a772b1-f809-4203-a51e-be67fb3b892c,39.5859395,-105.8955025
2020-11-22,4170,b0a772b1-f809-4203-a51e-be67fb3b892c,39.5859395,-105.8955025
2020-11-23,185,b0a772b1-f809-4203-a51e-be67fb3b892c,39.5859395,-105.8955025
2020-11-24,4243,b0a772b1-f809-4203-a51e-be67fb3b892c,39.5859395,-105.8955025
2020-11-25,6963,b0a772b1-f809-4203-a51e-be67fb3b892c,39.5859395,-105.8955025
2020-11-26,1523,b0a772b1-f809-4203-a51e-be67fb3b892c,39.5859395,-105.8955025
2020-11-27,6258,b0a772b1-f809-4203-a51e-be67fb3b892c,39.5859395,-105.8955025
2020-11-28,4091,b0a772b1-f809-4203-a51e-be67fb3b892c,39.5859395,-105.8955025
2020-11-29,6185,b0a772b1-f809-4203-a51e-be67fb3b892c,39.5859395,-105.8955025
2020-11-30,5343,b0a772b1-f809-4203-a51e-be67fb3b892c,39.5859395,-105.8955025
2020-12-01,3278,b0a772b1-f809-4203-a51e-be67fb3b892c,39.5859395,-105.8955025
2020-12-02,4771,b0a772b1-f809-4203-a51e-be67fb3b892c,39.5859395,-105.8955025
2020-12-03,4206,b0a772b1-f809-4203-a51e-be67fb3b892c,39.5859395,-105.8955025
2020-12-04,4467,b0a772b1-f809-4203-a51e-be67fb3b892c,39.5859395,-105.8955025
2020-12-05,5440,b0a772b1-f809-4203-a51e-be67fb3b892c,39.5859395,-105.8955025
2020-12-06,5066,b0a772b1-f809-4203-a51e-be67fb3b892c,39.5859395,-105.8955025
2020-12-07,6195,b0a772b1-f809-4203-a51e-be67fb3b892c,39.5859395,-105.8955025
2020-12-08,5513,b0a772b1-f809-4203-a51e-be67fb3b892c,39.5859395,-105.8955025
2020-12-09,6194,b0a772b1-f809-4203-a51e-be67fb3b892c,39.5859395,-105.8955025
2020-12-10,3763,b0a772b1-f809-4203-a51e-be67fb3b892c,39.5859395,-105.8955025
2020-12-11,2869,b0a772b1-f809-4203-a51e-be67fb3b892c,39.5859395,-105.8955025
2020-12-12,2905,b0a772b1-f809-4203-a51e-be67fb3b892c,39.5859395,-105.8955025
2020-12-13,6280,b0a772b1-f809-4203-a51e-be67fb3b892c,39.5859395,-105.8955025
2020-12-14,3135,b0a772b1-f809-4203-a51e-be67fb3b892c,39.5859395,-105.8955025
2020-12-15,1996,b0a772b1-f809-4203-a51e-be67fb3b892c,39.5859395,-105.8955025
2020-12-16,893,b0a772b1-f809-4203-a51e-be67fb3b892c,39.5859395,-105.8955025
2020-12-17,4734,b0a772b1-f809-4203-a51e-be67fb3b892c,39.5859395,-105.8955025
2020-12-18,2779,b0a772b1-f809-4203-a51e-be67fb3b892c,39.5859395,-105.8955025
2020-12-19,3894,b0a772b1-f809-4203-a51e-be67fb3b892c,39.5859395,-105.8955025
2020-12-20,1827,b0a772b1-f809-4203-a51e-be67fb3b892c,39.5859395,-105.8955025
2020-12-21,1329,b0a772b1-f809-4203-a51e-be67fb3b892c,39.5859395,-105.8955025
2020-12-22,3797,b0a772b1-f809-4203-a51e-be67fb3b892c,39.5859395,-105.8955025
2020-12-23,2975,b0a772b1-f809-4203-a51e-be67fb3b892c,39.5859395,-105.8955025
2020-12-24,3886,b0a772b1-f809-4203-a51e-be67fb3b892c,39.5859395,-105.8955025
2020-12-25,3416,b0a772b1-f809-4203-a51e-be67fb3b892c,39.5859395,-105.8955025
2020-12-26,5067,b0a772b1-f809-4203-a51e-be67fb3b892c,39.5859395,-105.8955025
2020-12-27,2624,b0a772b1-f809-4203-a51e-be67fb3b892c,39.5859395,-105.8955025
2020-12-28,2976,b0a772b1-f809-4203-a51e-be67fb3b892c,39.5859395,-105.8955025
2020-12-29,3185,b0a772b1-f809-4203-a51e-be67fb3b892c,39.5859395,-105.8955025
2020-12-30,6372,b0a772b1-f809-4203-a51e-be67fb3b892c,39.5859395,-105.8955025
2020-12-31,1267,b0a772b1-f809-4203-a51e-be67fb3b892c,39.5859395,-105.8955025
2021-01-01,6652,b0a772b1-f809-4203-a51e-be67fb3b892c,39.5859395,-105.8955025
2021-01-02,6550,b0a772b1-f809-4203-a51e-be67fb3b892c,39.5859395,-105.8955025
2021-01-03,86,b0a772b1-f809-4203-a51e-be67fb3b892c,39.5859395,-105.8955025
2021-01-04,6794,b0a772b1-f809-4203-a51e-be67fb3b892c,39.5859395,-105.8955025
2021-01-05,786,b0a772b1-f809-4203-a51e-be67fb3b892c,39.5859395,-105.8955025
2021-01-06,6683,b0a772b1-f809-4203-a51e-be67fb3b892c,39.5859395,-105.8955025
2021-01-07,3676,b0a772b1-f809-4203-a51e-be67fb3b892c,39.5859395,-105.8955025
2021-01-08,4210,b0a772b1-f809-4203-a51e-be67fb3b892c,39.5859395,-105.8955025
2021-01-09,5538,b0a772b1-f809-4203-a51e-be67fb3b892c,39.5859395,-105.8955025
2021-01-10,6080,b0a772b1-f809-4203-a51e-be67fb3b892c,39.5859395,-105.8955025
2021-01-11,5813,b0a772b1-f809-4203-a51e-be67fb3b892c,39.5859395,-105.8955025
2021-01-12,5526,b0a772b1-f809-4203-a51e-be67fb3b892c,39.5859395,-105.8955025
2021-01-13,1653,b0a772b1-f809-4203-a51e-be67fb3b892c,39.5859395,-105.8955025
2021-01-14,2590,b0a772b1-f809-4203-a51e-be67fb3b892c,39.5859395,-105.8955025
2021-01-15,5182,b0a772b1-f809-4203-a51e-be67fb3b892c,39.5859395,-105.8955025
2021-01-16,3520,b0a772b1-f809-4203-a51e-be67fb3b892c,39.5859395,-105.8955025
2021-01-17,1767,b0a772b1-f809-4203-a51e-be67fb3b892c,39.5859395,-105.8955025
2021-01-18,4420,b0a772b1-f809-4203-a51e-be67fb3b892c,39.5859395,-105.8955025
2021-01-19,3968,b0a772b1-f809-4203-a51e-be67fb3b892c,39.5859395,-105.8955025
2021-01-20,4451,b0a772b1-f809-4203-a51e-be67fb3b892c,39.5859395,-105.8955025
2021-01-21,330,b0a772b1-f809-4203-a51e-be67fb3b892c,39.5859395,-105.8955025
2021-01-22,1293,b0a772b1-f809-4203-a51e-be67fb3b892c,39.5859395,-105.8955025
2021-01-23,672,b0a772b1-f809-4203-a51e-be67fb3b892c,39.5859395,-105.8955025
2021-01-24,4592,b0a772b1-f809-4203-a51e-be67fb3b892c,39.5859395,-105.8955025
2021-01-25,5349,b0a772b1-f809-4203-a51e-be67fb3b892c,39.5859395,-105.8955025
2021-01-26,2312,b0a772b1-f809-4203-a51e-be67fb3b892c,39.5859395,-105.8955025
2021-01-27,5647,b0a772b1-f809-4203-a51e-be67fb3b892c,39.5859395,-105.8955025
2021-01-28,3259,b0a772b1-f809-4203-a51e-be67fb3b892c,39.5859395,-105.8955025
2021-01-29,2822,b0a772b1-f809-4203-a51e-be67fb3b892c,39.5859395,-105.8955025
2021-01-30,2988,b0a772b1-f809-4203-a51e-be67fb3b892c,39.5859395,-105.8955025
2021-01-31,5014,b0a772b1-f809-4203-a51e-be67fb3b892c,39.5859395,-105.8955025
2021-02-01,3812,b0a772b1-f809-4203-a51e-be67fb3b892c,39.5859395,-105.8955025
2021-02-02,548,b0a772b1-f809-4203-a51e-be67fb3b892c,39.5859395,-105.8955025
2021-02-03,3057,b0a772b1-f809-4203-a51e-be67fb3b892c,39.5859395,-105.8955025
2021-02-04,3500,b0a772b1-f809-4203-a51e-be67fb3b892c,39.5859395,-105.8955025
2021-02-05,2379,b0a772b1-f809-4203-a51e-be67fb3b892c,39.5859395,-105.8955025
2021-02-06,924,b0a772b1-f809-4203-a51e-be67fb3b892c,39.5859395,-105.8955025
2021-02-07,4896,b0a772b1-f809-4203-a51e-be67fb3b892c,39.5859395,-105.8955025
2021-02-08,6075,b0a772b1-f809-4203-a51e-be67fb3b892c,39.5859395,-105.8955025
2021-02-09,4037,b0a772b1-f809-4203-a51e-be67fb3b892c,39.5859395,-105.8955025
2021-02-10,1512,b0a772b1-f809-4203-a51e-be67fb3b892c,39.5859395,-105.8955025
2021-02-11,960,b0a772b1-f809-4203-a51e-be67fb3b892c,39.5859395,-105.8955025
2021-02-12,2070,b0a772b1-f809-4203-a51e-be67fb3b892c,39.5859395,-105.8955025
2021-02-13,2227,b0a772b1-f809-4203-a51e-be67fb3b892c,39.5859395,-105.8955025
2021-02-14,1925,b0a772b1-f809-4203-a51e-be67fb3b892c,39.5859395,-105.8955025
2021-02-15,1084,b0a772b1-f809-4203-a51e-be67fb3b892c,39.5859395,-105.8955025
2021-02-16,3306,b0a772b1-f809-4203-a51e-be67fb3b892c,39.5859395,-105.8955025
2021-02-17,4271,b0a772b1-f809-4203-a51e-be67fb3b892c,39.5859395,-105.8955025
2021-02-18,3352,b0a772b1-f809-4203-a51e-be67fb3b892c,39.5859395,-105.8955025
2021-02-19,2044,b0a772b1-f809-4203-a51e-be67fb3b892c,39.5859395,-105.8955025
2021-02-20,1335,b0a772b1-f809-4203-a51e-be67fb3b892c,39.5859395,-105.8955025
2021-02-21,2364,b0a772b1-f809-4203-a51e-be67fb3b892c,39.5859395,-105.8955025
2021-02-22,5072,b0a772b1-f809-4203-a51e-be67fb3b892c,39.5859395,-105.8955025
2021-02-23,3956,b0a772b1-f809-4203-a51e-be67fb3b892c,39.5859395,-105.8955025
2021-02-24,4841,b0a772b1-f809-4203-a51e-be67fb3b892c,39.5859395,-105.8955025
2021-02-25,4277,b0a772b1-f809-4203-a51e-be67fb3b892c,39.5859395,-105.8955025
2021-02-26,5699,b0a772b1-f809-4203-a51e-be67fb3b892c,39.5859395,-105.8955025
2021-02-27,2753,b0a772b1-f809-4203-a51e-be67fb3b892c,39.5859395,-105.8955025
2021-02-28,3256,b0a772b1-f809-4203-a51e-be67fb3b892c,39.5859395,-105.8955025
2021-03-01,5631,b0a772b1-f809-4203-a51e-be67fb3b892c,39.5859395,-105.8955025
2021-03-02,4428,b0a772b1-f809-4203-a51e-be67fb3b892c,39.5859395,-105.8955025
2021-03-03,5611,b0a772b1-f809-4203-a51e-be67fb3b892c,39.5859395,-105.8955025
2021-03-04,4853,b0a772b1-f809-4203-a51e-be67fb3b892c,39.5859395,-105.8955025
2021-03-05,6226,b0a772b1-f809-4203-a51e-be67fb3b892c,39.5859395,-105.8955025
2021-03-06,3622,b0a772b1-f809-4203-a51e-be67fb3b892c,39.5859395,-105.8955025
2021-03-07,5548,b0a772b1-f809-4203-a51e-be67fb3b892c,39.5859395,-105.8955025
2021-03-08,2891,b0a772b1-f809-4203-a51e-be67fb3b892c,39.5859395,-105.8955025
2021-03-09,5114,b0a772b1-f809-4203-a51e-be67fb3b892c,39.5859395,-105.8955025
2021-03-10,3311,b0a772b1-f809-4203-a51e-be67fb3b892c,39.5859395,-105.8955025
2021-03-11,4608,b0a772b1-f809-4203-a51e-be67fb3b892c,39.5859395,-105.8955025
2021-03-12,5112,b0a772b1-f809-4203-a51e-be67fb3b892c,39.5859395,-105.8955025
2021-03-13,1150,b0a772b1-f809-4203-a51e-be67fb3b892c,39.5859395,-105.8955025
2021-03-14,5629,b0a772b1-f809-4203-a51e-be67fb3b892c,39.5859395,-105.8955025
2021-03-15,2138,b0a772b1-f809-4203-a51e-be67fb3b892c,39.5859395,-105.8955025
2021-03-16,4678,b0a772b1-f809-4203-a51e-be67fb3b892c,39.5859395,-105.8955025
2021-03-17,1927,b0a772b1-f809-4203-a51e-be67fb3b892c,39.5859395,-105.8955025
2021-03-18,4837,b0a772b1-f809-4203-a51e-be67fb3b892c,39.5859395,-105.8955025
2021-03-19,5314,b0a772b1-f809-4203-a51e-be67fb3b892c,39.5859395,-105.8955025
2021-03-20,3248,b0a772b1-f809-4203-a51e-be67fb3b892c,39.5859395,-105.8955025
2021-03-21,3319,b0a772b1-f809-4203-a51e-be67fb3b892c,39.5859395,-105.8955025
2021-03-22,1431,b0a772b1-f809-4203-a51e-be67fb3b892c,39.5859395,-105.8955025
2021-03-23,5160,b0a772b1-f809-4203-a51e-be67fb3b892c,39.5859395,-105.8955025
2021-03-24,378,b0a772b1-f809-4203-a51e-be67fb3b892c,39.5859395,-105.8955025
2021-03-25,3332,b0a772b1-f809-4203-a51e-be67fb3b892c,39.5859395,-105.8955025
2021-03-26,3318,b0a772b1-f809-4203-a51e-be67fb3b892c,39.5859395,-105.8955025
2021-03-27,3218,b0a772b1-f809-4203-a51e-be67fb3b892c,39.5859395,-105.8955025
2021-03-28,4077,b0a772b1-f809-4203-a51e-be67fb3b892c,39.5859395,-105.8955025
2021-03-29,3713,b0a772b1-f809-4203-a51e-be67fb3b892c,39.5859395,-105.8955025
2021-03-30,3413,b0a772b1-f809-4203-a51e-be67fb3b892c,39.5859395,-105.8955025
2021-03-31,5861,b0a772b1-f809-4203-a51e-be67fb3b892c,39.5859395,-105.8955025
2021-04-01,6510,b0a772b1-f809-4203-a51e-be67fb3b892c,39.5859395,-105.8955025
2021-04-02,4880,b0a772b1-f809-4203-a51e-be67fb3b892c,39.5859395,-105.8955025
2021-04-03,3710,b0a772b1-f809-4203-a51e-be67fb3b892c,39.5859395,-105.8955025
2021-04-04,4216,b0a772b1-f809-4203-a51e-be67fb3b892c,39.5859395,-105.8955025
2021-04-05,3088,b0a772b1-f809-4203-a51e-be67fb3b892c,39.5859395,-105.8955025
2021-04-06,5328,b0a772b1-f809-4203-a51e-be67fb3b892c,39.5859395,-105.8955025
2021-04-07,419,b0a772b1-f809-4203-a51e-be67fb3b892c,39.5859395,-105.8955025
2021-04-08,3968,b0a772b1-f809-4203-a51e-be67fb3b892c,39.5859395,-105.8955025
2021-04-09,5258,b0a772b1-f809-4203-a51e-be67fb3b892c,39.5859395,-105.8955025
2021-04-10,5448,b0a772b1-f809-4203-a51e-be67fb3b892c,39.5859395,-105.8955025
2021-04-11,3013,b0a772b1-f809-4203-a51e-be67fb3b892c,39.5859395,-105.8955025
2021-04-12,5712,b0a772b1-f809-4203-a51e-be67fb3b892c,39.5859395,-105.8955025
2021-04-13,3293,b0a772b1-f809-4203-a51e-be67fb3b892c,39.5859395,-105.8955025
2021-04-14,3058,b0a772b1-f809-4203-a51e-be67fb3b892c,39.5859395,-105.8955025
2021-04-15,5119,b0a772b1-f809-4203-a51e-be67fb3b892c,39.5859395,-105.8955025
2021-04-16,538,b0a772b1-f809-4203-a51e-be67fb3b892c,39.5859395,-105.8955025
2021-04-17,1310,b0a772b1-f809-4203-a51e-be67fb3b892c,39.5859395,-105.8955025
2021-04-18,1141,b0a772b1-f809-4203-a51e-be67fb3b892c,39.5859395,-105.8955025
2021-04-19,5209,b0a772b1-f809-4203-a51e-be67fb3b892c,39.5859395,-105.8955025
2021-04-20,6231,b0a772b1-f809-4203-a51e-be67fb3b892c,39.5859395,-105.8955025
2021-04-21,5362,b0a772b1-f809-4203-a51e-be67fb3b892c,39.5859395,-105.8955025
2021-04-22,3397,b0a772b1-f809-4203-a51e-be67fb3b892c,39.5859395,-105.8955025
2021-04-23,2368,b0a772b1-f809-4203-a51e-be67fb3b892c,39.5859395,-105.8955025
2021-04-24,5394,b0a772b1-f809-4203-a51e-be67fb3b892c,39.5859395,-105.8955025
2021-04-25,552,b0a772b1-f809-4203-a51e-be67fb3b892c,39.5859395,-105.8955025
2021-04-26,4578,b0a772b1-f809-4203-a51e-be67fb3b892c,39.5859395,-105.8955025
2021-04-27,3246,b0a772b1-f809-4203-a51e-be67fb3b892c,39.5859395,-105.8955025
2021-04-28,756,b0a772b1-f809-4203-a51e-be67fb3b892c,39.5859395,-105.8955025
2021-04-29,6685,b0a772b1-f809-4203-a51e-be67fb3b892c,39.5859395,-105.8955025
2021-04-30,5480,b0a772b1-f809-4203-a51e-be67fb3b892c,39.5859395,-105.8955025
2021-05-01,4762,b0a772b1-f809-4203-a51e-be67fb3b892c,39.5859395,-105.8955025
2021-05-02,3139,b0a772b1-f809-4203-a51e-be67fb3b892c,39.5859395,-105.8955025
2021-05-03,4631,b0a772b1-f809-4203-a51e-be67fb3b892c,39.5859395,-105.8955025
2021-05-04,1549,b0a772b1-f809-4203-a51e-be67fb3b892c,39.5859395,-105.8955025
2021-05-05,2608,b0a772b1-f809-4203-a51e-be67fb3b892c,39.5859395,-105.8955025
2021-05-06,6003,b0a772b1-f809-4203-a51e-be67fb3b892c,39.5859395,-105.8955025
2021-05-07,1841,b0a772b1-f809-4203-a51e-be67fb3b892c,39.5859395,-105.8955025
2021-05-08,5159,b0a772b1-f809-4203-a51e-be67fb3b892c,39.5859395,-105.8955025
2021-05-09,2197,b0a772b1-f809-4203-a51e-be67fb3b892c,39.5859395,-105.8955025
2021-05-10,5057,b0a772b1-f809-4203-a51e-be67fb3b892c,39.5859395,-105.8955025
2021-05-11,4104,b0a772b1-f809-4203-a51e-be67fb3b892c,39.5859395,-105.8955025
2021-05-12,4379,b0a772b1-f809-4203-a51e-be67fb3b892c,39.5859395,-105.8955025
2021-05-13,1870,b0a772b1-f809-4203-a51e-be67fb3b892c,39.5859395,-105.8955025
2021-05-14,559,b0a772b1-f809-4203-a51e-be67fb3b892c,39.5859395,-105.8955025
2021-05-15,3795,b0a772b1-f809-4203-a51e-be67fb3b892c,39.5859395,-105.8955025
2021-05-16,2506,b0a772b1-f809-4203-a51e-be67fb3b892c,39.5859395,-105.8955025
2021-05-17,3460,b0a772b1-f809-4203-a51e-be67fb3b892c,39.5859395,-105.8955025
2021-05-18,3038,b0a772b1-f809-4203-a51e-be67fb3b892c,39.5859395,-105.8955025
2021-05-19,3090,b0a772b1-f809-4203-a51e-be67fb3b892c,39.5859395,-105.8955025
2021-05-20,1051,b0a772b1-f809-4203-a51e-be67fb3b892c,39.5859395,-105.8955025
2021-05-21,1876,b0a772b1-f809-4203-a51e-be67fb3b892c,39.5859395,-105.8955025
2021-05-22,1069,b0a772b1-f809-4203-a51e-be67fb3b892c,39.5859395,-105.8955025
2021-05-23,1484,b0a772b1-f809-4203-a51e-be67fb3b892c,39.5859395,-105.8955025
2021-05-24,5439,b0a772b1-f809-4203-a51e-be67fb3b892c,39.5859395,-105.8955025
2021-05-25,4433,b0a772b1-f809-4203-a51e-be67fb3b892c,39.5859395,-105.8955025
2021-05-26,5029,b0a772b1-f809-4203-a51e-be67fb3b892c,39.5859395,-105.8955025
2021-05-27,3825,b0a772b1-f809-4203-a51e-be67fb3b892c,39.5859395,-105.8955025
2021-05-28,-41,b0a772b1-f809-4203-a51e-be67fb3b892c,39.5859395,-105.8955025
2021-05-29,2785,b0a772b1-f809-4203-a51e-be67fb3b892c,39.5859395,-105.8955025
2021-05-30,-641,b0a772b1-f809-4203-a51e-be67fb3b892c,39.5859395,-105.8955025
2021-05-31,5067,b0a772b1-f809-4203-a51e-be67fb3b892c,39.5859395,-105.8955025
2021-06-01,957,b0a772b1-f809-4203-a51e-be67fb3b892c,39.5859395,-105.8955025
2021-06-02,815,b0a772b1-f809-4203-a51e-be67fb3b892c,39.5859395,-105.8955025
2021-06-03,1059,b0a772b1-f809-4203-a51e-be67fb3b892c,39.5859395,-105.8955025
2021-06-04,-1107,b0a772b1-f809-4203-a51e-be67fb3b892c,39.5859395,-105.8955025
2021-06-05,1294,b0a772b1-f809-4203-a51e-be67fb3b892c,39.5859395,-105.8955025
2021-06-06,-199,b0a772b1-f809-4203-a51e-be67fb3b892c,39.5859395,-105.8955025
2021-06-07,-603,b0a772b1-f809-4203-a51e-be67fb3b892c,39.5859395,-105.8955025
2021-06-08,-1159,b0a772b1-f809-4203-a51e-be67fb3b892c,39.5859395,-105.8955025
2021-06-09,-1964,b0a772b1-f809-4203-a51e-be67fb3b892c,39.5859395,-105.8955025
2021-06-10,-680,b0a772b1-f809-4203-a51e-be67fb3b892c,39.5859395,-105.8955025
2021-06-11,-3075,b0a772b1-f809-4203-a51e-be67fb3b892c,39.5859395,-105.8955025
2021-06-12,302,b0a772b1-f809-4203-a51e-be67fb3b892c,39.5859395,-105.8955025
2021-06-13,-3022,b0a772b1-f809-4203-a51e-be67fb3b892c,39.5859395,-105.8955025
2021-06-14,-877,b0a772b1-f809-4203-a51e-be67fb3b892c,39.5859395,-105.8955025
2021-06-15,-2034,b0a772b1-f809-4203-a51e-be67fb3b892c,39.5859395,-105.8955025
2021-06-16,825,b0a772b1-f809-4203-a51e-be67fb3b892c,39.5859395,-105.8955025
2021-06-17,453,b0a772b1-f809-4203-a51e-be67fb3b892c,39.5859395,-105.8955025
2021-06-18,3419,b0a772b1-f809-4203-a51e-be67fb3b892c,39.5859395,-105.8955025
2021-06-19,985,b0a772b1-f809-4203-a51e-be67fb3b892c,39.5859395,-105.8955025
2021-06-20,-3443,b0a772b1-f809-4203-a51e-be67fb3b892c,39.5859395,-105.8955025
2021-06-21,-1925,b0a772b1-f809-4203-a51e-be67fb3b892c,39.5859395,-105.8955025
2021-06-22,-2824,b0a772b1-f809-4203-a51e-be67fb3b892c,39.5859395,-105.8955025
2021-06-23,589,b0a772b1-f809-4203-a51e-be67fb3b892c,39.5859395,-105.8955025
2021-06-24,404,b0a772b1-f809-4203-a51e-be67fb3b892c,39.5859395,-105.8955025
2021-06-25,449,b0a772b1-f809-4203-a51e-be67fb3b892c,39.5859395,-105.8955025
2021-06-26,305,b0a772b1-f809-4203-a51e-be67fb3b892c,39.5859395,-105.8955025
2021-06-27,-733,b0a772b1-f809-4203-a51e-be67fb3b892c,39.5859395,-105.8955025
2021-06-28,1473,b0a772b1-f809-4203-a51e-be67fb3b892c,39.5859395,-105.8955025
2021-06-29,-642,b0a772b1-f809-4203-a51e-be67fb3b892c,39.5859395,-105.8955025
2021-06-30,556,b0a772b1-f809-4203-a51e-be67fb3b892c,39.5859395,-105.8955025
2021-07-01,2644,b0a772b1-f809-4203-a51e-be67fb3b892c,39.5859395,-105.8955025
2021-07-02,-267,b0a772b1-f809-4203-a51e-be67fb3b892c,39.5859395,-105.8955025
2021-07-03,-1622,b0a772b1-f809-4203-a51e-be67fb3b892c,39.5859395,-105.8955025
2021-07-04,1800,b0a772b1-f809-4203-a51e-be67fb3b892c,39.5859395,-105.8955025
2021-07-05,-306,b0a772b1-f809-4203-a51e-be67fb3b892c,39.5859395,-105.8955025
2021-07-06,-3197,b0a772b1-f809-4203-a51e-be67fb3b892c,39.5859395,-105.8955025
2021-07-07,-1591,b0a772b1-f809-4203-a51e-be67fb3b892c,39.5859395,-105.8955025
2021-07-08,-2736,b0a772b1-f809-4203-a51e-be67fb3b892c,39.5859395,-105.8955025
2021-07-09,-1373,b0a772b1-f809-4203-a51e-be67fb3b892c,39.5859395,-105.8955025
2021-07-10,-2367,b0a772b1-f809-4203-a51e-be67fb3b892c,39.5859395,-105.8955025
2021-07-11,-1234,b0a772b1-f809-4203-a51e-be67fb3b892c,39.5859395,-105.8955025
2021-07-12,1119,b0a772b1-f809-4203-a51e-be67fb3b892c,39.5859395,-105.8955025
2021-07-13,813,b0a772b1-f809-4203-a51e-be67fb3b892c,39.5859395,-105.8955025
2021-07-14,4601,b0a772b1-f809-4203-a51e-be67fb3b892c,39.5859395,-105.8955025
2021-07-15,-2781,b0a772b1-f809-4203-a51e-be67fb3b892c,39.5859395,-105.8955025
2021-07-16,1228,b0a772b1-f809-4203-a51e-be67fb3b892c,39.5859395,-105.8955025
2021-07-17,-1532,b0a772b1-f809-4203-a51e-be67fb3b892c,39.5859395,-105.8955025
2021-07-18,-1511,b0a772b1-f809-4203-a51e-be67fb3b892c,39.5859395,-105.8955025
2021-07-19,-980,b0a772b1-f809-4203-a51e-be67fb3b892c,39.5859395,-105.8955025
2021-07-20,-2194,b0a772b1-f809-4203-a51e-be67fb3b892c,39.5859395,-105.8955025
2021-07-21,-513,b0a772b1-f809-4203-a51e-be67fb3b892c,39.5859395,-105.8955025
2021-07-22,-2369,b0a772b1-f809-4203-a51e-be67fb3b892c,39.5859395,-105.8955025
2021-07-23,1088,b0a772b1-f809-4203-a51e-be67fb3b892c,39.5859395,-105.8955025
2021-07-24,-1070,b0a772b1-f809-4203-a51e-be67fb3b892c,39.5859395,-105.8955025
2021-07-25,392,b0a772b1-f809-4203-a51e-be67fb3b892c,39.5859395,-105.8955025
2021-07-26,-1945,b0a772b1-f809-4203-a51e-be67fb3b892c,39.5859395,-105.8955025
2021-07-27,-2078,b0a772b1-f809-4203-a51e-be67fb3b892c,39.5859395,-105.8955025
2021-07-28,-79,b0a772b1-f809-4203-a51e-be67fb3b892c,39.5859395,-105.8955025
2021-07-29,-1622,b0a772b1-f809-4203-a51e-be67fb3b892c,39.5859395,-105.8955025
2021-07-30,-333,b0a772b1-f809-4203-a51e-be67fb3b892c,39.5859395,-105.8955025
2021-07-31,3164,b0a772b1-f809-4203-a51e-be67fb3b892c,39.5859395,-105.8955025
2021-08-01,-865,b0a772b1-f809-4203-a51e-be67fb3b892c,39.5859395,-105.8955025
2021-08-02,1262,b0a772b1-f809-4203-a51e-be67fb3b892c,39.5859395,-105.8955025
2021-08-03,1443,b0a772b1-f809-4203-a51e-be67fb3b892c,39.5859395,-105.8955025
2021-08-04,-900,b0a772b1-f809-4203-a51e-be67fb3b892c,39.5859395,-105.8955025
2021-08-05,-1296,b0a772b1-f809-4203-a51e-be67fb3b892c,39.5859395,-105.8955025
2021-08-06,3593,b0a772b1-f809-4203-a51e-be67fb3b892c,39.5859395,-105.8955025
2021-08-07,1000,b0a772b1-f809-4203-a51e-be67fb3b892c,39.5859395,-105.8955025
2021-08-08,70,b0a772b1-f809-4203-a51e-be67fb3b892c,39.5859395,-105.8955025
2021-08-09,-1642,b0a772b1-f809-4203-a51e-be67fb3b892c,39.5859395,-105.8955025
2021-08-10,35,b0a772b1-f809-4203-a51e-be67fb3b892c,39.5859395,-105.8955025
2021-08-11,-1738,b0a772b1-f809-4203-a51e-be67fb3b892c,39.5859395,-105.8955025
2021-08-12,-1110,b0a772b1-f809-4203-a51e-be67fb3b892c,39.5859395,-105.8955025
2021-08-13,1781,b0a772b1-f809-4203-a51e-be67fb3b892c,39.5859395,-105.8955025
2021-08-14,-2709,b0a772b1-f809-4203-a51e-be67fb3b892c,39.5859395,-105.8955025
2021-08-15,2014,b0a772b1-f809-4203-a51e-be67fb3b892c,39.5859395,-105.8955025
2021-08-16,-1760,b0a772b1-f809-4203-a51e-be67fb3b892c,39.5859395,-105.8955025
2021-08-17,1171,b0a772b1-f809-4203-a51e-be67fb3b892c,39.5859395,-105.8955025
2021-08-18,-2537,b0a772b1-f809-4203-a51e-be67fb3b892c,39.5859395,-105.8955025
2021-08-19,280,b0a772b1-f809-4203-a51e-be67fb3b892c,39.5859395,-105.8955025
2021-08-20,-697,b0a772b1-f809-4203-a51e-be67fb3b892c,39.5859395,-105.8955025
2021-08-21,185,b0a772b1-f809-4203-a51e-be67fb3b892c,39.5859395,-105.8955025
2021-08-22,-594,b0a772b1-f809-4203-a51e-be67fb3b892c,39.5859395,-105.8955025
2021-08-23,-95,b0a772b1-f809-4203-a51e-be67fb3b892c,39.5859395,-105.8955025
2021-08-24,-1961,b0a772b1-f809-4203-a51e-be67fb3b892c,39.5859395,-105.8955025
2021-08-25,-2177,b0a772b1-f809-4203-a51e-be67fb3b892c,39.5859395,-105.8955025
2021-08-26,436,b0a772b1-f809-4203-a51e-be67fb3b892c,39.5859395,-105.8955025
2021-08-27,-1745,b0a772b1-f809-4203-a51e-be67fb3b892c,39.5859395,-105.8955025
2021-08-28,-1938,b0a772b1-f809-4203-a51e-be67fb3b892c,39.5859395,-105.8955025
2021-08-29,-579,b0a772b1-f809-4203-a51e-be67fb3b892c,39.5859395,-105.8955025
2021-08-30,-1168,b0a772b1-f809-4203-a51e-be67fb3b892c,39.5859395,-105.8955025
2021-08-31,1228,b0a772b1-f809-4203-a51e-be67fb3b892c,39.5859395,-105.8955025
2021-09-01,-728,b0a772b1-f809-4203-a51e-be67fb3b892c,39.5859395,-105.8955025
2021-09-02,-106,b0a772b1-f809-4203-a51e-be67fb3b892c,39.5859395,-105.8955025
2021-09-03,4398,b0a772b1-f809-4203-a51e-be67fb3b892c,39.5859395,-105.8955025
2021-09-04,-1164,b0a772b1-f809-4203-a51e-be67fb3b892c,39.5859395,-105.8955025
2021-09-05,-2151,b0a772b1-f809-4203-a51e-be67fb3b892c,39.5859395,-105.8955025
2021-09-06,-2061,b0a772b1-f809-4203-a51e-be67fb3b892c,39.5859395,-105.8955025
2021-09-07,-135,b0a772b1-f809-4203-a51e-be67fb3b892c,39.5859395,-105.8955025
2021-09-08,-1960,b0a772b1-f809-4203-a51e-be67fb3b892c,39.5859395,-105.8955025
2021-09-09,-1384,b0a772b1-f809-4203-a51e-be67fb3b892c,39.5859395,-105.8955025
2021-09-10,-2486,b0a772b1-f809-4203-a51e-be67fb3b892c,39.5859395,-105.8955025
2021-09-11,-1,b0a772b1-f809-4203-a51e-be67fb3b892c,39.5859395,-105.8955025
2021-09-12,-2214,b0a772b1-f809-4203-a51e-be67fb3b892c,39.5859395,-105.8955025
2021-09-13,-562,b0a772b1-f809-4203-a51e-be67fb3b892c,39.5859395,-105.8955025
2021-09-14,3029,b0a772b1-f809-4203-a51e-be67fb3b892c,39.5859395,-105.8955025
2021-09-15,-2013,b0a772b1-f809-4203-a51e-be67fb3b892c,39.5859395,-105.8955025
2021-09-16,-1457,b0a772b1-f809-4203-a51e-be67fb3b892c,39.5859395,-105.8955025
2021-09-17,-1505,b0a772b1-f809-4203-a51e-be67fb3b892c,39.5859395,-105.8955025
2021-09-18,-1201,b0a772b1-f809-4203-a51e-be67fb3b892c,39.5859395,-105.8955025
2021-09-19,-202,b0a772b1-f809-4203-a51e-be67fb3b892c,39.5859395,-105.8955025
2021-09-20,-1135,b0a772b1-f809-4203-a51e-be67fb3b892c,39.5859395,-105.8955025
2021-09-21,-1317,b0a772b1-f809-4203-a51e-be67fb3b892c,39.5859395,-105.8955025
2021-09-23,552,b0a772b1-f809-4203-a51e-be67fb3b892c,39.5859395,-105.8955025
2021-09-24,-2056,b0a772b1-f809-4203-a51e-be67fb3b892c,39.5859395,-105.8955025
2021-09-25,-450,b0a772b1-f809-4203-a51e-be67fb3b892c,39.5859395,-105.8955025
2021-09-26,-726,b0a772b1-f809-4203-a51e-be67fb3b892c,39.5859395,-105.8955025
2021-09-27,-496,b0a772b1-f809-4203-a51e-be67fb3b892c,39.5859395,-105.8955025
2021-09-28,948,b0a772b1-f809-4203-a51e-be67fb3b892c,39.5859395,-105.8955025
2021-09-29,6066,b0a772b1-f809-4203-a51e-be67fb3b892c,39.5859395,-105.8955025
2021-09-30,662,b0a772b1-f809-4203-a51e-be67fb3b892c,39.5859395,-105.8955025
2021-10-01,638,b0a772b1-f809-4203-a51e-be67fb3b892c,39.5859395,-105.8955025
2021-10-02,-978,b0a772b1-f809-4203-a51e-be67fb3b892c,39.5859395,-105.8955025
2021-10-03,-1512,b0a772b1-f809-4203-a51e-be67fb3b892c,39.5859395,-105.8955025
2021-10-04,-1780,b0a772b1-f809-4203-a51e-be67fb3b892c,39.5859395,-105.8955025
2021-10-05,-1140,b0a772b1-f809-4203-a51e-be67fb3b892c,39.5859395,-105.8955025
2021-10-06,508,b0a772b1-f809-4203-a51e-be67fb3b892c,39.5859395,-105.8955025
2021-10-07,-605,b0a772b1-f809-4203-a51e-be67fb3b892c,39.5859395,-105.8955025
2021-10-08,503,b0a772b1-f809-4203-a51e-be67fb3b892c,39.5859395,-105.8955025
2021-10-09,2000,b0a772b1-f809-4203-a51e-be67fb3b892c,39.5859395,-105.8955025
2021-10-10,1417,b0a772b1-f809-4203-a51e-be67fb3b892c,39.5859395,-105.8955025
2021-10-11,3348,b0a772b1-f809-4203-a51e-be67fb3b892c,39.5859395,-105.8955025
2021-10-12,3487,b0a772b1-f809-4203-a51e-be67fb3b892c,39.5859395,-105.8955025
2021-10-13,1221,b0a772b1-f809-4203-a51e-be67fb3b892c,39.5859395,-105.8955025
2021-10-14,2051,b0a772b1-f809-4203-a51e-be67fb3b892c,39.5859395,-105.8955025
2021-10-15,6490,b0a772b1-f809-4203-a51e-be67fb3b892c,39.5859395,-105.8955025
2021-10-16,5559,b0a772b1-f809-4203-a51e-be67fb3b892c,39.5859395,-105.8955025
2021-10-17,4898,b0a772b1-f809-4203-a51e-be67fb3b892c,39.5859395,-105.8955025
2021-10-18,797,b0a772b1-f809-4203-a51e-be67fb3b892c,39.5859395,-105.8955025
2021-10-19,2947,b0a772b1-f809-4203-a51e-be67fb3b892c,39.5859395,-105.8955025
2021-10-20,4192,b0a772b1-f809-4203-a51e-be67fb3b892c,39.5859395,-105.8955025
2021-10-21,1636,b0a772b1-f809-4203-a51e-be67fb3b892c,39.5859395,-105.8955025
2021-10-22,2680,b0a772b1-f809-4203-a51e-be67fb3b892c,39.5859395,-105.8955025
2021-10-23,2848,b0a772b1-f809-4203-a51e-be67fb3b892c,39.5859395,-105.8955025
2021-10-24,4575,b0a772b1-f809-4203-a51e-be67fb3b892c,39.5859395,-105.8955025
2021-10-25,3436,b0a772b1-f809-4203-a51e-be67fb3b892c,39.5859395,-105.8955025
2021-10-26,3694,b0a772b1-f809-4203-a51e-be67fb3b892c,39.5859395,-105.8955025
2021-10-27,1221,b0a772b1-f809-4203-a51e-be67fb3b892c,39.5859395,-105.8955025
2021-10-28,1645,b0a772b1-f809-4203-a51e-be67fb3b892c,39.5859395,-105.8955025
2021-10-29,2988,b0a772b1-f809-4203-a51e-be67fb3b892c,39.5859395,-105.8955025
2021-10-30,3547,b0a772b1-f809-4203-a51e-be67fb3b892c,39.5859395,-105.8955025
2021-10-31,1447,b0a772b1-f809-4203-a51e-be67fb3b892c,39.5859395,-105.8955025
2021-11-01,2131,b0a772b1-f809-4203-a51e-be67fb3b892c,39.5859395,-105.8955025
2021-11-02,4793,b0a772b1-f809-4203-a51e-be67fb3b892c,39.5859395,-105.8955025
2021-11-03,692,b0a772b1-f809-4203-a51e-be67fb3b892c,39.5859395,-105.8955025
2021-11-04,5631,b0a772b1-f809-4203-a51e-be67fb3b892c,39.5859395,-105.8955025
2021-11-05,3569,b0a772b1-f809-4203-a51e-be67fb3b892c,39.5859395,-105.8955025
2021-11-06,2412,b0a772b1-f809-4203-a51e-be67fb3b892c,39.5859395,-105.8955025
2021-11-07,3456,b0a772b1-f809-4203-a51e-be67fb3b892c,39.5859395,-105.8955025
2021-11-08,2514,b0a772b1-f809-4203-a51e-be67fb3b892c,39.5859395,-105.8955025
2021-11-09,2317,b0a772b1-f809-4203-a51e-be67fb3b892c,39.5859395,-105.8955025
2021-11-10,1213,b0a772b1-f809-4203-a51e-be67fb3b892c,39.5859395,-105.8955025
2021-11-11,1026,b0a772b1-f809-4203-a51e-be67fb3b892c,39.5859395,-105.8955025
2021-11-12,3555,b0a772b1-f809-4203-a51e-be67fb3b892c,39.5859395,-105.8955025
2021-11-13,-216,b0a772b1-f809-4203-a51e-be67fb3b892c,39.5859395,-105.8955025
2021-11-14,1020,b0a772b1-f809-4203-a51e-be67fb3b892c,39.5859395,-105.8955025
2021-11-15,2297,b0a772b1-f809-4203-a51e-be67fb3b892c,39.5859395,-105.8955025
2021-11-16,4910,b0a772b1-f809-4203-a51e-be67fb3b892c,39.5859395,-105.8955025
2021-11-17,5234,b0a772b1-f809-4203-a51e-be67fb3b892c,39.5859395,-105.8955025
2021-11-18,5155,b0a772b1-f809-4203-a51e-be67fb3b892c,39.5859395,-105.8955025
2021-11-19,1039,b0a772b1-f809-4203-a51e-be67fb3b892c,39.5859395,-105.8955025
2021-11-20,1201,b0a772b1-f809-4203-a51e-be67fb3b892c,39.5859395,-105.8955025
2021-11-21,3695,b0a772b1-f809-4203-a51e-be67fb3b892c,39.5859395,-105.8955025
2021-11-22,3768,b0a772b1-f809-4203-a51e-be67fb3b892c,39.5859395,-105.8955025
2021-11-23,3542,b0a772b1-f809-4203-a51e-be67fb3b892c,39.5859395,-105.8955025
2021-11-24,1721,b0a772b1-f809-4203-a51e-be67fb3b892c,39.5859395,-105.8955025
2021-11-25,4557,b0a772b1-f809-4203-a51e-be67fb3b892c,39.5859395,-105.8955025
2021-11-26,4188,b0a772b1-f809-4203-a51e-be67fb3b892c,39.5859395,-105.8955025
2021-11-27,3997,b0a772b1-f809-4203-a51e-be67fb3b892c,39.5859395,-105.8955025
2021-11-28,1624,b0a772b1-f809-4203-a51e-be67fb3b892c,39.5859395,-105.8955025
2021-11-29,5054,b0a772b1-f809-4203-a51e-be67fb3b892c,39.5859395,-105.8955025
2021-11-30,4249,b0a772b1-f809-4203-a51e-be67fb3b892c,39.5859395,-105.8955025
2021-12-01,5829,b0a772b1-f809-4203-a51e-be67fb3b892c,39.5859395,-105.8955025
2021-12-02,4421,b0a772b1-f809-4203-a51e-be67fb3b892c,39.5859395,-105.8955025
2021-12-03,4269,b0a772b1-f809-4203-a51e-be67fb3b892c,39.5859395,-105.8955025
2021-12-04,4221,b0a772b1-f809-4203-a51e-be67fb3b892c,39.5859395,-105.8955025
2021-12-05,2896,b0a772b1-f809-4203-a51e-be67fb3b892c,39.5859395,-105.8955025
2021-12-06,2124,b0a772b1-f809-4203-a51e-be67fb3b892c,39.5859395,-105.8955025
2021-12-07,113,b0a772b1-f809-4203-a51e-be67fb3b892c,39.5859395,-105.8955025
2021-12-08,4422,b0a772b1-f809-4203-a51e-be67fb3b892c,39.5859395,-105.8955025
2021-12-09,2290,b0a772b1-f809-4203-a51e-be67fb3b892c,39.5859395,-105.8955025
2021-12-10,3935,b0a772b1-f809-4203-a51e-be67fb3b892c,39.5859395,-105.8955025
2021-12-11,6366,b0a772b1-f809-4203-a51e-be67fb3b892c,39.5859395,-105.8955025
2021-12-12,5332,b0a772b1-f809-4203-a51e-be67fb3b892c,39.5859395,-105.8955025
2021-12-13,4505,b0a772b1-f809-4203-a51e-be67fb3b892c,39.5859395,-105.8955025
2021-12-14,2580,b0a772b1-f809-4203-a51e-be67fb3b892c,39.5859395,-105.8955025
2021-12-15,4176,b0a772b1-f809-4203-a51e-be67fb3b892c,39.5859395,-105.8955025
2021-12-16,4176,b0a772b1-f809-4203-a51e-be67fb3b892c,39.5859395,-105.8955025
2021-12-17,2113,b0a772b1-f809-4203-a51e-be67fb3b892c,39.5859395,-105.8955025
2021-12-18,5866,b0a772b1-f809-4203-a51e-be67fb3b892c,39.5859395,-105.8955025
2021-12-19,5236,b0a772b1-f809-4203-a51e-be67fb3b892c,39.5859395,-105.8955025
2021-12-20,4957,b0a772b1-f809-4203-a51e-be67fb3b892c,39.5859395,-105.8955025
2021-12-21,5820,b0a772b1-f809-4203-a51e-be67fb3b892c,39.5859395,-105.8955025
2021-12-22,4174,b0a772b1-f809-4203-a51e-be67fb3b892c,39.5859395,-105.8955025
2021-12-23,1351,b0a772b1-f809-4203-a51e-be67fb3b892c,39.5859395,-105.8955025
2021-12-24,3777,b0a772b1-f809-4203-a51e-be67fb3b892c,39.5859395,-105.8955025
2021-12-25,1694,b0a772b1-f809-4203-a51e-be67fb3b892c,39.5859395,-105.8955025
2021-12-26,3101,b0a772b1-f809-4203-a51e-be67fb3b892c,39.5859395,-105.8955025
2021-12-27,1704,b0a772b1-f809-4203-a51e-be67fb3b892c,39.5859395,-105.8955025
2021-12-28,3024,b0a772b1-f809-4203-a51e-be67fb3b892c,39.5859395,-105.8955025
2021-12-29,4351,b0a772b1-f809-4203-a51e-be67fb3b892c,39.5859395,-105.8955025
2021-12-30,1148,b0a772b1-f809-4203-a51e-be67fb3b892c,39.5859395,-105.8955025
