date,mod10a1_ndsi,cell_id,latitude,longitude
2020-01-01,2068,eff6d097-962e-4965-a78f-dd05d36c2479,37.65607,-119.325316
2020-01-02,4390,eff6d097-962e-4965-a78f-dd05d36c2479,37.65607,-119.325316
2020-01-03,6149,eff6d097-962e-4965-a78f-dd05d36c2479,37.65607,-119.325316
2020-01-04,6867,eff6d097-962e-4965-a78f-dd05d36c2479,37.65607,-119.325316
2020-01-05,8201,eff6d097-962e-4965-a78f-dd05d36c2479,37.65607,-119.325316
2020-01-06,8086,eff6d097-962e-4965-a78f-dd05d36c2479,37.65607,-119.325316
2020-01-07,5895,eff6d097-962e-4965-a78f-dd05d36c2479,37.65607,-119.325316
2020-01-08,8578,eff6d097-962e-4965-a78f-dd05d36c2479,37.65607,-119.325316
2020-01-09,3082,eff6d097-962e-4965-a78f-dd05d36c2479,37.65607,-119.325316
2020-01-10,5601,eff6d097-962e-4965-a78f-dd05d36c2479,37.65607,-119.325316
2020-01-11,6755,eff6d097-962e-4965-a78f-dd05d36c2479,37.65607,-119.325316
2020-01-12,6211,eff6d097-962e-4965-a78f-dd05d36c2479,37.65607,-119.325316
2020-01-13,7369,eff6d097-962e-4965-a78f-dd05d36c2479,37.65607,-119.325316
2020-01-14,6743,eff6d097-962e-4965-a78f-dd05d36c2479,37.65607,-119.325316
2020-01-15,7014,eff6d097-962e-4965-a78f-dd05d36c2479,37.65607,-119.325316
2020-01-16,337,eff6d097-962e-4965-a78f-dd05d36c2479,37.65607,-119.325316
2020-01-17,6446,eff6d097-962e-4965-a78f-dd05d36c2479,37.65607,-119.325316
2020-01-18,4118,eff6d097-962e-4965-a78f-dd05d36c2479,37.65607,-119.325316
2020-01-19,3782,eff6d097-962e-4965-a78f-dd05d36c2479,37.65607,-119.325316
2020-01-20,2522,eff6d097-962e-4965-a78f-dd05d36c2479,37.65607,-119.325316
2020-01-21,2704,eff6d097-962e-4965-a78f-dd05d36c2479,37.65607,-119.325316
2020-01-22,5409,eff6d097-962e-4965-a78f-dd05d36c2479,37.65607,-119.325316
2020-01-23,4516,eff6d097-962e-4965-a78f-dd05d36c2479,37.65607,-119.325316
2020-01-24,5969,eff6d097-962e-4965-a78f-dd05d36c2479,37.65607,-119.325316
2020-01-25,6612,eff6d097-962e-4965-a78f-dd05d36c2479,37.65607,-119.325316
2020-01-26,5770,eff6d097-962e-4965-a78f-dd05d36c2479,37.65607,-119.325316
2020-01-27,5678,eff6d097-962e-4965-a78f-dd05d36c2479,37.65607,-119.325316
2020-01-28,5775,eff6d097-962e-4965-a78f-dd05d36c2479,37.65607,-119.325316
2020-01-29,6261,eff6d097-962e-4965-a78f-dd05d36c2479,37.65607,-119.325316
2020-01-30,7262,eff6d097-962e-4965-a78f-dd05d36c2479,37.65607,-119.325316
2020-01-31,7725,eff6d097-962e-4965-a78f-dd05d36c2479,37.65607,-119.325316
2020-02-01,7127,eff6d097-962e-4965-a78f-dd05d36c2479,37.65607,-119.325316
2020-02-02,2537,eff6d097-962e-4965-a78f-dd05d36c2479,37.65607,-119.325316
2020-02-03,6046,eff6d097-962e-4965-a78f-dd05d36c2479,37.65607,-119.325316
2020-02-04,6322,eff6d097-962e-4965-a78f-dd05d36c2479,37.65607,-119.325316
2020-02-05,7842,eff6d097-962e-4965-a78f-dd05d36c2479,37.65607,-119.325316
2020-02-06,7692,eff6d097-962e-4965-a78f-dd05d36c2479,37.65607,-119.325316
2020-02-07,8713,eff6d097-962e-4965-a78f-dd05d36c2479,37.65607,-119.325316
2020-02-08,7077,eff6d097-962e-4965-a78f-dd05d36c2479,37.65607,-119.325316
2020-02-09,8432,eff6d097-962e-4965-a78f-dd05d36c2479,37.65607,-119.325316
2020-02-10,6930,eff6d097-962e-4965-a78f-dd05d36c2479,37.65607,-119.325316
2020-02-11,4151,eff6d097-962e-4965-a78f-dd05d36c2479,37.65607,-119.325316
2020-02-12,7705,eff6d097-962e-4965-a78f-dd05d36c2479,37.65607,-119.325316
2020-02-13,7849,eff6d097-962e-4965-a78f-dd05d36c2479,37.65607,-119.325316
2020-02-14,8512,eff6d097-962e-4965-a78f-dd05d36c2479,37.65607,-119.325316
2020-02-15,5892,eff6d097-962e-4965-a78f-dd05d36c2479,37.65607,-119.325316
2020-02-16,8844,eff6d097-962e-4965-a78f-dd05d36c2479,37.65607,-119.325316
2020-02-17,6800,eff6d097-962e-4965-a78f-dd05d36c2479,37.65607,-119.325316
2020-02-18,8685,eff6d097-962e-4965-a78f-dd05d36c2479,37.65607,-119.325316
2020-02-19,8141,eff6d097-962e-4965-a78f-dd05d36c2479,37.65607,-119.325316
2020-02-20,7209,eff6d097-962e-4965-a78f-dd05d36c2479,37.65607,-119.325316
2020-02-21,6793,eff6d097-962e-4965-a78f-dd05d36c2479,37.65607,-119.325316
2020-02-22,3904,eff6d097-962e-4965-a78f-dd05d36c2479,37.65607,-119.325316
2020-02-23,7263,eff6d097-962e-4965-a78f-dd05d36c2479,37.65607,-119.325316
2020-02-24,5714,eff6d097-962e-4965-a78f-dd05d36c2479,37.65607,-119.325316
2020-02-25,8380,eff6d097-962e-4965-a78f-dd05d36c2479,37.65607,-119.325316
2020-02-26,7151,eff6d097-962e-4965-a78f-dd05d36c2479,37.65607,-119.325316
2020-02-27,7807,eff6d097-962e-4965-a78f-dd05d36c2479,37.65607,-119.325316
2020-02-28,7459,eff6d097-962e-4965-a78f-dd05d36c2479,37.65607,-119.325316
2020-02-29,1166,eff6d097-962e-4965-a78f-dd05d36c2479,37.65607,-119.325316
2020-03-01,4906,eff6d097-962e-4965-a78f-dd05d36c2479,37.65607,-119.325316
2020-03-02,6426,eff6d097-962e-4965-a78f-dd05d36c2479,37.65607,-119.325316
2020-03-03,8334,eff6d097-962e-4965-a78f-dd05d36c2479,37.65607,-119.325316
2020-03-04,7010,eff6d097-962e-4965-a78f-dd05d36c2479,37.65607,-119.325316
2020-03-05,7345,eff6d097-962e-4965-a78f-dd05d36c2479,37.65607,-119.325316
2020-03-06,7549,eff6d097-962e-4965-a78f-dd05d36c2479,37.65607,-119.325316
2020-03-07,4994,eff6d097-962e-4965-a78f-dd05d36c2479,37.65607,-119.325316
2020-03-08,6279,eff6d097-962e-4965-a78f-dd05d36c2479,37.65607,-119.325316
2020-03-09,2442,eff6d097-962e-4965-a78f-dd05d36c2479,37.65607,-119.325316
2020-03-10,7661,eff6d097-962e-4965-a78f-dd05d36c2479,37.65607,-119.325316
2020-03-11,1858,eff6d097-962e-4965-a78f-dd05d36c2479,37.65607,-119.325316
2020-03-12,7573,eff6d097-962e-4965-a78f-dd05d36c2479,37.65607,-119.325316
2020-03-13,6289,eff6d097-962e-4965-a78f-dd05d36c2479,37.65607,-119.325316
2020-03-14,2217,eff6d097-962e-4965-a78f-dd05d36c2479,37.65607,-119.325316
2020-03-15,5060,eff6d097-962e-4965-a78f-dd05d36c2479,37.65607,-119.325316
2020-03-16,3335,eff6d097-962e-4965-a78f-dd05d36c2479,37.65607,-119.325316
2020-03-17,6646,eff6d097-962e-4965-a78f-dd05d36c2479,37.65607,-119.325316
2020-03-18,6396,eff6d097-962e-4965-a78f-dd05d36c2479,37.65607,-119.325316
2020-03-19,4970,eff6d097-962e-4965-a78f-dd05d36c2479,37.65607,-119.325316
2020-03-20,6489,eff6d097-962e-4965-a78f-dd05d36c2479,37.65607,-119.325316
2020-03-21,4110,eff6d097-962e-4965-a78f-dd05d36c2479,37.65607,-119.325316
2020-03-22,810,eff6d097-962e-4965-a78f-dd05d36c2479,37.65607,-119.325316
2020-03-23,1724,eff6d097-962e-4965-a78f-dd05d36c2479,37.65607,-119.325316
2020-03-24,5607,eff6d097-962e-4965-a78f-dd05d36c2479,37.65607,-119.325316
2020-03-25,3179,eff6d097-962e-4965-a78f-dd05d36c2479,37.65607,-119.325316
2020-03-26,1998,eff6d097-962e-4965-a78f-dd05d36c2479,37.65607,-119.325316
2020-03-27,6282,eff6d097-962e-4965-a78f-dd05d36c2479,37.65607,-119.325316
2020-03-28,5945,eff6d097-962e-4965-a78f-dd05d36c2479,37.65607,-119.325316
2020-03-29,4133,eff6d097-962e-4965-a78f-dd05d36c2479,37.65607,-119.325316
2020-03-30,7269,eff6d097-962e-4965-a78f-dd05d36c2479,37.65607,-119.325316
2020-03-31,7498,eff6d097-962e-4965-a78f-dd05d36c2479,37.65607,-119.325316
2020-04-01,7164,eff6d097-962e-4965-a78f-dd05d36c2479,37.65607,-119.325316
2020-04-02,8603,eff6d097-962e-4965-a78f-dd05d36c2479,37.65607,-119.325316
2020-04-03,7205,eff6d097-962e-4965-a78f-dd05d36c2479,37.65607,-119.325316
2020-04-04,5537,eff6d097-962e-4965-a78f-dd05d36c2479,37.65607,-119.325316
2020-04-05,4564,eff6d097-962e-4965-a78f-dd05d36c2479,37.65607,-119.325316
2020-04-06,3666,eff6d097-962e-4965-a78f-dd05d36c2479,37.65607,-119.325316
2020-04-07,6364,eff6d097-962e-4965-a78f-dd05d36c2479,37.65607,-119.325316
2020-04-08,5736,eff6d097-962e-4965-a78f-dd05d36c2479,37.65607,-119.325316
2020-04-09,5439,eff6d097-962e-4965-a78f-dd05d36c2479,37.65607,-119.325316
2020-04-10,7332,eff6d097-962e-4965-a78f-dd05d36c2479,37.65607,-119.325316
2020-04-11,8691,eff6d097-962e-4965-a78f-dd05d36c2479,37.65607,-119.325316
2020-04-12,1567,eff6d097-962e-4965-a78f-dd05d36c2479,37.65607,-119.325316
2020-04-13,8025,eff6d097-962e-4965-a78f-dd05d36c2479,37.65607,-119.325316
2020-04-14,6083,eff6d097-962e-4965-a78f-dd05d36c2479,37.65607,-119.325316
2020-04-15,8313,eff6d097-962e-4965-a78f-dd05d36c2479,37.65607,-119.325316
2020-04-16,6999,eff6d097-962e-4965-a78f-dd05d36c2479,37.65607,-119.325316
2020-04-17,2494,eff6d097-962e-4965-a78f-dd05d36c2479,37.65607,-119.325316
2020-04-18,3976,eff6d097-962e-4965-a78f-dd05d36c2479,37.65607,-119.325316
2020-04-19,7568,eff6d097-962e-4965-a78f-dd05d36c2479,37.65607,-119.325316
2020-04-20,5286,eff6d097-962e-4965-a78f-dd05d36c2479,37.65607,-119.325316
2020-04-21,4502,eff6d097-962e-4965-a78f-dd05d36c2479,37.65607,-119.325316
2020-04-22,9007,eff6d097-962e-4965-a78f-dd05d36c2479,37.65607,-119.325316
2020-04-23,8771,eff6d097-962e-4965-a78f-dd05d36c2479,37.65607,-119.325316
2020-04-24,9189,eff6d097-962e-4965-a78f-dd05d36c2479,37.65607,-119.325316
2020-04-25,9028,eff6d097-962e-4965-a78f-dd05d36c2479,37.65607,-119.325316
2020-04-26,9093,eff6d097-962e-4965-a78f-dd05d36c2479,37.65607,-119.325316
2020-04-27,7378,eff6d097-962e-4965-a78f-dd05d36c2479,37.65607,-119.325316
2020-04-28,8683,eff6d097-962e-4965-a78f-dd05d36c2479,37.65607,-119.325316
2020-04-29,8306,eff6d097-962e-4965-a78f-dd05d36c2479,37.65607,-119.325316
2020-04-30,8721,eff6d097-962e-4965-a78f-dd05d36c2479,37.65607,-119.325316
2020-05-01,8920,eff6d097-962e-4965-a78f-dd05d36c2479,37.65607,-119.325316
2020-05-02,8738,eff6d097-962e-4965-a78f-dd05d36c2479,37.65607,-119.325316
2020-05-03,6458,eff6d097-962e-4965-a78f-dd05d36c2479,37.65607,-119.325316
2020-05-04,9345,eff6d097-962e-4965-a78f-dd05d36c2479,37.65607,-119.325316
2020-05-05,8480,eff6d097-962e-4965-a78f-dd05d36c2479,37.65607,-119.325316
2020-05-06,7830,eff6d097-962e-4965-a78f-dd05d36c2479,37.65607,-119.325316
2020-05-07,7346,eff6d097-962e-4965-a78f-dd05d36c2479,37.65607,-119.325316
2020-05-08,7991,eff6d097-962e-4965-a78f-dd05d36c2479,37.65607,-119.325316
2020-05-09,8654,eff6d097-962e-4965-a78f-dd05d36c2479,37.65607,-119.325316
2020-05-10,7766,eff6d097-962e-4965-a78f-dd05d36c2479,37.65607,-119.325316
2020-05-11,8442,eff6d097-962e-4965-a78f-dd05d36c2479,37.65607,-119.325316
2020-05-12,6640,eff6d097-962e-4965-a78f-dd05d36c2479,37.65607,-119.325316
2020-05-13,8008,eff6d097-962e-4965-a78f-dd05d36c2479,37.65607,-119.325316
2020-05-14,1097,eff6d097-962e-4965-a78f-dd05d36c2479,37.65607,-119.325316
2020-05-15,8342,eff6d097-962e-4965-a78f-dd05d36c2479,37.65607,-119.325316
2020-05-16,5543,eff6d097-962e-4965-a78f-dd05d36c2479,37.65607,-119.325316
2020-05-17,2729,eff6d097-962e-4965-a78f-dd05d36c2479,37.65607,-119.325316
2020-05-18,2286,eff6d097-962e-4965-a78f-dd05d36c2479,37.65607,-119.325316
2020-05-19,4107,eff6d097-962e-4965-a78f-dd05d36c2479,37.65607,-119.325316
2020-05-20,7995,eff6d097-962e-4965-a78f-dd05d36c2479,37.65607,-119.325316
2020-05-21,7597,eff6d097-962e-4965-a78f-dd05d36c2479,37.65607,-119.325316
2020-05-22,8561,eff6d097-962e-4965-a78f-dd05d36c2479,37.65607,-119.325316
2020-05-23,6784,eff6d097-962e-4965-a78f-dd05d36c2479,37.65607,-119.325316
2020-05-24,7632,eff6d097-962e-4965-a78f-dd05d36c2479,37.65607,-119.325316
2020-05-25,7882,eff6d097-962e-4965-a78f-dd05d36c2479,37.65607,-119.325316
2020-05-26,6152,eff6d097-962e-4965-a78f-dd05d36c2479,37.65607,-119.325316
2020-05-27,8086,eff6d097-962e-4965-a78f-dd05d36c2479,37.65607,-119.325316
2020-05-28,3436,eff6d097-962e-4965-a78f-dd05d36c2479,37.65607,-119.325316
2020-05-29,5472,eff6d097-962e-4965-a78f-dd05d36c2479,37.65607,-119.325316
2020-05-30,4959,eff6d097-962e-4965-a78f-dd05d36c2479,37.65607,-119.325316
2020-05-31,5890,eff6d097-962e-4965-a78f-dd05d36c2479,37.65607,-119.325316
2020-06-01,4729,eff6d097-962e-4965-a78f-dd05d36c2479,37.65607,-119.325316
2020-06-02,4169,eff6d097-962e-4965-a78f-dd05d36c2479,37.65607,-119.325316
2020-06-03,5044,eff6d097-962e-4965-a78f-dd05d36c2479,37.65607,-119.325316
2020-06-04,1330,eff6d097-962e-4965-a78f-dd05d36c2479,37.65607,-119.325316
2020-06-05,3987,eff6d097-962e-4965-a78f-dd05d36c2479,37.65607,-119.325316
2020-06-06,560,eff6d097-962e-4965-a78f-dd05d36c2479,37.65607,-119.325316
2020-06-07,2147,eff6d097-962e-4965-a78f-dd05d36c2479,37.65607,-119.325316
2020-06-08,2161,eff6d097-962e-4965-a78f-dd05d36c2479,37.65607,-119.325316
2020-06-09,2884,eff6d097-962e-4965-a78f-dd05d36c2479,37.65607,-119.325316
2020-06-10,3503,eff6d097-962e-4965-a78f-dd05d36c2479,37.65607,-119.325316
2020-06-11,-108,eff6d097-962e-4965-a78f-dd05d36c2479,37.65607,-119.325316
2020-06-12,3243,eff6d097-962e-4965-a78f-dd05d36c2479,37.65607,-119.325316
2020-06-13,229,eff6d097-962e-4965-a78f-dd05d36c2479,37.65607,-119.325316
2020-06-14,3419,eff6d097-962e-4965-a78f-dd05d36c2479,37.65607,-119.325316
2020-06-15,1550,eff6d097-962e-4965-a78f-dd05d36c2479,37.65607,-119.325316
2020-06-17,1075,eff6d097-962e-4965-a78f-dd05d36c2479,37.65607,-119.325316
2020-06-18,-1323,eff6d097-962e-4965-a78f-dd05d36c2479,37.65607,-119.325316
2020-06-19,1324,eff6d097-962e-4965-a78f-dd05d36c2479,37.65607,-119.325316
2020-06-20,-1441,eff6d097-962e-4965-a78f-dd05d36c2479,37.65607,-119.325316
2020-06-21,-1540,eff6d097-962e-4965-a78f-dd05d36c2479,37.65607,-119.325316
2020-06-22,-1311,eff6d097-962e-4965-a78f-dd05d36c2479,37.65607,-119.325316
2020-06-23,-2122,eff6d097-962e-4965-a78f-dd05d36c2479,37.65607,-119.325316
2020-06-24,-89,eff6d097-962e-4965-a78f-dd05d36c2479,37.65607,-119.325316
2020-06-25,-2880,eff6d097-962e-4965-a78f-dd05d36c2479,37.65607,-119.325316
2020-06-26,-2074,eff6d097-962e-4965-a78f-dd05d36c2479,37.65607,-119.325316
2020-06-27,-1868,eff6d097-962e-4965-a78f-dd05d36c2479,37.65607,-119.325316
2020-06-28,-931,eff6d097-962e-4965-a78f-dd05d36c2479,37.65607,-119.325316
2020-06-29,-2235,eff6d097-962e-4965-a78f-dd05d36c2479,37.65607,-119.325316
2020-06-30,-285,eff6d097-962e-4965-a78f-dd05d36c2479,37.65607,-119.325316
2020-07-01,-1514,eff6d097-962e-4965-a78f-dd05d36c2479,37.65607,-119.325316
2020-07-02,-2977,eff6d097-962e-4965-a78f-dd05d36c2479,37.65607,-119.325316
2020-07-03,-2258,eff6d097-962e-4965-a78f-dd05d36c2479,37.65607,-119.325316
2020-07-04,-1701,eff6d097-962e-4965-a78f-dd05d36c2479,37.65607,-119.325316
2020-07-05,-1420,eff6d097-962e-4965-a78f-dd05d36c2479,37.65607,-119.325316
2020-07-06,-2312,eff6d097-962e-4965-a78f-dd05d36c2479,37.65607,-119.325316
2020-07-07,-1240,eff6d097-962e-4965-a78f-dd05d36c2479,37.65607,-119.325316
2020-07-08,-2180,eff6d097-962e-4965-a78f-dd05d36c2479,37.65607,-119.325316
2020-07-09,-3373,eff6d097-962e-4965-a78f-dd05d36c2479,37.65607,-119.325316
2020-07-10,-1856,eff6d097-962e-4965-a78f-dd05d36c2479,37.65607,-119.325316
2020-07-11,-3314,eff6d097-962e-4965-a78f-dd05d36c2479,37.65607,-119.325316
2020-07-12,-2487,eff6d097-962e-4965-a78f-dd05d36c2479,37.65607,-119.325316
2020-07-13,-2532,eff6d097-962e-4965-a78f-dd05d36c2479,37.65607,-119.325316
2020-07-14,-2012,eff6d097-962e-4965-a78f-dd05d36c2479,37.65607,-119.325316
2020-07-15,-2245,eff6d097-962e-4965-a78f-dd05d36c2479,37.65607,-119.325316
2020-07-16,-2733,eff6d097-962e-4965-a78f-dd05d36c2479,37.65607,-119.325316
2020-07-17,-1762,eff6d097-962e-4965-a78f-dd05d36c2479,37.65607,-119.325316
2020-07-18,-2784,eff6d097-962e-4965-a78f-dd05d36c2479,37.65607,-119.325316
2020-07-19,-2182,eff6d097-962e-4965-a78f-dd05d36c2479,37.65607,-119.325316
2020-07-20,-3412,eff6d097-962e-4965-a78f-dd05d36c2479,37.65607,-119.325316
2020-07-21,-1716,eff6d097-962e-4965-a78f-dd05d36c2479,37.65607,-119.325316
2020-07-22,-2540,eff6d097-962e-4965-a78f-dd05d36c2479,37.65607,-119.325316
2020-07-23,-2048,eff6d097-962e-4965-a78f-dd05d36c2479,37.65607,-119.325316
2020-07-24,-1935,eff6d097-962e-4965-a78f-dd05d36c2479,37.65607,-119.325316
2020-07-25,-1659,eff6d097-962e-4965-a78f-dd05d36c2479,37.65607,-119.325316
2020-07-26,-1011,eff6d097-962e-4965-a78f-dd05d36c2479,37.65607,-119.325316
2020-07-27,-838,eff6d097-962e-4965-a78f-dd05d36c2479,37.65607,-119.325316
2020-07-28,-2428,eff6d097-962e-4965-a78f-dd05d36c2479,37.65607,-119.325316
2020-07-29,-3146,eff6d097-962e-4965-a78f-dd05d36c2479,37.65607,-119.325316
2020-07-30,-2886,eff6d097-962e-4965-a78f-dd05d36c2479,37.65607,-119.325316
2020-07-31,-2581,eff6d097-962e-4965-a78f-dd05d36c2479,37.65607,-119.325316
2020-08-01,-3114,eff6d097-962e-4965-a78f-dd05d36c2479,37.65607,-119.325316
2020-08-02,-1804,eff6d097-962e-4965-a78f-dd05d36c2479,37.65607,-119.325316
2020-08-03,-3633,eff6d097-962e-4965-a78f-dd05d36c2479,37.65607,-119.325316
2020-08-04,-2304,eff6d097-962e-4965-a78f-dd05d36c2479,37.65607,-119.325316
2020-08-05,-3359,eff6d097-962e-4965-a78f-dd05d36c2479,37.65607,-119.325316
2020-08-06,-2292,eff6d097-962e-4965-a78f-dd05d36c2479,37.65607,-119.325316
2020-08-07,-2493,eff6d097-962e-4965-a78f-dd05d36c2479,37.65607,-119.325316
2020-08-08,-2943,eff6d097-962e-4965-a78f-dd05d36c2479,37.65607,-119.325316
2020-08-09,-2299,eff6d097-962e-4965-a78f-dd05d36c2479,37.65607,-119.325316
2020-08-10,1557,eff6d097-962e-4965-a78f-dd05d36c2479,37.65607,-119.325316
2020-08-11,-567,eff6d097-962e-4965-a78f-dd05d36c2479,37.65607,-119.325316
2020-08-12,-3303,eff6d097-962e-4965-a78f-dd05d36c2479,37.65607,-119.325316
2020-08-13,3215,eff6d097-962e-4965-a78f-dd05d36c2479,37.65607,-119.325316
2020-08-14,-1093,eff6d097-962e-4965-a78f-dd05d36c2479,37.65607,-119.325316
2020-08-15,304,eff6d097-962e-4965-a78f-dd05d36c2479,37.65607,-119.325316
2020-08-16,-689,eff6d097-962e-4965-a78f-dd05d36c2479,37.65607,-119.325316
2020-08-17,-3095,eff6d097-962e-4965-a78f-dd05d36c2479,37.65607,-119.325316
2020-08-18,2855,eff6d097-962e-4965-a78f-dd05d36c2479,37.65607,-119.325316
2020-08-19,-190,eff6d097-962e-4965-a78f-dd05d36c2479,37.65607,-119.325316
2020-08-20,539,eff6d097-962e-4965-a78f-dd05d36c2479,37.65607,-119.325316
2020-08-21,-2658,eff6d097-962e-4965-a78f-dd05d36c2479,37.65607,-119.325316
2020-08-22,-2332,eff6d097-962e-4965-a78f-dd05d36c2479,37.65607,-119.325316
2020-08-23,-2098,eff6d097-962e-4965-a78f-dd05d36c2479,37.65607,-119.325316
2020-08-24,-2108,eff6d097-962e-4965-a78f-dd05d36c2479,37.65607,-119.325316
2020-08-25,-729,eff6d097-962e-4965-a78f-dd05d36c2479,37.65607,-119.325316
2020-08-26,-3078,eff6d097-962e-4965-a78f-dd05d36c2479,37.65607,-119.325316
2020-08-27,-2206,eff6d097-962e-4965-a78f-dd05d36c2479,37.65607,-119.325316
2020-08-28,-3013,eff6d097-962e-4965-a78f-dd05d36c2479,37.65607,-119.325316
2020-08-29,-2333,eff6d097-962e-4965-a78f-dd05d36c2479,37.65607,-119.325316
2020-08-30,-2730,eff6d097-962e-4965-a78f-dd05d36c2479,37.65607,-119.325316
2020-08-31,-1977,eff6d097-962e-4965-a78f-dd05d36c2479,37.65607,-119.325316
2020-09-01,-2386,eff6d097-962e-4965-a78f-dd05d36c2479,37.65607,-119.325316
2020-09-02,-2655,eff6d097-962e-4965-a78f-dd05d36c2479,37.65607,-119.325316
2020-09-03,-2049,eff6d097-962e-4965-a78f-dd05d36c2479,37.65607,-119.325316
2020-09-04,-2852,eff6d097-962e-4965-a78f-dd05d36c2479,37.65607,-119.325316
2020-09-05,2222,eff6d097-962e-4965-a78f-dd05d36c2479,37.65607,-119.325316
2020-09-06,1734,eff6d097-962e-4965-a78f-dd05d36c2479,37.65607,-119.325316
2020-09-07,-57,eff6d097-962e-4965-a78f-dd05d36c2479,37.65607,-119.325316
2020-09-08,-2379,eff6d097-962e-4965-a78f-dd05d36c2479,37.65607,-119.325316
2020-09-09,1674,eff6d097-962e-4965-a78f-dd05d36c2479,37.65607,-119.325316
2020-09-10,-373,eff6d097-962e-4965-a78f-dd05d36c2479,37.65607,-119.325316
2020-09-11,-1161,eff6d097-962e-4965-a78f-dd05d36c2479,37.65607,-119.325316
2020-09-12,-911,eff6d097-962e-4965-a78f-dd05d36c2479,37.65607,-119.325316
2020-09-13,-901,eff6d097-962e-4965-a78f-dd05d36c2479,37.65607,-119.325316
2020-09-14,2878,eff6d097-962e-4965-a78f-dd05d36c2479,37.65607,-119.325316
2020-09-15,229,eff6d097-962e-4965-a78f-dd05d36c2479,37.65607,-119.325316
2020-09-16,2388,eff6d097-962e-4965-a78f-dd05d36c2479,37.65607,-119.325316
2020-09-17,1144,eff6d097-962e-4965-a78f-dd05d36c2479,37.65607,-119.325316
2020-09-18,848,eff6d097-962e-4965-a78f-dd05d36c2479,37.65607,-119.325316
2020-09-19,-535,eff6d097-962e-4965-a78f-dd05d36c2479,37.65607,-119.325316
2020-09-20,-2406,eff6d097-962e-4965-a78f-dd05d36c2479,37.65607,-119.325316
2020-09-21,79,eff6d097-962e-4965-a78f-dd05d36c2479,37.65607,-119.325316
2020-09-22,126,eff6d097-962e-4965-a78f-dd05d36c2479,37.65607,-119.325316
2020-09-23,3154,eff6d097-962e-4965-a78f-dd05d36c2479,37.65607,-119.325316
2020-09-24,-1252,eff6d097-962e-4965-a78f-dd05d36c2479,37.65607,-119.325316
2020-09-25,-92,eff6d097-962e-4965-a78f-dd05d36c2479,37.65607,-119.325316
2020-09-26,-2239,eff6d097-962e-4965-a78f-dd05d36c2479,37.65607,-119.325316
2020-09-27,-2933,eff6d097-962e-4965-a78f-dd05d36c2479,37.65607,-119.325316
2020-09-28,-1044,eff6d097-962e-4965-a78f-dd05d36c2479,37.65607,-119.325316
2020-09-29,-1388,eff6d097-962e-4965-a78f-dd05d36c2479,37.65607,-119.325316
2020-09-30,985,eff6d097-962e-4965-a78f-dd05d36c2479,37.65607,-119.325316
2020-10-01,-2612,eff6d097-962e-4965-a78f-dd05d36c2479,37.65607,-119.325316
2020-10-02,1300,eff6d097-962e-4965-a78f-dd05d36c2479,37.65607,-119.325316
2020-10-03,-1167,eff6d097-962e-4965-a78f-dd05d36c2479,37.65607,-119.325316
2020-10-04,-1930,eff6d097-962e-4965-a78f-dd05d36c2479,37.65607,-119.325316
2020-10-05,2710,eff6d097-962e-4965-a78f-dd05d36c2479,37.65607,-119.325316
2020-10-06,108,eff6d097-962e-4965-a78f-dd05d36c2479,37.65607,-119.325316
2020-10-07,1447,eff6d097-962e-4965-a78f-dd05d36c2479,37.65607,-119.325316
2020-10-08,2388,eff6d097-962e-4965-a78f-dd05d36c2479,37.65607,-119.325316
2020-10-09,1309,eff6d097-962e-4965-a78f-dd05d36c2479,37.65607,-119.325316
2020-10-10,2322,eff6d097-962e-4965-a78f-dd05d36c2479,37.65607,-119.325316
2020-10-11,-2893,eff6d097-962e-4965-a78f-dd05d36c2479,37.65607,-119.325316
2020-10-12,-1946,eff6d097-962e-4965-a78f-dd05d36c2479,37.65607,-119.325316
2020-10-13,-2945,eff6d097-962e-4965-a78f-dd05d36c2479,37.65607,-119.325316
2020-10-14,-1636,eff6d097-962e-4965-a78f-dd05d36c2479,37.65607,-119.325316
2020-10-15,-2889,eff6d097-962e-4965-a78f-dd05d36c2479,37.65607,-119.325316
2020-10-16,-1014,eff6d097-962e-4965-a78f-dd05d36c2479,37.65607,-119.325316
2020-10-17,-2344,eff6d097-962e-4965-a78f-dd05d36c2479,37.65607,-119.325316
2020-10-18,-2514,eff6d097-962e-4965-a78f-dd05d36c2479,37.65607,-119.325316
2020-10-19,-1998,eff6d097-962e-4965-a78f-dd05d36c2479,37.65607,-119.325316
2020-10-20,-1015,eff6d097-962e-4965-a78f-dd05d36c2479,37.65607,-119.325316
2020-10-21,3264,eff6d097-962e-4965-a78f-dd05d36c2479,37.65607,-119.325316
2020-10-22,-3373,eff6d097-962e-4965-a78f-dd05d36c2479,37.65607,-119.325316
2020-10-23,-722,eff6d097-962e-4965-a78f-dd05d36c2479,37.65607,-119.325316
2020-10-24,-2542,eff6d097-962e-4965-a78f-dd05d36c2479,37.65607,-119.325316
2020-10-25,-2301,eff6d097-962e-4965-a78f-dd05d36c2479,37.65607,-119.325316
2020-10-26,-2235,eff6d097-962e-4965-a78f-dd05d36c2479,37.65607,-119.325316
2020-10-27,-2968,eff6d097-962e-4965-a78f-dd05d36c2479,37.65607,-119.325316
2020-10-28,-2142,eff6d097-962e-4965-a78f-dd05d36c2479,37.65607,-119.325316
2020-10-29,-2494,eff6d097-962e-4965-a78f-dd05d36c2479,37.65607,-119.325316
2020-10-30,-1054,eff6d097-962e-4965-a78f-dd05d36c2479,37.65607,-119.325316
2020-10-31,-2642,eff6d097-962e-4965-a78f-dd05d36c2479,37.65607,-119.325316
2020-11-01,925,eff6d097-962e-4965-a78f-dd05d36c2479,37.65607,-119.325316
2020-11-02,-435,eff6d097-962e-4965-a78f-dd05d36c2479,37.65607,-119.325316
2020-11-03,-2109,eff6d097-962e-4965-a78f-dd05d36c2479,37.65607,-119.325316
2020-11-04,-295,eff6d097-962e-4965-a78f-dd05d36c2479,37.65607,-119.325316
2020-11-05,-1552,eff6d097-962e-4965-a78f-dd05d36c2479,37.65607,-119.325316
2020-11-06,88,eff6d097-962e-4965-a78f-dd05d36c2479,37.65607,-119.325316
2020-11-07,1782,eff6d097-962e-4965-a78f-dd05d36c2479,37.65607,-119.325316
2020-11-08,3373,eff6d097-962e-4965-a78f-dd05d36c2479,37.65607,-119.325316
2020-11-09,7335,eff6d097-962e-4965-a78f-dd05d36c2479,37.65607,-119.325316
2020-11-10,7182,eff6d097-962e-4965-a78f-dd05d36c2479,37.65607,-119.325316
2020-11-11,6201,eff6d097-962e-4965-a78f-dd05d36c2479,37.65607,-119.325316
2020-11-12,7254,eff6d097-962e-4965-a78f-dd05d36c2479,37.65607,-119.325316
2020-11-13,1026,eff6d097-962e-4965-a78f-dd05d36c2479,37.65607,-119.325316
2020-11-14,7052,eff6d097-962e-4965-a78f-dd05d36c2479,37.65607,-119.325316
2020-11-15,5814,eff6d097-962e-4965-a78f-dd05d36c2479,37.65607,-119.325316
2020-11-16,5420,eff6d097-962e-4965-a78f-dd05d36c2479,37.65607,-119.325316
2020-11-17,2409,eff6d097-962e-4965-a78f-dd05d36c2479,37.65607,-119.325316
2020-11-18,3866,eff6d097-962e-4965-a78f-dd05d36c2479,37.65607,-119.325316
2020-11-19,6410,eff6d097-962e-4965-a78f-dd05d36c2479,37.65607,-119.325316
2020-11-20,3657,eff6d097-962e-4965-a78f-dd05d36c2479,37.65607,-119.325316
2020-11-21,7334,eff6d097-962e-4965-a78f-dd05d36c2479,37.65607,-119.325316
2020-11-22,5970,eff6d097-962e-4965-a78f-dd05d36c2479,37.65607,-119.325316
2020-11-23,6242,eff6d097-962e-4965-a78f-dd05d36c2479,37.65607,-119.325316
2020-11-24,5903,eff6d097-962e-4965-a78f-dd05d36c2479,37.65607,-119.325316
2020-11-25,6792,eff6d097-962e-4965-a78f-dd05d36c2479,37.65607,-119.325316
2020-11-26,6123,eff6d097-962e-4965-a78f-dd05d36c2479,37.65607,-119.325316
2020-11-27,5531,eff6d097-962e-4965-a78f-dd05d36c2479,37.65607,-119.325316
2020-11-28,6935,eff6d097-962e-4965-a78f-dd05d36c2479,37.65607,-119.325316
2020-11-29,4875,eff6d097-962e-4965-a78f-dd05d36c2479,37.65607,-119.325316
2020-11-30,7432,eff6d097-962e-4965-a78f-dd05d36c2479,37.65607,-119.325316
2020-12-01,5593,eff6d097-962e-4965-a78f-dd05d36c2479,37.65607,-119.325316
2020-12-02,7161,eff6d097-962e-4965-a78f-dd05d36c2479,37.65607,-119.325316
2020-12-03,5452,eff6d097-962e-4965-a78f-dd05d36c2479,37.65607,-119.325316
2020-12-04,2970,eff6d097-962e-4965-a78f-dd05d36c2479,37.65607,-119.325316
2020-12-05,6358,eff6d097-962e-4965-a78f-dd05d36c2479,37.65607,-119.325316
2020-12-06,4072,eff6d097-962e-4965-a78f-dd05d36c2479,37.65607,-119.325316
2020-12-07,6635,eff6d097-962e-4965-a78f-dd05d36c2479,37.65607,-119.325316
2020-12-08,4488,eff6d097-962e-4965-a78f-dd05d36c2479,37.65607,-119.325316
2020-12-09,5853,eff6d097-962e-4965-a78f-dd05d36c2479,37.65607,-119.325316
2020-12-10,4877,eff6d097-962e-4965-a78f-dd05d36c2479,37.65607,-119.325316
2020-12-11,3580,eff6d097-962e-4965-a78f-dd05d36c2479,37.65607,-119.325316
2020-12-12,6563,eff6d097-962e-4965-a78f-dd05d36c2479,37.65607,-119.325316
2020-12-13,3494,eff6d097-962e-4965-a78f-dd05d36c2479,37.65607,-119.325316
2020-12-14,6280,eff6d097-962e-4965-a78f-dd05d36c2479,37.65607,-119.325316
2020-12-15,6316,eff6d097-962e-4965-a78f-dd05d36c2479,37.65607,-119.325316
2020-12-16,6298,eff6d097-962e-4965-a78f-dd05d36c2479,37.65607,-119.325316
2020-12-17,2593,eff6d097-962e-4965-a78f-dd05d36c2479,37.65607,-119.325316
2020-12-18,6810,eff6d097-962e-4965-a78f-dd05d36c2479,37.65607,-119.325316
2020-12-19,6238,eff6d097-962e-4965-a78f-dd05d36c2479,37.65607,-119.325316
2020-12-20,7143,eff6d097-962e-4965-a78f-dd05d36c2479,37.65607,-119.325316
2020-12-21,7172,eff6d097-962e-4965-a78f-dd05d36c2479,37.65607,-119.325316
2020-12-22,5211,eff6d097-962e-4965-a78f-dd05d36c2479,37.65607,-119.325316
2020-12-23,7759,eff6d097-962e-4965-a78f-dd05d36c2479,37.65607,-119.325316
2020-12-24,2476,eff6d097-962e-4965-a78f-dd05d36c2479,37.65607,-119.325316
2020-12-25,3289,eff6d097-962e-4965-a78f-dd05d36c2479,37.65607,-119.325316
2020-12-26,2378,eff6d097-962e-4965-a78f-dd05d36c2479,37.65607,-119.325316
2020-12-27,2156,eff6d097-962e-4965-a78f-dd05d36c2479,37.65607,-119.325316
2020-12-28,3488,eff6d097-962e-4965-a78f-dd05d36c2479,37.65607,-119.325316
2020-12-29,6860,eff6d097-962e-4965-a78f-dd05d36c2479,37.65607,-119.325316
2020-12-30,5749,eff6d097-962e-4965-a78f-dd05d36c2479,37.65607,-119.325316
2020-12-31,4840,eff6d097-962e-4965-a78f-dd05d36c2479,37.65607,-119.325316
2021-01-01,6981,eff6d097-962e-4965-a78f-dd05d36c2479,37.65607,-119.325316
2021-01-02,2800,eff6d097-962e-4965-a78f-dd05d36c2479,37.65607,-119.325316
2021-01-03,6538,eff6d097-962e-4965-a78f-dd05d36c2479,37.65607,-119.325316
2021-01-04,3509,eff6d097-962e-4965-a78f-dd05d36c2479,37.65607,-119.325316
2021-01-05,6861,eff6d097-962e-4965-a78f-dd05d36c2479,37.65607,-119.325316
2021-01-06,6523,eff6d097-962e-4965-a78f-dd05d36c2479,37.65607,-119.325316
2021-01-07,5981,eff6d097-962e-4965-a78f-dd05d36c2479,37.65607,-119.325316
2021-01-08,6964,eff6d097-962e-4965-a78f-dd05d36c2479,37.65607,-119.325316
2021-01-09,5643,eff6d097-962e-4965-a78f-dd05d36c2479,37.65607,-119.325316
2021-01-10,7987,eff6d097-962e-4965-a78f-dd05d36c2479,37.65607,-119.325316
2021-01-11,5563,eff6d097-962e-4965-a78f-dd05d36c2479,37.65607,-119.325316
2021-01-12,3586,eff6d097-962e-4965-a78f-dd05d36c2479,37.65607,-119.325316
2021-01-13,6643,eff6d097-962e-4965-a78f-dd05d36c2479,37.65607,-119.325316
2021-01-14,7243,eff6d097-962e-4965-a78f-dd05d36c2479,37.65607,-119.325316
2021-01-15,8311,eff6d097-962e-4965-a78f-dd05d36c2479,37.65607,-119.325316
2021-01-16,7053,eff6d097-962e-4965-a78f-dd05d36c2479,37.65607,-119.325316
2021-01-17,8788,eff6d097-962e-4965-a78f-dd05d36c2479,37.65607,-119.325316
2021-01-18,6487,eff6d097-962e-4965-a78f-dd05d36c2479,37.65607,-119.325316
2021-01-19,6958,eff6d097-962e-4965-a78f-dd05d36c2479,37.65607,-119.325316
2021-01-20,7089,eff6d097-962e-4965-a78f-dd05d36c2479,37.65607,-119.325316
2021-01-21,6666,eff6d097-962e-4965-a78f-dd05d36c2479,37.65607,-119.325316
2021-01-22,4230,eff6d097-962e-4965-a78f-dd05d36c2479,37.65607,-119.325316
2021-01-23,5139,eff6d097-962e-4965-a78f-dd05d36c2479,37.65607,-119.325316
2021-01-24,7200,eff6d097-962e-4965-a78f-dd05d36c2479,37.65607,-119.325316
2021-01-25,2547,eff6d097-962e-4965-a78f-dd05d36c2479,37.65607,-119.325316
2021-01-26,7094,eff6d097-962e-4965-a78f-dd05d36c2479,37.65607,-119.325316
2021-01-27,3620,eff6d097-962e-4965-a78f-dd05d36c2479,37.65607,-119.325316
2021-01-28,5532,eff6d097-962e-4965-a78f-dd05d36c2479,37.65607,-119.325316
2021-01-29,4226,eff6d097-962e-4965-a78f-dd05d36c2479,37.65607,-119.325316
2021-01-30,6817,eff6d097-962e-4965-a78f-dd05d36c2479,37.65607,-119.325316
2021-01-31,5936,eff6d097-962e-4965-a78f-dd05d36c2479,37.65607,-119.325316
2021-02-01,3159,eff6d097-962e-4965-a78f-dd05d36c2479,37.65607,-119.325316
2021-02-02,4383,eff6d097-962e-4965-a78f-dd05d36c2479,37.65607,-119.325316
2021-02-03,5268,eff6d097-962e-4965-a78f-dd05d36c2479,37.65607,-119.325316
2021-02-04,7409,eff6d097-962e-4965-a78f-dd05d36c2479,37.65607,-119.325316
2021-02-05,7471,eff6d097-962e-4965-a78f-dd05d36c2479,37.65607,-119.325316
2021-02-06,6946,eff6d097-962e-4965-a78f-dd05d36c2479,37.65607,-119.325316
2021-02-07,7787,eff6d097-962e-4965-a78f-dd05d36c2479,37.65607,-119.325316
2021-02-08,5418,eff6d097-962e-4965-a78f-dd05d36c2479,37.65607,-119.325316
2021-02-09,2914,eff6d097-962e-4965-a78f-dd05d36c2479,37.65607,-119.325316
2021-02-10,5264,eff6d097-962e-4965-a78f-dd05d36c2479,37.65607,-119.325316
2021-02-11,5185,eff6d097-962e-4965-a78f-dd05d36c2479,37.65607,-119.325316
2021-02-12,5967,eff6d097-962e-4965-a78f-dd05d36c2479,37.65607,-119.325316
2021-02-13,5689,eff6d097-962e-4965-a78f-dd05d36c2479,37.65607,-119.325316
2021-02-14,2968,eff6d097-962e-4965-a78f-dd05d36c2479,37.65607,-119.325316
2021-02-15,2304,eff6d097-962e-4965-a78f-dd05d36c2479,37.65607,-119.325316
2021-02-16,6644,eff6d097-962e-4965-a78f-dd05d36c2479,37.65607,-119.325316
2021-02-17,7411,eff6d097-962e-4965-a78f-dd05d36c2479,37.65607,-119.325316
2021-02-19,7298,eff6d097-962e-4965-a78f-dd05d36c2479,37.65607,-119.325316
2021-02-20,6450,eff6d097-962e-4965-a78f-dd05d36c2479,37.65607,-119.325316
2021-02-21,6088,eff6d097-962e-4965-a78f-dd05d36c2479,37.65607,-119.325316
2021-02-22,7619,eff6d097-962e-4965-a78f-dd05d36c2479,37.65607,-119.325316
2021-02-23,6375,eff6d097-962e-4965-a78f-dd05d36c2479,37.65607,-119.325316
2021-02-24,7796,eff6d097-962e-4965-a78f-dd05d36c2479,37.65607,-119.325316
2021-02-25,8317,eff6d097-962e-4965-a78f-dd05d36c2479,37.65607,-119.325316
2021-02-26,7369,eff6d097-962e-4965-a78f-dd05d36c2479,37.65607,-119.325316
2021-02-27,8518,eff6d097-962e-4965-a78f-dd05d36c2479,37.65607,-119.325316
2021-02-28,7610,eff6d097-962e-4965-a78f-dd05d36c2479,37.65607,-119.325316
2021-03-01,7966,eff6d097-962e-4965-a78f-dd05d36c2479,37.65607,-119.325316
2021-03-02,7590,eff6d097-962e-4965-a78f-dd05d36c2479,37.65607,-119.325316
2021-03-03,3532,eff6d097-962e-4965-a78f-dd05d36c2479,37.65607,-119.325316
2021-03-04,7479,eff6d097-962e-4965-a78f-dd05d36c2479,37.65607,-119.325316
2021-03-05,7739,eff6d097-962e-4965-a78f-dd05d36c2479,37.65607,-119.325316
2021-03-06,8422,eff6d097-962e-4965-a78f-dd05d36c2479,37.65607,-119.325316
2021-03-07,5380,eff6d097-962e-4965-a78f-dd05d36c2479,37.65607,-119.325316
2021-03-08,5897,eff6d097-962e-4965-a78f-dd05d36c2479,37.65607,-119.325316
2021-03-09,3779,eff6d097-962e-4965-a78f-dd05d36c2479,37.65607,-119.325316
2021-03-10,4877,eff6d097-962e-4965-a78f-dd05d36c2479,37.65607,-119.325316
2021-03-11,5479,eff6d097-962e-4965-a78f-dd05d36c2479,37.65607,-119.325316
2021-03-12,4344,eff6d097-962e-4965-a78f-dd05d36c2479,37.65607,-119.325316
2021-03-13,7360,eff6d097-962e-4965-a78f-dd05d36c2479,37.65607,-119.325316
2021-03-14,3429,eff6d097-962e-4965-a78f-dd05d36c2479,37.65607,-119.325316
2021-03-15,5761,eff6d097-962e-4965-a78f-dd05d36c2479,37.65607,-119.325316
2021-03-16,6261,eff6d097-962e-4965-a78f-dd05d36c2479,37.65607,-119.325316
2021-03-17,7293,eff6d097-962e-4965-a78f-dd05d36c2479,37.65607,-119.325316
2021-03-18,4958,eff6d097-962e-4965-a78f-dd05d36c2479,37.65607,-119.325316
2021-03-19,3953,eff6d097-962e-4965-a78f-dd05d36c2479,37.65607,-119.325316
2021-03-20,6326,eff6d097-962e-4965-a78f-dd05d36c2479,37.65607,-119.325316
2021-03-21,6979,eff6d097-962e-4965-a78f-dd05d36c2479,37.65607,-119.325316
2021-03-22,3451,eff6d097-962e-4965-a78f-dd05d36c2479,37.65607,-119.325316
2021-03-23,5535,eff6d097-962e-4965-a78f-dd05d36c2479,37.65607,-119.325316
2021-03-24,6283,eff6d097-962e-4965-a78f-dd05d36c2479,37.65607,-119.325316
2021-03-25,7486,eff6d097-962e-4965-a78f-dd05d36c2479,37.65607,-119.325316
2021-03-26,7589,eff6d097-962e-4965-a78f-dd05d36c2479,37.65607,-119.325316
2021-03-27,8006,eff6d097-962e-4965-a78f-dd05d36c2479,37.65607,-119.325316
2021-03-28,8165,eff6d097-962e-4965-a78f-dd05d36c2479,37.65607,-119.325316
2021-03-29,8709,eff6d097-962e-4965-a78f-dd05d36c2479,37.65607,-119.325316
2021-03-30,7603,eff6d097-962e-4965-a78f-dd05d36c2479,37.65607,-119.325316
2021-03-31,8925,eff6d097-962e-4965-a78f-dd05d36c2479,37.65607,-119.325316
2021-04-01,8521,eff6d097-962e-4965-a78f-dd05d36c2479,37.65607,-119.325316
2021-04-02,8883,eff6d097-962e-4965-a78f-dd05d36c2479,37.65607,-119.325316
2021-04-03,8980,eff6d097-962e-4965-a78f-dd05d36c2479,37.65607,-119.325316
2021-04-04,7370,eff6d097-962e-4965-a78f-dd05d36c2479,37.65607,-119.325316
2021-04-05,2710,eff6d097-962e-4965-a78f-dd05d36c2479,37.65607,-119.325316
2021-04-06,6240,eff6d097-962e-4965-a78f-dd05d36c2479,37.65607,-119.325316
2021-04-07,8788,eff6d097-962e-4965-a78f-dd05d36c2479,37.65607,-119.325316
2021-04-08,8432,eff6d097-962e-4965-a78f-dd05d36c2479,37.65607,-119.325316
2021-04-09,8622,eff6d097-962e-4965-a78f-dd05d36c2479,37.65607,-119.325316
2021-04-10,8662,eff6d097-962e-4965-a78f-dd05d36c2479,37.65607,-119.325316
2021-04-11,8553,eff6d097-962e-4965-a78f-dd05d36c2479,37.65607,-119.325316
2021-04-12,8909,eff6d097-962e-4965-a78f-dd05d36c2479,37.65607,-119.325316
2021-04-13,7047,eff6d097-962e-4965-a78f-dd05d36c2479,37.65607,-119.325316
2021-04-14,3620,eff6d097-962e-4965-a78f-dd05d36c2479,37.65607,-119.325316
2021-04-15,6647,eff6d097-962e-4965-a78f-dd05d36c2479,37.65607,-119.325316
2021-04-16,8373,eff6d097-962e-4965-a78f-dd05d36c2479,37.65607,-119.325316
2021-04-17,6475,eff6d097-962e-4965-a78f-dd05d36c2479,37.65607,-119.325316
2021-04-18,7658,eff6d097-962e-4965-a78f-dd05d36c2479,37.65607,-119.325316
2021-04-19,8494,eff6d097-962e-4965-a78f-dd05d36c2479,37.65607,-119.325316
2021-04-20,5736,eff6d097-962e-4965-a78f-dd05d36c2479,37.65607,-119.325316
2021-04-21,6698,eff6d097-962e-4965-a78f-dd05d36c2479,37.65607,-119.325316
2021-04-22,5165,eff6d097-962e-4965-a78f-dd05d36c2479,37.65607,-119.325316
2021-04-23,8719,eff6d097-962e-4965-a78f-dd05d36c2479,37.65607,-119.325316
2021-04-24,2438,eff6d097-962e-4965-a78f-dd05d36c2479,37.65607,-119.325316
2021-04-25,6994,eff6d097-962e-4965-a78f-dd05d36c2479,37.65607,-119.325316
2021-04-26,1978,eff6d097-962e-4965-a78f-dd05d36c2479,37.65607,-119.325316
2021-04-27,6616,eff6d097-962e-4965-a78f-dd05d36c2479,37.65607,-119.325316
2021-04-28,7582,eff6d097-962e-4965-a78f-dd05d36c2479,37.65607,-119.325316
2021-04-29,5892,eff6d097-962e-4965-a78f-dd05d36c2479,37.65607,-119.325316
2021-04-30,8513,eff6d097-962e-4965-a78f-dd05d36c2479,37.65607,-119.325316
2021-05-01,6938,eff6d097-962e-4965-a78f-dd05d36c2479,37.65607,-119.325316
2021-05-02,8597,eff6d097-962e-4965-a78f-dd05d36c2479,37.65607,-119.325316
2021-05-03,8402,eff6d097-962e-4965-a78f-dd05d36c2479,37.65607,-119.325316
2021-05-04,7722,eff6d097-962e-4965-a78f-dd05d36c2479,37.65607,-119.325316
2021-05-05,8112,eff6d097-962e-4965-a78f-dd05d36c2479,37.65607,-119.325316
2021-05-06,7040,eff6d097-962e-4965-a78f-dd05d36c2479,37.65607,-119.325316
2021-05-07,7753,eff6d097-962e-4965-a78f-dd05d36c2479,37.65607,-119.325316
2021-05-08,5809,eff6d097-962e-4965-a78f-dd05d36c2479,37.65607,-119.325316
2021-05-09,7725,eff6d097-962e-4965-a78f-dd05d36c2479,37.65607,-119.325316
2021-05-10,6824,eff6d097-962e-4965-a78f-dd05d36c2479,37.65607,-119.325316
2021-05-11,7623,eff6d097-962e-4965-a78f-dd05d36c2479,37.65607,-119.325316
2021-05-12,7167,eff6d097-962e-4965-a78f-dd05d36c2479,37.65607,-119.325316
2021-05-13,4040,eff6d097-962e-4965-a78f-dd05d36c2479,37.65607,-119.325316
2021-05-14,7076,eff6d097-962e-4965-a78f-dd05d36c2479,37.65607,-119.325316
2021-05-15,4079,eff6d097-962e-4965-a78f-dd05d36c2479,37.65607,-119.325316
2021-05-16,821,eff6d097-962e-4965-a78f-dd05d36c2479,37.65607,-119.325316
2021-05-17,67,eff6d097-962e-4965-a78f-dd05d36c2479,37.65607,-119.325316
2021-05-18,5047,eff6d097-962e-4965-a78f-dd05d36c2479,37.65607,-119.325316
2021-05-19,3844,eff6d097-962e-4965-a78f-dd05d36c2479,37.65607,-119.325316
2021-05-20,4155,eff6d097-962e-4965-a78f-dd05d36c2479,37.65607,-119.325316
2021-05-21,4004,eff6d097-962e-4965-a78f-dd05d36c2479,37.65607,-119.325316
2021-05-22,5178,eff6d097-962e-4965-a78f-dd05d36c2479,37.65607,-119.325316
2021-05-23,2056,eff6d097-962e-4965-a78f-dd05d36c2479,37.65607,-119.325316
2021-05-24,1294,eff6d097-962e-4965-a78f-dd05d36c2479,37.65607,-119.325316
2021-05-25,4794,eff6d097-962e-4965-a78f-dd05d36c2479,37.65607,-119.325316
2021-05-26,3624,eff6d097-962e-4965-a78f-dd05d36c2479,37.65607,-119.325316
2021-05-27,1166,eff6d097-962e-4965-a78f-dd05d36c2479,37.65607,-119.325316
2021-05-28,3579,eff6d097-962e-4965-a78f-dd05d36c2479,37.65607,-119.325316
2021-05-29,1988,eff6d097-962e-4965-a78f-dd05d36c2479,37.65607,-119.325316
2021-05-30,3223,eff6d097-962e-4965-a78f-dd05d36c2479,37.65607,-119.325316
2021-05-31,56,eff6d097-962e-4965-a78f-dd05d36c2479,37.65607,-119.325316
2021-06-01,-654,eff6d097-962e-4965-a78f-dd05d36c2479,37.65607,-119.325316
2021-06-02,779,eff6d097-962e-4965-a78f-dd05d36c2479,37.65607,-119.325316
2021-06-03,145,eff6d097-962e-4965-a78f-dd05d36c2479,37.65607,-119.325316
2021-06-04,668,eff6d097-962e-4965-a78f-dd05d36c2479,37.65607,-119.325316
2021-06-05,-46,eff6d097-962e-4965-a78f-dd05d36c2479,37.65607,-119.325316
2021-06-06,223,eff6d097-962e-4965-a78f-dd05d36c2479,37.65607,-119.325316
2021-06-07,-91,eff6d097-962e-4965-a78f-dd05d36c2479,37.65607,-119.325316
2021-06-08,-164,eff6d097-962e-4965-a78f-dd05d36c2479,37.65607,-119.325316
2021-06-09,-1850,eff6d097-962e-4965-a78f-dd05d36c2479,37.65607,-119.325316
2021-06-10,-1351,eff6d097-962e-4965-a78f-dd05d36c2479,37.65607,-119.325316
2021-06-11,-984,eff6d097-962e-4965-a78f-dd05d36c2479,37.65607,-119.325316
2021-06-12,-1695,eff6d097-962e-4965-a78f-dd05d36c2479,37.65607,-119.325316
2021-06-13,-685,eff6d097-962e-4965-a78f-dd05d36c2479,37.65607,-119.325316
2021-06-14,-1500,eff6d097-962e-4965-a78f-dd05d36c2479,37.65607,-119.325316
2021-06-15,-1872,eff6d097-962e-4965-a78f-dd05d36c2479,37.65607,-119.325316
2021-06-16,3807,eff6d097-962e-4965-a78f-dd05d36c2479,37.65607,-119.325316
2021-06-17,-310,eff6d097-962e-4965-a78f-dd05d36c2479,37.65607,-119.325316
2021-06-18,2273,eff6d097-962e-4965-a78f-dd05d36c2479,37.65607,-119.325316
2021-06-19,-3384,eff6d097-962e-4965-a78f-dd05d36c2479,37.65607,-119.325316
2021-06-20,-1931,eff6d097-962e-4965-a78f-dd05d36c2479,37.65607,-119.325316
2021-06-21,-2405,eff6d097-962e-4965-a78f-dd05d36c2479,37.65607,-119.325316
2021-06-22,-2352,eff6d097-962e-4965-a78f-dd05d36c2479,37.65607,-119.325316
2021-06-23,-2414,eff6d097-962e-4965-a78f-dd05d36c2479,37.65607,-119.325316
2021-06-24,-648,eff6d097-962e-4965-a78f-dd05d36c2479,37.65607,-119.325316
2021-06-25,-1694,eff6d097-962e-4965-a78f-dd05d36c2479,37.65607,-119.325316
2021-06-26,-2681,eff6d097-962e-4965-a78f-dd05d36c2479,37.65607,-119.325316
2021-06-27,-1137,eff6d097-962e-4965-a78f-dd05d36c2479,37.65607,-119.325316
2021-06-28,-2036,eff6d097-962e-4965-a78f-dd05d36c2479,37.65607,-119.325316
2021-06-29,7167,eff6d097-962e-4965-a78f-dd05d36c2479,37.65607,-119.325316
2021-06-30,-2306,eff6d097-962e-4965-a78f-dd05d36c2479,37.65607,-119.325316
2021-07-01,-2527,eff6d097-962e-4965-a78f-dd05d36c2479,37.65607,-119.325316
2021-07-02,-2156,eff6d097-962e-4965-a78f-dd05d36c2479,37.65607,-119.325316
2021-07-03,1328,eff6d097-962e-4965-a78f-dd05d36c2479,37.65607,-119.325316
2021-07-04,-1699,eff6d097-962e-4965-a78f-dd05d36c2479,37.65607,-119.325316
2021-07-05,-3037,eff6d097-962e-4965-a78f-dd05d36c2479,37.65607,-119.325316
2021-07-06,-2103,eff6d097-962e-4965-a78f-dd05d36c2479,37.65607,-119.325316
2021-07-07,-3331,eff6d097-962e-4965-a78f-dd05d36c2479,37.65607,-119.325316
2021-07-08,580,eff6d097-962e-4965-a78f-dd05d36c2479,37.65607,-119.325316
2021-07-09,-2668,eff6d097-962e-4965-a78f-dd05d36c2479,37.65607,-119.325316
2021-07-10,1913,eff6d097-962e-4965-a78f-dd05d36c2479,37.65607,-119.325316
2021-07-11,-902,eff6d097-962e-4965-a78f-dd05d36c2479,37.65607,-119.325316
2021-07-12,-1710,eff6d097-962e-4965-a78f-dd05d36c2479,37.65607,-119.325316
2021-07-13,-455,eff6d097-962e-4965-a78f-dd05d36c2479,37.65607,-119.325316
2021-07-14,-3554,eff6d097-962e-4965-a78f-dd05d36c2479,37.65607,-119.325316
2021-07-15,-2352,eff6d097-962e-4965-a78f-dd05d36c2479,37.65607,-119.325316
2021-07-16,-2338,eff6d097-962e-4965-a78f-dd05d36c2479,37.65607,-119.325316
2021-07-17,-2571,eff6d097-962e-4965-a78f-dd05d36c2479,37.65607,-119.325316
2021-07-18,-753,eff6d097-962e-4965-a78f-dd05d36c2479,37.65607,-119.325316
2021-07-19,6366,eff6d097-962e-4965-a78f-dd05d36c2479,37.65607,-119.325316
2021-07-20,-1534,eff6d097-962e-4965-a78f-dd05d36c2479,37.65607,-119.325316
2021-07-21,-3106,eff6d097-962e-4965-a78f-dd05d36c2479,37.65607,-119.325316
2021-07-22,-475,eff6d097-962e-4965-a78f-dd05d36c2479,37.65607,-119.325316
2021-07-23,-3048,eff6d097-962e-4965-a78f-dd05d36c2479,37.65607,-119.325316
2021-07-24,-2460,eff6d097-962e-4965-a78f-dd05d36c2479,37.65607,-119.325316
2021-07-25,-2086,eff6d097-962e-4965-a78f-dd05d36c2479,37.65607,-119.325316
2021-07-26,-1703,eff6d097-962e-4965-a78f-dd05d36c2479,37.65607,-119.325316
2021-07-27,-2156,eff6d097-962e-4965-a78f-dd05d36c2479,37.65607,-119.325316
2021-07-28,128,eff6d097-962e-4965-a78f-dd05d36c2479,37.65607,-119.325316
2021-07-29,3078,eff6d097-962e-4965-a78f-dd05d36c2479,37.65607,-119.325316
2021-07-30,220,eff6d097-962e-4965-a78f-dd05d36c2479,37.65607,-119.325316
2021-07-31,5382,eff6d097-962e-4965-a78f-dd05d36c2479,37.65607,-119.325316
2021-08-01,-2215,eff6d097-962e-4965-a78f-dd05d36c2479,37.65607,-119.325316
2021-08-02,-2664,eff6d097-962e-4965-a78f-dd05d36c2479,37.65607,-119.325316
2021-08-03,-2283,eff6d097-962e-4965-a78f-dd05d36c2479,37.65607,-119.325316
2021-08-04,-2988,eff6d097-962e-4965-a78f-dd05d36c2479,37.65607,-119.325316
2021-08-05,-1867,eff6d097-962e-4965-a78f-dd05d36c2479,37.65607,-119.325316
2021-08-06,-3578,eff6d097-962e-4965-a78f-dd05d36c2479,37.65607,-119.325316
2021-08-07,-1645,eff6d097-962e-4965-a78f-dd05d36c2479,37.65607,-119.325316
2021-08-08,-2803,eff6d097-962e-4965-a78f-dd05d36c2479,37.65607,-119.325316
2021-08-09,-2271,eff6d097-962e-4965-a78f-dd05d36c2479,37.65607,-119.325316
2021-08-10,-2686,eff6d097-962e-4965-a78f-dd05d36c2479,37.65607,-119.325316
2021-08-11,-2580,eff6d097-962e-4965-a78f-dd05d36c2479,37.65607,-119.325316
2021-08-12,-1957,eff6d097-962e-4965-a78f-dd05d36c2479,37.65607,-119.325316
2021-08-13,-556,eff6d097-962e-4965-a78f-dd05d36c2479,37.65607,-119.325316
2021-08-14,-98,eff6d097-962e-4965-a78f-dd05d36c2479,37.65607,-119.325316
2021-08-15,-2414,eff6d097-962e-4965-a78f-dd05d36c2479,37.65607,-119.325316
2021-08-16,-97,eff6d097-962e-4965-a78f-dd05d36c2479,37.65607,-119.325316
2021-08-17,-2986,eff6d097-962e-4965-a78f-dd05d36c2479,37.65607,-119.325316
2021-08-18,-2103,eff6d097-962e-4965-a78f-dd05d36c2479,37.65607,-119.325316
2021-08-19,-2304,eff6d097-962e-4965-a78f-dd05d36c2479,37.65607,-119.325316
2021-08-20,-2255,eff6d097-962e-4965-a78f-dd05d36c2479,37.65607,-119.325316
2021-08-21,-506,eff6d097-962e-4965-a78f-dd05d36c2479,37.65607,-119.325316
2021-08-22,-3490,eff6d097-962e-4965-a78f-dd05d36c2479,37.65607,-119.325316
2021-08-23,-1045,eff6d097-962e-4965-a78f-dd05d36c2479,37.65607,-119.325316
2021-08-24,-2596,eff6d097-962e-4965-a78f-dd05d36c2479,37.65607,-119.325316
2021-08-25,-2395,eff6d097-962e-4965-a78f-dd05d36c2479,37.65607,-119.325316
2021-08-26,-2194,eff6d097-962e-4965-a78f-dd05d36c2479,37.65607,-119.325316
2021-08-27,-2996,eff6d097-962e-4965-a78f-dd05d36c2479,37.65607,-119.325316
2021-08-28,-2193,eff6d097-962e-4965-a78f-dd05d36c2479,37.65607,-119.325316
2021-08-29,-2281,eff6d097-962e-4965-a78f-dd05d36c2479,37.65607,-119.325316
2021-08-30,-2143,eff6d097-962e-4965-a78f-dd05d36c2479,37.65607,-119.325316
2021-08-31,-2937,eff6d097-962e-4965-a78f-dd05d36c2479,37.65607,-119.325316
2021-09-01,-2440,eff6d097-962e-4965-a78f-dd05d36c2479,37.65607,-119.325316
2021-09-02,-2847,eff6d097-962e-4965-a78f-dd05d36c2479,37.65607,-119.325316
2021-09-03,-2392,eff6d097-962e-4965-a78f-dd05d36c2479,37.65607,-119.325316
2021-09-04,-2426,eff6d097-962e-4965-a78f-dd05d36c2479,37.65607,-119.325316
2021-09-05,-2618,eff6d097-962e-4965-a78f-dd05d36c2479,37.65607,-119.325316
2021-09-06,-1707,eff6d097-962e-4965-a78f-dd05d36c2479,37.65607,-119.325316
2021-09-07,-3013,eff6d097-962e-4965-a78f-dd05d36c2479,37.65607,-119.325316
2021-09-08,-1415,eff6d097-962e-4965-a78f-dd05d36c2479,37.65607,-119.325316
2021-09-09,-3123,eff6d097-962e-4965-a78f-dd05d36c2479,37.65607,-119.325316
2021-09-10,1068,eff6d097-962e-4965-a78f-dd05d36c2479,37.65607,-119.325316
2021-09-11,-2443,eff6d097-962e-4965-a78f-dd05d36c2479,37.65607,-119.325316
2021-09-12,-2875,eff6d097-962e-4965-a78f-dd05d36c2479,37.65607,-119.325316
2021-09-13,-2343,eff6d097-962e-4965-a78f-dd05d36c2479,37.65607,-119.325316
2021-09-14,-2798,eff6d097-962e-4965-a78f-dd05d36c2479,37.65607,-119.325316
2021-09-15,-109,eff6d097-962e-4965-a78f-dd05d36c2479,37.65607,-119.325316
2021-09-16,-2221,eff6d097-962e-4965-a78f-dd05d36c2479,37.65607,-119.325316
2021-09-17,-101,eff6d097-962e-4965-a78f-dd05d36c2479,37.65607,-119.325316
2021-09-18,-2696,eff6d097-962e-4965-a78f-dd05d36c2479,37.65607,-119.325316
2021-09-19,-2855,eff6d097-962e-4965-a78f-dd05d36c2479,37.65607,-119.325316
2021-09-20,-2211,eff6d097-962e-4965-a78f-dd05d36c2479,37.65607,-119.325316
2021-09-21,-1632,eff6d097-962e-4965-a78f-dd05d36c2479,37.65607,-119.325316
2021-09-23,-2360,eff6d097-962e-4965-a78f-dd05d36c2479,37.65607,-119.325316
2021-09-24,-322,eff6d097-962e-4965-a78f-dd05d36c2479,37.65607,-119.325316
2021-09-25,-2093,eff6d097-962e-4965-a78f-dd05d36c2479,37.65607,-119.325316
2021-09-26,-190,eff6d097-962e-4965-a78f-dd05d36c2479,37.65607,-119.325316
2021-09-27,-2426,eff6d097-962e-4965-a78f-dd05d36c2479,37.65607,-119.325316
2021-09-28,-2260,eff6d097-962e-4965-a78f-dd05d36c2479,37.65607,-119.325316
2021-09-29,-2254,eff6d097-962e-4965-a78f-dd05d36c2479,37.65607,-119.325316
2021-09-30,-3259,eff6d097-962e-4965-a78f-dd05d36c2479,37.65607,-119.325316
2021-10-01,1288,eff6d097-962e-4965-a78f-dd05d36c2479,37.65607,-119.325316
2021-10-02,-1863,eff6d097-962e-4965-a78f-dd05d36c2479,37.65607,-119.325316
2021-10-03,-1529,eff6d097-962e-4965-a78f-dd05d36c2479,37.65607,-119.325316
2021-10-04,1252,eff6d097-962e-4965-a78f-dd05d36c2479,37.65607,-119.325316
2021-10-05,-634,eff6d097-962e-4965-a78f-dd05d36c2479,37.65607,-119.325316
2021-10-06,2541,eff6d097-962e-4965-a78f-dd05d36c2479,37.65607,-119.325316
2021-10-07,-2451,eff6d097-962e-4965-a78f-dd05d36c2479,37.65607,-119.325316
2021-10-08,2338,eff6d097-962e-4965-a78f-dd05d36c2479,37.65607,-119.325316
2021-10-09,7257,eff6d097-962e-4965-a78f-dd05d36c2479,37.65607,-119.325316
2021-10-10,2626,eff6d097-962e-4965-a78f-dd05d36c2479,37.65607,-119.325316
2021-10-11,1061,eff6d097-962e-4965-a78f-dd05d36c2479,37.65607,-119.325316
2021-10-12,1016,eff6d097-962e-4965-a78f-dd05d36c2479,37.65607,-119.325316
2021-10-13,157,eff6d097-962e-4965-a78f-dd05d36c2479,37.65607,-119.325316
2021-10-14,-1224,eff6d097-962e-4965-a78f-dd05d36c2479,37.65607,-119.325316
2021-10-15,-1726,eff6d097-962e-4965-a78f-dd05d36c2479,37.65607,-119.325316
2021-10-16,-1174,eff6d097-962e-4965-a78f-dd05d36c2479,37.65607,-119.325316
2021-10-17,1659,eff6d097-962e-4965-a78f-dd05d36c2479,37.65607,-119.325316
2021-10-18,3997,eff6d097-962e-4965-a78f-dd05d36c2479,37.65607,-119.325316
2021-10-19,4626,eff6d097-962e-4965-a78f-dd05d36c2479,37.65607,-119.325316
2021-10-20,1872,eff6d097-962e-4965-a78f-dd05d36c2479,37.65607,-119.325316
2021-10-21,15,eff6d097-962e-4965-a78f-dd05d36c2479,37.65607,-119.325316
2021-10-22,4215,eff6d097-962e-4965-a78f-dd05d36c2479,37.65607,-119.325316
2021-10-23,-506,eff6d097-962e-4965-a78f-dd05d36c2479,37.65607,-119.325316
2021-10-24,2245,eff6d097-962e-4965-a78f-dd05d36c2479,37.65607,-119.325316
2021-10-25,5594,eff6d097-962e-4965-a78f-dd05d36c2479,37.65607,-119.325316
2021-10-26,6489,eff6d097-962e-4965-a78f-dd05d36c2479,37.65607,-119.325316
2021-10-27,8822,eff6d097-962e-4965-a78f-dd05d36c2479,37.65607,-119.325316
2021-10-28,8304,eff6d097-962e-4965-a78f-dd05d36c2479,37.65607,-119.325316
2021-10-29,8155,eff6d097-962e-4965-a78f-dd05d36c2479,37.65607,-119.325316
2021-10-30,8607,eff6d097-962e-4965-a78f-dd05d36c2479,37.65607,-119.325316
2021-10-31,7376,eff6d097-962e-4965-a78f-dd05d36c2479,37.65607,-119.325316
2021-11-01,2701,eff6d097-962e-4965-a78f-dd05d36c2479,37.65607,-119.325316
2021-11-02,6474,eff6d097-962e-4965-a78f-dd05d36c2479,37.65607,-119.325316
2021-11-03,8130,eff6d097-962e-4965-a78f-dd05d36c2479,37.65607,-119.325316
2021-11-04,7166,eff6d097-962e-4965-a78f-dd05d36c2479,37.65607,-119.325316
2021-11-05,6507,eff6d097-962e-4965-a78f-dd05d36c2479,37.65607,-119.325316
2021-11-06,4213,eff6d097-962e-4965-a78f-dd05d36c2479,37.65607,-119.325316
2021-11-07,1504,eff6d097-962e-4965-a78f-dd05d36c2479,37.65607,-119.325316
2021-11-08,6855,eff6d097-962e-4965-a78f-dd05d36c2479,37.65607,-119.325316
2021-11-09,2170,eff6d097-962e-4965-a78f-dd05d36c2479,37.65607,-119.325316
2021-11-10,8392,eff6d097-962e-4965-a78f-dd05d36c2479,37.65607,-119.325316
2021-11-11,7349,eff6d097-962e-4965-a78f-dd05d36c2479,37.65607,-119.325316
2021-11-12,6692,eff6d097-962e-4965-a78f-dd05d36c2479,37.65607,-119.325316
2021-11-13,7263,eff6d097-962e-4965-a78f-dd05d36c2479,37.65607,-119.325316
2021-11-14,5858,eff6d097-962e-4965-a78f-dd05d36c2479,37.65607,-119.325316
2021-11-15,3345,eff6d097-962e-4965-a78f-dd05d36c2479,37.65607,-119.325316
2021-11-16,3816,eff6d097-962e-4965-a78f-dd05d36c2479,37.65607,-119.325316
2021-11-17,7781,eff6d097-962e-4965-a78f-dd05d36c2479,37.65607,-119.325316
2021-11-18,2053,eff6d097-962e-4965-a78f-dd05d36c2479,37.65607,-119.325316
2021-11-19,2649,eff6d097-962e-4965-a78f-dd05d36c2479,37.65607,-119.325316
2021-11-20,5643,eff6d097-962e-4965-a78f-dd05d36c2479,37.65607,-119.325316
2021-11-21,5302,eff6d097-962e-4965-a78f-dd05d36c2479,37.65607,-119.325316
2021-11-22,5954,eff6d097-962e-4965-a78f-dd05d36c2479,37.65607,-119.325316
2021-11-23,3658,eff6d097-962e-4965-a78f-dd05d36c2479,37.65607,-119.325316
2021-11-24,6530,eff6d097-962e-4965-a78f-dd05d36c2479,37.65607,-119.325316
2021-11-25,4729,eff6d097-962e-4965-a78f-dd05d36c2479,37.65607,-119.325316
2021-11-26,4209,eff6d097-962e-4965-a78f-dd05d36c2479,37.65607,-119.325316
2021-11-27,5104,eff6d097-962e-4965-a78f-dd05d36c2479,37.65607,-119.325316
2021-11-28,5286,eff6d097-962e-4965-a78f-dd05d36c2479,37.65607,-119.325316
2021-11-29,5610,eff6d097-962e-4965-a78f-dd05d36c2479,37.65607,-119.325316
2021-11-30,3182,eff6d097-962e-4965-a78f-dd05d36c2479,37.65607,-119.325316
2021-12-01,6455,eff6d097-962e-4965-a78f-dd05d36c2479,37.65607,-119.325316
2021-12-02,2599,eff6d097-962e-4965-a78f-dd05d36c2479,37.65607,-119.325316
2021-12-03,6361,eff6d097-962e-4965-a78f-dd05d36c2479,37.65607,-119.325316
2021-12-04,4751,eff6d097-962e-4965-a78f-dd05d36c2479,37.65607,-119.325316
2021-12-05,4420,eff6d097-962e-4965-a78f-dd05d36c2479,37.65607,-119.325316
2021-12-06,1991,eff6d097-962e-4965-a78f-dd05d36c2479,37.65607,-119.325316
2021-12-07,4569,eff6d097-962e-4965-a78f-dd05d36c2479,37.65607,-119.325316
2021-12-08,5482,eff6d097-962e-4965-a78f-dd05d36c2479,37.65607,-119.325316
2021-12-09,1665,eff6d097-962e-4965-a78f-dd05d36c2479,37.65607,-119.325316
2021-12-10,7218,eff6d097-962e-4965-a78f-dd05d36c2479,37.65607,-119.325316
2021-12-11,5309,eff6d097-962e-4965-a78f-dd05d36c2479,37.65607,-119.325316
2021-12-12,4796,eff6d097-962e-4965-a78f-dd05d36c2479,37.65607,-119.325316
2021-12-13,2837,eff6d097-962e-4965-a78f-dd05d36c2479,37.65607,-119.325316
2021-12-14,4563,eff6d097-962e-4965-a78f-dd05d36c2479,37.65607,-119.325316
2021-12-15,6311,eff6d097-962e-4965-a78f-dd05d36c2479,37.65607,-119.325316
2021-12-16,5417,eff6d097-962e-4965-a78f-dd05d36c2479,37.65607,-119.325316
2021-12-17,7454,eff6d097-962e-4965-a78f-dd05d36c2479,37.65607,-119.325316
2021-12-18,5460,eff6d097-962e-4965-a78f-dd05d36c2479,37.65607,-119.325316
2021-12-19,7503,eff6d097-962e-4965-a78f-dd05d36c2479,37.65607,-119.325316
2021-12-20,6319,eff6d097-962e-4965-a78f-dd05d36c2479,37.65607,-119.325316
2021-12-21,7694,eff6d097-962e-4965-a78f-dd05d36c2479,37.65607,-119.325316
2021-12-22,2639,eff6d097-962e-4965-a78f-dd05d36c2479,37.65607,-119.325316
2021-12-23,4201,eff6d097-962e-4965-a78f-dd05d36c2479,37.65607,-119.325316
2021-12-24,5377,eff6d097-962e-4965-a78f-dd05d36c2479,37.65607,-119.325316
2021-12-25,1528,eff6d097-962e-4965-a78f-dd05d36c2479,37.65607,-119.325316
2021-12-26,6025,eff6d097-962e-4965-a78f-dd05d36c2479,37.65607,-119.325316
2021-12-27,2733,eff6d097-962e-4965-a78f-dd05d36c2479,37.65607,-119.325316
2021-12-28,6119,eff6d097-962e-4965-a78f-dd05d36c2479,37.65607,-119.325316
2021-12-29,1806,eff6d097-962e-4965-a78f-dd05d36c2479,37.65607,-119.325316
2021-12-30,6806,eff6d097-962e-4965-a78f-dd05d36c2479,37.65607,-119.325316
