date,mod10a1_ndsi,cell_id,latitude,longitude
2020-01-01,3171.218390804598,ee652dff-cce7-49c2-ac40-c9f6e6025e09,47.904329000000004,-123.7809595
2020-01-02,4129.458492975734,ee652dff-cce7-49c2-ac40-c9f6e6025e09,47.904329000000004,-123.7809595
2020-01-03,3139.611749680716,ee652dff-cce7-49c2-ac40-c9f6e6025e09,47.904329000000004,-123.7809595
2020-01-04,3229.5747126436786,ee652dff-cce7-49c2-ac40-c9f6e6025e09,47.904329000000004,-123.7809595
2020-01-05,1695.0715197956579,ee652dff-cce7-49c2-ac40-c9f6e6025e09,47.904329000000004,-123.7809595
2020-01-06,3741.1954022988502,ee652dff-cce7-49c2-ac40-c9f6e6025e09,47.904329000000004,-123.7809595
2020-01-07,3422.8659003831426,ee652dff-cce7-49c2-ac40-c9f6e6025e09,47.904329000000004,-123.7809595
2020-01-08,2506.4904214559383,ee652dff-cce7-49c2-ac40-c9f6e6025e09,47.904329000000004,-123.7809595
2020-01-09,5453.415070242657,ee652dff-cce7-49c2-ac40-c9f6e6025e09,47.904329000000004,-123.7809595
2020-01-10,1241.9169859514689,ee652dff-cce7-49c2-ac40-c9f6e6025e09,47.904329000000004,-123.7809595
2020-01-11,2761.275862068966,ee652dff-cce7-49c2-ac40-c9f6e6025e09,47.904329000000004,-123.7809595
2020-01-12,5287.628352490422,ee652dff-cce7-49c2-ac40-c9f6e6025e09,47.904329000000004,-123.7809595
2020-01-13,3849.4457215836537,ee652dff-cce7-49c2-ac40-c9f6e6025e09,47.904329000000004,-123.7809595
2020-01-14,957.2860791826308,ee652dff-cce7-49c2-ac40-c9f6e6025e09,47.904329000000004,-123.7809595
2020-01-15,3633.49680715198,ee652dff-cce7-49c2-ac40-c9f6e6025e09,47.904329000000004,-123.7809595
2020-01-16,925.6577266922096,ee652dff-cce7-49c2-ac40-c9f6e6025e09,47.904329000000004,-123.7809595
2020-01-17,6162.498084291189,ee652dff-cce7-49c2-ac40-c9f6e6025e09,47.904329000000004,-123.7809595
2020-01-18,3913.9054916985947,ee652dff-cce7-49c2-ac40-c9f6e6025e09,47.904329000000004,-123.7809595
2020-01-19,914.7931034482759,ee652dff-cce7-49c2-ac40-c9f6e6025e09,47.904329000000004,-123.7809595
2020-01-20,553.4048531289911,ee652dff-cce7-49c2-ac40-c9f6e6025e09,47.904329000000004,-123.7809595
2020-01-21,4874.306513409962,ee652dff-cce7-49c2-ac40-c9f6e6025e09,47.904329000000004,-123.7809595
2020-01-22,4766.9578544061305,ee652dff-cce7-49c2-ac40-c9f6e6025e09,47.904329000000004,-123.7809595
2020-01-23,3630.92337164751,ee652dff-cce7-49c2-ac40-c9f6e6025e09,47.904329000000004,-123.7809595
2020-01-24,5364.791826309068,ee652dff-cce7-49c2-ac40-c9f6e6025e09,47.904329000000004,-123.7809595
2020-01-25,8889.500638569605,ee652dff-cce7-49c2-ac40-c9f6e6025e09,47.904329000000004,-123.7809595
2020-01-26,3155.2056194125157,ee652dff-cce7-49c2-ac40-c9f6e6025e09,47.904329000000004,-123.7809595
2020-01-27,6540.128991060026,ee652dff-cce7-49c2-ac40-c9f6e6025e09,47.904329000000004,-123.7809595
2020-01-28,6180.540229885059,ee652dff-cce7-49c2-ac40-c9f6e6025e09,47.904329000000004,-123.7809595
2020-01-29,4297.605363984675,ee652dff-cce7-49c2-ac40-c9f6e6025e09,47.904329000000004,-123.7809595
2020-01-30,2586.1890166028097,ee652dff-cce7-49c2-ac40-c9f6e6025e09,47.904329000000004,-123.7809595
2020-01-31,3655.332056194125,ee652dff-cce7-49c2-ac40-c9f6e6025e09,47.904329000000004,-123.7809595
2020-02-01,3874.270753512133,ee652dff-cce7-49c2-ac40-c9f6e6025e09,47.904329000000004,-123.7809595
2020-02-02,4758.856960408685,ee652dff-cce7-49c2-ac40-c9f6e6025e09,47.904329000000004,-123.7809595
2020-02-03,6826.613026819924,ee652dff-cce7-49c2-ac40-c9f6e6025e09,47.904329000000004,-123.7809595
2020-02-04,2572.0459770114944,ee652dff-cce7-49c2-ac40-c9f6e6025e09,47.904329000000004,-123.7809595
2020-02-05,4575.181353767562,ee652dff-cce7-49c2-ac40-c9f6e6025e09,47.904329000000004,-123.7809595
2020-02-06,2707.3192848020435,ee652dff-cce7-49c2-ac40-c9f6e6025e09,47.904329000000004,-123.7809595
2020-02-07,3135.1366538952752,ee652dff-cce7-49c2-ac40-c9f6e6025e09,47.904329000000004,-123.7809595
2020-02-08,4587.335887611751,ee652dff-cce7-49c2-ac40-c9f6e6025e09,47.904329000000004,-123.7809595
2020-02-09,7685.954022988507,ee652dff-cce7-49c2-ac40-c9f6e6025e09,47.904329000000004,-123.7809595
2020-02-10,8141.454661558111,ee652dff-cce7-49c2-ac40-c9f6e6025e09,47.904329000000004,-123.7809595
2020-02-11,1657.3461047254152,ee652dff-cce7-49c2-ac40-c9f6e6025e09,47.904329000000004,-123.7809595
2020-02-12,8713.78416347382,ee652dff-cce7-49c2-ac40-c9f6e6025e09,47.904329000000004,-123.7809595
2020-02-13,1684.6155810983398,ee652dff-cce7-49c2-ac40-c9f6e6025e09,47.904329000000004,-123.7809595
2020-02-14,3127.356321839081,ee652dff-cce7-49c2-ac40-c9f6e6025e09,47.904329000000004,-123.7809595
2020-02-15,2351.1545338441892,ee652dff-cce7-49c2-ac40-c9f6e6025e09,47.904329000000004,-123.7809595
2020-02-16,4230.858237547894,ee652dff-cce7-49c2-ac40-c9f6e6025e09,47.904329000000004,-123.7809595
2020-02-17,7016.16858237548,ee652dff-cce7-49c2-ac40-c9f6e6025e09,47.904329000000004,-123.7809595
2020-02-18,7896.5453384418915,ee652dff-cce7-49c2-ac40-c9f6e6025e09,47.904329000000004,-123.7809595
2020-02-19,8572.00766283525,ee652dff-cce7-49c2-ac40-c9f6e6025e09,47.904329000000004,-123.7809595
2020-02-20,7472.79054916986,ee652dff-cce7-49c2-ac40-c9f6e6025e09,47.904329000000004,-123.7809595
2020-02-21,6160.284802043424,ee652dff-cce7-49c2-ac40-c9f6e6025e09,47.904329000000004,-123.7809595
2020-02-22,3206.394636015326,ee652dff-cce7-49c2-ac40-c9f6e6025e09,47.904329000000004,-123.7809595
2020-02-23,4719.749680715199,ee652dff-cce7-49c2-ac40-c9f6e6025e09,47.904329000000004,-123.7809595
2020-02-24,1626.8518518518522,ee652dff-cce7-49c2-ac40-c9f6e6025e09,47.904329000000004,-123.7809595
2020-02-25,791.9348659003833,ee652dff-cce7-49c2-ac40-c9f6e6025e09,47.904329000000004,-123.7809595
2020-02-26,8588.365261813538,ee652dff-cce7-49c2-ac40-c9f6e6025e09,47.904329000000004,-123.7809595
2020-02-27,6209.892720306513,ee652dff-cce7-49c2-ac40-c9f6e6025e09,47.904329000000004,-123.7809595
2020-02-28,3277.653895274585,ee652dff-cce7-49c2-ac40-c9f6e6025e09,47.904329000000004,-123.7809595
2020-02-29,3139.68582375479,ee652dff-cce7-49c2-ac40-c9f6e6025e09,47.904329000000004,-123.7809595
2020-03-01,5369.407407407408,ee652dff-cce7-49c2-ac40-c9f6e6025e09,47.904329000000004,-123.7809595
2020-03-02,1958.4406130268198,ee652dff-cce7-49c2-ac40-c9f6e6025e09,47.904329000000004,-123.7809595
2020-03-03,478.3997445721584,ee652dff-cce7-49c2-ac40-c9f6e6025e09,47.904329000000004,-123.7809595
2020-03-04,6077.2426564495545,ee652dff-cce7-49c2-ac40-c9f6e6025e09,47.904329000000004,-123.7809595
2020-03-05,2533.4929757343552,ee652dff-cce7-49c2-ac40-c9f6e6025e09,47.904329000000004,-123.7809595
2020-03-06,7091.1941251596445,ee652dff-cce7-49c2-ac40-c9f6e6025e09,47.904329000000004,-123.7809595
2020-03-07,2834.2196679438057,ee652dff-cce7-49c2-ac40-c9f6e6025e09,47.904329000000004,-123.7809595
2020-03-08,6038.01404853129,ee652dff-cce7-49c2-ac40-c9f6e6025e09,47.904329000000004,-123.7809595
2020-03-09,7887.022988505749,ee652dff-cce7-49c2-ac40-c9f6e6025e09,47.904329000000004,-123.7809595
2020-03-10,3362.038314176246,ee652dff-cce7-49c2-ac40-c9f6e6025e09,47.904329000000004,-123.7809595
2020-03-11,5564.01404853129,ee652dff-cce7-49c2-ac40-c9f6e6025e09,47.904329000000004,-123.7809595
2020-03-12,3446.765006385697,ee652dff-cce7-49c2-ac40-c9f6e6025e09,47.904329000000004,-123.7809595
2020-03-13,4494.3320561941255,ee652dff-cce7-49c2-ac40-c9f6e6025e09,47.904329000000004,-123.7809595
2020-03-14,4865.144316730524,ee652dff-cce7-49c2-ac40-c9f6e6025e09,47.904329000000004,-123.7809595
2020-03-15,8209.068965517243,ee652dff-cce7-49c2-ac40-c9f6e6025e09,47.904329000000004,-123.7809595
2020-03-16,8168.914431673054,ee652dff-cce7-49c2-ac40-c9f6e6025e09,47.904329000000004,-123.7809595
2020-03-17,4342.289910600256,ee652dff-cce7-49c2-ac40-c9f6e6025e09,47.904329000000004,-123.7809595
2020-03-18,8609.90932311622,ee652dff-cce7-49c2-ac40-c9f6e6025e09,47.904329000000004,-123.7809595
2020-03-19,8349.166028097063,ee652dff-cce7-49c2-ac40-c9f6e6025e09,47.904329000000004,-123.7809595
2020-03-20,9098.44061302682,ee652dff-cce7-49c2-ac40-c9f6e6025e09,47.904329000000004,-123.7809595
2020-03-21,8322.816091954024,ee652dff-cce7-49c2-ac40-c9f6e6025e09,47.904329000000004,-123.7809595
2020-03-22,3849.9923371647515,ee652dff-cce7-49c2-ac40-c9f6e6025e09,47.904329000000004,-123.7809595
2020-03-23,2176.4814814814818,ee652dff-cce7-49c2-ac40-c9f6e6025e09,47.904329000000004,-123.7809595
2020-03-24,4308.533844189017,ee652dff-cce7-49c2-ac40-c9f6e6025e09,47.904329000000004,-123.7809595
2020-03-25,5773.477650063857,ee652dff-cce7-49c2-ac40-c9f6e6025e09,47.904329000000004,-123.7809595
2020-03-26,1830.7535121328228,ee652dff-cce7-49c2-ac40-c9f6e6025e09,47.904329000000004,-123.7809595
2020-03-27,2143.922094508301,ee652dff-cce7-49c2-ac40-c9f6e6025e09,47.904329000000004,-123.7809595
2020-03-28,3818.6334610472545,ee652dff-cce7-49c2-ac40-c9f6e6025e09,47.904329000000004,-123.7809595
2020-03-29,2376.7879948914438,ee652dff-cce7-49c2-ac40-c9f6e6025e09,47.904329000000004,-123.7809595
2020-03-30,4403.518518518519,ee652dff-cce7-49c2-ac40-c9f6e6025e09,47.904329000000004,-123.7809595
2020-03-31,2941.3703703703704,ee652dff-cce7-49c2-ac40-c9f6e6025e09,47.904329000000004,-123.7809595
2020-04-01,3440.2962962962965,ee652dff-cce7-49c2-ac40-c9f6e6025e09,47.904329000000004,-123.7809595
2020-04-02,3879.3435504469985,ee652dff-cce7-49c2-ac40-c9f6e6025e09,47.904329000000004,-123.7809595
2020-04-03,2862.680715197957,ee652dff-cce7-49c2-ac40-c9f6e6025e09,47.904329000000004,-123.7809595
2020-04-04,3736.5938697318,ee652dff-cce7-49c2-ac40-c9f6e6025e09,47.904329000000004,-123.7809595
2020-04-05,2572.5083014048532,ee652dff-cce7-49c2-ac40-c9f6e6025e09,47.904329000000004,-123.7809595
2020-04-06,4010.015325670498,ee652dff-cce7-49c2-ac40-c9f6e6025e09,47.904329000000004,-123.7809595
2020-04-07,9106.303959131546,ee652dff-cce7-49c2-ac40-c9f6e6025e09,47.904329000000004,-123.7809595
2020-04-08,8459.809706257984,ee652dff-cce7-49c2-ac40-c9f6e6025e09,47.904329000000004,-123.7809595
2020-04-09,8971.910600255429,ee652dff-cce7-49c2-ac40-c9f6e6025e09,47.904329000000004,-123.7809595
2020-04-10,7198.134099616859,ee652dff-cce7-49c2-ac40-c9f6e6025e09,47.904329000000004,-123.7809595
2020-04-11,5764.333333333334,ee652dff-cce7-49c2-ac40-c9f6e6025e09,47.904329000000004,-123.7809595
2020-04-12,9008.722860791828,ee652dff-cce7-49c2-ac40-c9f6e6025e09,47.904329000000004,-123.7809595
2020-04-13,8196.72796934866,ee652dff-cce7-49c2-ac40-c9f6e6025e09,47.904329000000004,-123.7809595
2020-04-14,9114.232439335889,ee652dff-cce7-49c2-ac40-c9f6e6025e09,47.904329000000004,-123.7809595
2020-04-15,8433.256704980844,ee652dff-cce7-49c2-ac40-c9f6e6025e09,47.904329000000004,-123.7809595
2020-04-16,8979.02937420179,ee652dff-cce7-49c2-ac40-c9f6e6025e09,47.904329000000004,-123.7809595
2020-04-17,3588.4853128991062,ee652dff-cce7-49c2-ac40-c9f6e6025e09,47.904329000000004,-123.7809595
2020-04-18,1463.9284802043423,ee652dff-cce7-49c2-ac40-c9f6e6025e09,47.904329000000004,-123.7809595
2020-04-19,5320.701149425288,ee652dff-cce7-49c2-ac40-c9f6e6025e09,47.904329000000004,-123.7809595
2020-04-20,1829.9923371647515,ee652dff-cce7-49c2-ac40-c9f6e6025e09,47.904329000000004,-123.7809595
2020-04-21,2952.7931034482763,ee652dff-cce7-49c2-ac40-c9f6e6025e09,47.904329000000004,-123.7809595
2020-04-22,6032.600255427842,ee652dff-cce7-49c2-ac40-c9f6e6025e09,47.904329000000004,-123.7809595
2020-04-23,2188.213282247765,ee652dff-cce7-49c2-ac40-c9f6e6025e09,47.904329000000004,-123.7809595
2020-04-24,1125.02809706258,ee652dff-cce7-49c2-ac40-c9f6e6025e09,47.904329000000004,-123.7809595
2020-04-25,2513.956577266922,ee652dff-cce7-49c2-ac40-c9f6e6025e09,47.904329000000004,-123.7809595
2020-04-26,4083.1340996168587,ee652dff-cce7-49c2-ac40-c9f6e6025e09,47.904329000000004,-123.7809595
2020-04-27,6161.730523627075,ee652dff-cce7-49c2-ac40-c9f6e6025e09,47.904329000000004,-123.7809595
2020-04-28,3474.607918263091,ee652dff-cce7-49c2-ac40-c9f6e6025e09,47.904329000000004,-123.7809595
2020-04-29,2626.263090676884,ee652dff-cce7-49c2-ac40-c9f6e6025e09,47.904329000000004,-123.7809595
2020-04-30,2351.7139208173694,ee652dff-cce7-49c2-ac40-c9f6e6025e09,47.904329000000004,-123.7809595
2020-05-01,-93.97956577266923,ee652dff-cce7-49c2-ac40-c9f6e6025e09,47.904329000000004,-123.7809595
2020-05-02,5587.499361430396,ee652dff-cce7-49c2-ac40-c9f6e6025e09,47.904329000000004,-123.7809595
2020-05-03,2726.727969348659,ee652dff-cce7-49c2-ac40-c9f6e6025e09,47.904329000000004,-123.7809595
2020-05-04,5142.900383141763,ee652dff-cce7-49c2-ac40-c9f6e6025e09,47.904329000000004,-123.7809595
2020-05-05,7940.23754789272,ee652dff-cce7-49c2-ac40-c9f6e6025e09,47.904329000000004,-123.7809595
2020-05-06,5909.487867177523,ee652dff-cce7-49c2-ac40-c9f6e6025e09,47.904329000000004,-123.7809595
2020-05-07,8821.905491698597,ee652dff-cce7-49c2-ac40-c9f6e6025e09,47.904329000000004,-123.7809595
2020-05-08,8373.079182630909,ee652dff-cce7-49c2-ac40-c9f6e6025e09,47.904329000000004,-123.7809595
2020-05-09,8434.02681992337,ee652dff-cce7-49c2-ac40-c9f6e6025e09,47.904329000000004,-123.7809595
2020-05-10,8329.957854406131,ee652dff-cce7-49c2-ac40-c9f6e6025e09,47.904329000000004,-123.7809595
2020-05-11,1335.4559386973183,ee652dff-cce7-49c2-ac40-c9f6e6025e09,47.904329000000004,-123.7809595
2020-05-12,1045.7688378033208,ee652dff-cce7-49c2-ac40-c9f6e6025e09,47.904329000000004,-123.7809595
2020-05-13,2700.685823754789,ee652dff-cce7-49c2-ac40-c9f6e6025e09,47.904329000000004,-123.7809595
2020-05-14,4424.16091954023,ee652dff-cce7-49c2-ac40-c9f6e6025e09,47.904329000000004,-123.7809595
2020-05-15,1452.1264367816093,ee652dff-cce7-49c2-ac40-c9f6e6025e09,47.904329000000004,-123.7809595
2020-05-16,5775.189016602811,ee652dff-cce7-49c2-ac40-c9f6e6025e09,47.904329000000004,-123.7809595
2020-05-17,2540.9527458492976,ee652dff-cce7-49c2-ac40-c9f6e6025e09,47.904329000000004,-123.7809595
2020-05-18,6389.57343550447,ee652dff-cce7-49c2-ac40-c9f6e6025e09,47.904329000000004,-123.7809595
2020-05-19,2210.2515964240106,ee652dff-cce7-49c2-ac40-c9f6e6025e09,47.904329000000004,-123.7809595
2020-05-20,2208.9514687100896,ee652dff-cce7-49c2-ac40-c9f6e6025e09,47.904329000000004,-123.7809595
2020-05-21,6141.885057471265,ee652dff-cce7-49c2-ac40-c9f6e6025e09,47.904329000000004,-123.7809595
2020-05-22,2888.5977011494256,ee652dff-cce7-49c2-ac40-c9f6e6025e09,47.904329000000004,-123.7809595
2020-05-23,1561.6679438058752,ee652dff-cce7-49c2-ac40-c9f6e6025e09,47.904329000000004,-123.7809595
2020-05-24,1329.8352490421455,ee652dff-cce7-49c2-ac40-c9f6e6025e09,47.904329000000004,-123.7809595
2020-05-25,5367.346104725417,ee652dff-cce7-49c2-ac40-c9f6e6025e09,47.904329000000004,-123.7809595
2020-05-26,4356.439335887612,ee652dff-cce7-49c2-ac40-c9f6e6025e09,47.904329000000004,-123.7809595
2020-05-27,8426.83908045977,ee652dff-cce7-49c2-ac40-c9f6e6025e09,47.904329000000004,-123.7809595
2020-05-28,7838.330779054919,ee652dff-cce7-49c2-ac40-c9f6e6025e09,47.904329000000004,-123.7809595
2020-05-29,4897.802043422735,ee652dff-cce7-49c2-ac40-c9f6e6025e09,47.904329000000004,-123.7809595
2020-05-30,4550.77650063857,ee652dff-cce7-49c2-ac40-c9f6e6025e09,47.904329000000004,-123.7809595
2020-05-31,1286.8467432950192,ee652dff-cce7-49c2-ac40-c9f6e6025e09,47.904329000000004,-123.7809595
2020-06-01,3313.8518518518517,ee652dff-cce7-49c2-ac40-c9f6e6025e09,47.904329000000004,-123.7809595
2020-06-02,2075.007662835249,ee652dff-cce7-49c2-ac40-c9f6e6025e09,47.904329000000004,-123.7809595
2020-06-03,3002.430395913155,ee652dff-cce7-49c2-ac40-c9f6e6025e09,47.904329000000004,-123.7809595
2020-06-04,3043.512132822478,ee652dff-cce7-49c2-ac40-c9f6e6025e09,47.904329000000004,-123.7809595
2020-06-05,2481.5606641123886,ee652dff-cce7-49c2-ac40-c9f6e6025e09,47.904329000000004,-123.7809595
2020-06-06,4463.2988505747135,ee652dff-cce7-49c2-ac40-c9f6e6025e09,47.904329000000004,-123.7809595
2020-06-07,2282.302681992337,ee652dff-cce7-49c2-ac40-c9f6e6025e09,47.904329000000004,-123.7809595
2020-06-08,1741.3780332056199,ee652dff-cce7-49c2-ac40-c9f6e6025e09,47.904329000000004,-123.7809595
2020-06-09,2041.7637292464883,ee652dff-cce7-49c2-ac40-c9f6e6025e09,47.904329000000004,-123.7809595
2020-06-10,2002.9067688378034,ee652dff-cce7-49c2-ac40-c9f6e6025e09,47.904329000000004,-123.7809595
2020-06-11,1092.9463601532568,ee652dff-cce7-49c2-ac40-c9f6e6025e09,47.904329000000004,-123.7809595
2020-06-12,1636.657726692209,ee652dff-cce7-49c2-ac40-c9f6e6025e09,47.904329000000004,-123.7809595
2020-06-13,1504.6117496807155,ee652dff-cce7-49c2-ac40-c9f6e6025e09,47.904329000000004,-123.7809595
2020-06-14,1539.9412515964245,ee652dff-cce7-49c2-ac40-c9f6e6025e09,47.904329000000004,-123.7809595
2020-06-15,2367.564495530013,ee652dff-cce7-49c2-ac40-c9f6e6025e09,47.904329000000004,-123.7809595
2020-06-16,1714.0204342273312,ee652dff-cce7-49c2-ac40-c9f6e6025e09,47.904329000000004,-123.7809595
2020-06-17,4308.579821200511,ee652dff-cce7-49c2-ac40-c9f6e6025e09,47.904329000000004,-123.7809595
2020-06-18,3904.619412515965,ee652dff-cce7-49c2-ac40-c9f6e6025e09,47.904329000000004,-123.7809595
2020-06-19,1898.572158365262,ee652dff-cce7-49c2-ac40-c9f6e6025e09,47.904329000000004,-123.7809595
2020-06-20,2963.812260536399,ee652dff-cce7-49c2-ac40-c9f6e6025e09,47.904329000000004,-123.7809595
2020-06-21,1586.2222222222224,ee652dff-cce7-49c2-ac40-c9f6e6025e09,47.904329000000004,-123.7809595
2020-06-22,6761.297573435506,ee652dff-cce7-49c2-ac40-c9f6e6025e09,47.904329000000004,-123.7809595
2020-06-23,284.85057471264366,ee652dff-cce7-49c2-ac40-c9f6e6025e09,47.904329000000004,-123.7809595
2020-06-24,2103.582375478927,ee652dff-cce7-49c2-ac40-c9f6e6025e09,47.904329000000004,-123.7809595
2020-06-25,5134.0191570881225,ee652dff-cce7-49c2-ac40-c9f6e6025e09,47.904329000000004,-123.7809595
2020-06-26,2786.030651340996,ee652dff-cce7-49c2-ac40-c9f6e6025e09,47.904329000000004,-123.7809595
2020-06-27,889.2630906768838,ee652dff-cce7-49c2-ac40-c9f6e6025e09,47.904329000000004,-123.7809595
2020-06-28,2390.366538952746,ee652dff-cce7-49c2-ac40-c9f6e6025e09,47.904329000000004,-123.7809595
2020-06-29,3393.0229885057483,ee652dff-cce7-49c2-ac40-c9f6e6025e09,47.904329000000004,-123.7809595
2020-06-30,908.0383141762452,ee652dff-cce7-49c2-ac40-c9f6e6025e09,47.904329000000004,-123.7809595
2020-07-01,640.9412515964241,ee652dff-cce7-49c2-ac40-c9f6e6025e09,47.904329000000004,-123.7809595
2020-07-02,793.4980842911878,ee652dff-cce7-49c2-ac40-c9f6e6025e09,47.904329000000004,-123.7809595
2020-07-03,3717.9054916985956,ee652dff-cce7-49c2-ac40-c9f6e6025e09,47.904329000000004,-123.7809595
2020-07-04,714.17496807152,ee652dff-cce7-49c2-ac40-c9f6e6025e09,47.904329000000004,-123.7809595
2020-07-05,1126.3167305236273,ee652dff-cce7-49c2-ac40-c9f6e6025e09,47.904329000000004,-123.7809595
2020-07-06,708.771392081737,ee652dff-cce7-49c2-ac40-c9f6e6025e09,47.904329000000004,-123.7809595
2020-07-07,2387.197956577267,ee652dff-cce7-49c2-ac40-c9f6e6025e09,47.904329000000004,-123.7809595
2020-07-08,515.5708812260538,ee652dff-cce7-49c2-ac40-c9f6e6025e09,47.904329000000004,-123.7809595
2020-07-09,434.4010217113665,ee652dff-cce7-49c2-ac40-c9f6e6025e09,47.904329000000004,-123.7809595
2020-07-10,526.8135376756068,ee652dff-cce7-49c2-ac40-c9f6e6025e09,47.904329000000004,-123.7809595
2020-07-11,4164.143039591316,ee652dff-cce7-49c2-ac40-c9f6e6025e09,47.904329000000004,-123.7809595
2020-07-12,523.6257982120052,ee652dff-cce7-49c2-ac40-c9f6e6025e09,47.904329000000004,-123.7809595
2020-07-13,238.60408684546616,ee652dff-cce7-49c2-ac40-c9f6e6025e09,47.904329000000004,-123.7809595
2020-07-14,1529.7432950191574,ee652dff-cce7-49c2-ac40-c9f6e6025e09,47.904329000000004,-123.7809595
2020-07-15,1317.5453384418904,ee652dff-cce7-49c2-ac40-c9f6e6025e09,47.904329000000004,-123.7809595
2020-07-16,-257.5197956577268,ee652dff-cce7-49c2-ac40-c9f6e6025e09,47.904329000000004,-123.7809595
2020-07-17,761.6066411238827,ee652dff-cce7-49c2-ac40-c9f6e6025e09,47.904329000000004,-123.7809595
2020-07-18,124.51596424010218,ee652dff-cce7-49c2-ac40-c9f6e6025e09,47.904329000000004,-123.7809595
2020-07-19,431.24393358876125,ee652dff-cce7-49c2-ac40-c9f6e6025e09,47.904329000000004,-123.7809595
2020-07-20,79.8544061302682,ee652dff-cce7-49c2-ac40-c9f6e6025e09,47.904329000000004,-123.7809595
2020-07-21,-1294.8671775223502,ee652dff-cce7-49c2-ac40-c9f6e6025e09,47.904329000000004,-123.7809595
2020-07-22,147.98850574712648,ee652dff-cce7-49c2-ac40-c9f6e6025e09,47.904329000000004,-123.7809595
2020-07-23,-656.6309067688378,ee652dff-cce7-49c2-ac40-c9f6e6025e09,47.904329000000004,-123.7809595
2020-07-24,846.2490421455938,ee652dff-cce7-49c2-ac40-c9f6e6025e09,47.904329000000004,-123.7809595
2020-07-25,-1248.1085568326948,ee652dff-cce7-49c2-ac40-c9f6e6025e09,47.904329000000004,-123.7809595
2020-07-26,-1298.3333333333335,ee652dff-cce7-49c2-ac40-c9f6e6025e09,47.904329000000004,-123.7809595
2020-07-27,-1278.0906768837804,ee652dff-cce7-49c2-ac40-c9f6e6025e09,47.904329000000004,-123.7809595
2020-07-28,-2215.4508301404853,ee652dff-cce7-49c2-ac40-c9f6e6025e09,47.904329000000004,-123.7809595
2020-07-29,-1419.5453384418906,ee652dff-cce7-49c2-ac40-c9f6e6025e09,47.904329000000004,-123.7809595
2020-07-30,-2880.100893997446,ee652dff-cce7-49c2-ac40-c9f6e6025e09,47.904329000000004,-123.7809595
2020-07-31,-911.5453384418903,ee652dff-cce7-49c2-ac40-c9f6e6025e09,47.904329000000004,-123.7809595
2020-08-01,-2468.675606641124,ee652dff-cce7-49c2-ac40-c9f6e6025e09,47.904329000000004,-123.7809595
2020-08-02,-106.16985951468713,ee652dff-cce7-49c2-ac40-c9f6e6025e09,47.904329000000004,-123.7809595
2020-08-03,849.8850574712645,ee652dff-cce7-49c2-ac40-c9f6e6025e09,47.904329000000004,-123.7809595
2020-08-04,-47.58365261813537,ee652dff-cce7-49c2-ac40-c9f6e6025e09,47.904329000000004,-123.7809595
2020-08-05,-987.1060025542785,ee652dff-cce7-49c2-ac40-c9f6e6025e09,47.904329000000004,-123.7809595
2020-08-06,1331.7816091954026,ee652dff-cce7-49c2-ac40-c9f6e6025e09,47.904329000000004,-123.7809595
2020-08-07,471.40613026819926,ee652dff-cce7-49c2-ac40-c9f6e6025e09,47.904329000000004,-123.7809595
2020-08-08,453.9412515964241,ee652dff-cce7-49c2-ac40-c9f6e6025e09,47.904329000000004,-123.7809595
2020-08-09,-2330.0919540229884,ee652dff-cce7-49c2-ac40-c9f6e6025e09,47.904329000000004,-123.7809595
2020-08-10,-2200.461047254151,ee652dff-cce7-49c2-ac40-c9f6e6025e09,47.904329000000004,-123.7809595
2020-08-11,-1606.7956577266928,ee652dff-cce7-49c2-ac40-c9f6e6025e09,47.904329000000004,-123.7809595
2020-08-12,-430.26309067688385,ee652dff-cce7-49c2-ac40-c9f6e6025e09,47.904329000000004,-123.7809595
2020-08-13,-2772.931034482759,ee652dff-cce7-49c2-ac40-c9f6e6025e09,47.904329000000004,-123.7809595
2020-08-14,-1566.521072796935,ee652dff-cce7-49c2-ac40-c9f6e6025e09,47.904329000000004,-123.7809595
2020-08-15,-2903.089399744572,ee652dff-cce7-49c2-ac40-c9f6e6025e09,47.904329000000004,-123.7809595
2020-08-16,-2246.485312899106,ee652dff-cce7-49c2-ac40-c9f6e6025e09,47.904329000000004,-123.7809595
2020-08-17,-2785.369093231163,ee652dff-cce7-49c2-ac40-c9f6e6025e09,47.904329000000004,-123.7809595
2020-08-18,-2320.8441890166027,ee652dff-cce7-49c2-ac40-c9f6e6025e09,47.904329000000004,-123.7809595
2020-08-19,-1175.4125159642401,ee652dff-cce7-49c2-ac40-c9f6e6025e09,47.904329000000004,-123.7809595
2020-08-20,1788.123882503193,ee652dff-cce7-49c2-ac40-c9f6e6025e09,47.904329000000004,-123.7809595
2020-08-21,3284.4393358876127,ee652dff-cce7-49c2-ac40-c9f6e6025e09,47.904329000000004,-123.7809595
2020-08-22,36.127713920817385,ee652dff-cce7-49c2-ac40-c9f6e6025e09,47.904329000000004,-123.7809595
2020-08-23,-690.7024265644955,ee652dff-cce7-49c2-ac40-c9f6e6025e09,47.904329000000004,-123.7809595
2020-08-24,-2052.79054916986,ee652dff-cce7-49c2-ac40-c9f6e6025e09,47.904329000000004,-123.7809595
2020-08-25,-76.85568326947637,ee652dff-cce7-49c2-ac40-c9f6e6025e09,47.904329000000004,-123.7809595
2020-08-26,-2471.8850574712646,ee652dff-cce7-49c2-ac40-c9f6e6025e09,47.904329000000004,-123.7809595
2020-08-27,-2721.457215836526,ee652dff-cce7-49c2-ac40-c9f6e6025e09,47.904329000000004,-123.7809595
2020-08-28,-2228.7739463601533,ee652dff-cce7-49c2-ac40-c9f6e6025e09,47.904329000000004,-123.7809595
2020-08-29,-2928.0395913154543,ee652dff-cce7-49c2-ac40-c9f6e6025e09,47.904329000000004,-123.7809595
2020-08-30,-1432.049808429119,ee652dff-cce7-49c2-ac40-c9f6e6025e09,47.904329000000004,-123.7809595
2020-08-31,-1891.779054916986,ee652dff-cce7-49c2-ac40-c9f6e6025e09,47.904329000000004,-123.7809595
2020-09-01,-2215.5606641123886,ee652dff-cce7-49c2-ac40-c9f6e6025e09,47.904329000000004,-123.7809595
2020-09-02,-2625.561941251596,ee652dff-cce7-49c2-ac40-c9f6e6025e09,47.904329000000004,-123.7809595
2020-09-03,-2697.5415070242657,ee652dff-cce7-49c2-ac40-c9f6e6025e09,47.904329000000004,-123.7809595
2020-09-04,107.29629629629629,ee652dff-cce7-49c2-ac40-c9f6e6025e09,47.904329000000004,-123.7809595
2020-09-05,-1913.7241379310346,ee652dff-cce7-49c2-ac40-c9f6e6025e09,47.904329000000004,-123.7809595
2020-09-06,-1358.2273307790551,ee652dff-cce7-49c2-ac40-c9f6e6025e09,47.904329000000004,-123.7809595
2020-09-07,-1893.4431673052363,ee652dff-cce7-49c2-ac40-c9f6e6025e09,47.904329000000004,-123.7809595
2020-09-08,-1848.6730523627077,ee652dff-cce7-49c2-ac40-c9f6e6025e09,47.904329000000004,-123.7809595
2020-09-09,-3027.1570881226053,ee652dff-cce7-49c2-ac40-c9f6e6025e09,47.904329000000004,-123.7809595
2020-09-10,-2113.012771392082,ee652dff-cce7-49c2-ac40-c9f6e6025e09,47.904329000000004,-123.7809595
2020-09-11,-2732.1787994891447,ee652dff-cce7-49c2-ac40-c9f6e6025e09,47.904329000000004,-123.7809595
2020-09-12,1928.195402298851,ee652dff-cce7-49c2-ac40-c9f6e6025e09,47.904329000000004,-123.7809595
2020-09-13,1007.1826309067688,ee652dff-cce7-49c2-ac40-c9f6e6025e09,47.904329000000004,-123.7809595
2020-09-14,-1768.6756066411244,ee652dff-cce7-49c2-ac40-c9f6e6025e09,47.904329000000004,-123.7809595
2020-09-15,543.3665389527458,ee652dff-cce7-49c2-ac40-c9f6e6025e09,47.904329000000004,-123.7809595
2020-09-16,873.8339719029376,ee652dff-cce7-49c2-ac40-c9f6e6025e09,47.904329000000004,-123.7809595
2020-09-17,3391.0063856960414,ee652dff-cce7-49c2-ac40-c9f6e6025e09,47.904329000000004,-123.7809595
2020-09-18,1790.1698595146872,ee652dff-cce7-49c2-ac40-c9f6e6025e09,47.904329000000004,-123.7809595
2020-09-19,2935.357598978289,ee652dff-cce7-49c2-ac40-c9f6e6025e09,47.904329000000004,-123.7809595
2020-09-20,791.0178799489146,ee652dff-cce7-49c2-ac40-c9f6e6025e09,47.904329000000004,-123.7809595
2020-09-21,1567.273307790549,ee652dff-cce7-49c2-ac40-c9f6e6025e09,47.904329000000004,-123.7809595
2020-09-22,119.54789272030652,ee652dff-cce7-49c2-ac40-c9f6e6025e09,47.904329000000004,-123.7809595
2020-09-23,4243.643678160919,ee652dff-cce7-49c2-ac40-c9f6e6025e09,47.904329000000004,-123.7809595
2020-09-24,5596.698595146871,ee652dff-cce7-49c2-ac40-c9f6e6025e09,47.904329000000004,-123.7809595
2020-09-25,3610.2911877394636,ee652dff-cce7-49c2-ac40-c9f6e6025e09,47.904329000000004,-123.7809595
2020-09-26,3320.381864623244,ee652dff-cce7-49c2-ac40-c9f6e6025e09,47.904329000000004,-123.7809595
2020-09-27,-509.7547892720307,ee652dff-cce7-49c2-ac40-c9f6e6025e09,47.904329000000004,-123.7809595
2020-09-28,-2807.5146871008947,ee652dff-cce7-49c2-ac40-c9f6e6025e09,47.904329000000004,-123.7809595
2020-09-29,-1915.249042145594,ee652dff-cce7-49c2-ac40-c9f6e6025e09,47.904329000000004,-123.7809595
2020-09-30,-1698.0523627075352,ee652dff-cce7-49c2-ac40-c9f6e6025e09,47.904329000000004,-123.7809595
2020-10-01,1986.6615581098345,ee652dff-cce7-49c2-ac40-c9f6e6025e09,47.904329000000004,-123.7809595
2020-10-02,-2673.0766283524904,ee652dff-cce7-49c2-ac40-c9f6e6025e09,47.904329000000004,-123.7809595
2020-10-03,-1341.1366538952748,ee652dff-cce7-49c2-ac40-c9f6e6025e09,47.904329000000004,-123.7809595
2020-10-04,-2340.425287356322,ee652dff-cce7-49c2-ac40-c9f6e6025e09,47.904329000000004,-123.7809595
2020-10-05,-2822.057471264368,ee652dff-cce7-49c2-ac40-c9f6e6025e09,47.904329000000004,-123.7809595
2020-10-06,-2178.64367816092,ee652dff-cce7-49c2-ac40-c9f6e6025e09,47.904329000000004,-123.7809595
2020-10-07,-2900.1941251596427,ee652dff-cce7-49c2-ac40-c9f6e6025e09,47.904329000000004,-123.7809595
2020-10-08,994.3639846743297,ee652dff-cce7-49c2-ac40-c9f6e6025e09,47.904329000000004,-123.7809595
2020-10-09,3035.019157088123,ee652dff-cce7-49c2-ac40-c9f6e6025e09,47.904329000000004,-123.7809595
2020-10-10,2082.091954022989,ee652dff-cce7-49c2-ac40-c9f6e6025e09,47.904329000000004,-123.7809595
2020-10-11,5440.883780332056,ee652dff-cce7-49c2-ac40-c9f6e6025e09,47.904329000000004,-123.7809595
2020-10-12,-671.9310344827587,ee652dff-cce7-49c2-ac40-c9f6e6025e09,47.904329000000004,-123.7809595
2020-10-13,3686.8761174968076,ee652dff-cce7-49c2-ac40-c9f6e6025e09,47.904329000000004,-123.7809595
2020-10-14,1298.542784163474,ee652dff-cce7-49c2-ac40-c9f6e6025e09,47.904329000000004,-123.7809595
2020-10-15,631.4035759897829,ee652dff-cce7-49c2-ac40-c9f6e6025e09,47.904329000000004,-123.7809595
2020-10-16,1985.2477650063859,ee652dff-cce7-49c2-ac40-c9f6e6025e09,47.904329000000004,-123.7809595
2020-10-17,1254.1353767560663,ee652dff-cce7-49c2-ac40-c9f6e6025e09,47.904329000000004,-123.7809595
2020-10-18,3050.5798212005107,ee652dff-cce7-49c2-ac40-c9f6e6025e09,47.904329000000004,-123.7809595
2020-10-19,1457.1060025542788,ee652dff-cce7-49c2-ac40-c9f6e6025e09,47.904329000000004,-123.7809595
2020-10-20,-1000.5747126436783,ee652dff-cce7-49c2-ac40-c9f6e6025e09,47.904329000000004,-123.7809595
2020-10-21,1879.2311621966794,ee652dff-cce7-49c2-ac40-c9f6e6025e09,47.904329000000004,-123.7809595
2020-10-22,-175.10089399744575,ee652dff-cce7-49c2-ac40-c9f6e6025e09,47.904329000000004,-123.7809595
2020-10-23,1343.7100893997447,ee652dff-cce7-49c2-ac40-c9f6e6025e09,47.904329000000004,-123.7809595
2020-10-24,261.448275862069,ee652dff-cce7-49c2-ac40-c9f6e6025e09,47.904329000000004,-123.7809595
2020-10-25,-1488.114942528736,ee652dff-cce7-49c2-ac40-c9f6e6025e09,47.904329000000004,-123.7809595
2020-10-26,-72.5683269476373,ee652dff-cce7-49c2-ac40-c9f6e6025e09,47.904329000000004,-123.7809595
2020-10-27,810.8429118773946,ee652dff-cce7-49c2-ac40-c9f6e6025e09,47.904329000000004,-123.7809595
2020-10-28,-191.57088122605367,ee652dff-cce7-49c2-ac40-c9f6e6025e09,47.904329000000004,-123.7809595
2020-10-29,743.0268199233717,ee652dff-cce7-49c2-ac40-c9f6e6025e09,47.904329000000004,-123.7809595
2020-10-30,2712.5593869731806,ee652dff-cce7-49c2-ac40-c9f6e6025e09,47.904329000000004,-123.7809595
2020-10-31,71.25159642401022,ee652dff-cce7-49c2-ac40-c9f6e6025e09,47.904329000000004,-123.7809595
2020-11-01,-3141.3473818646235,ee652dff-cce7-49c2-ac40-c9f6e6025e09,47.904329000000004,-123.7809595
2020-11-02,104.37931034482759,ee652dff-cce7-49c2-ac40-c9f6e6025e09,47.904329000000004,-123.7809595
2020-11-03,5727.164750957855,ee652dff-cce7-49c2-ac40-c9f6e6025e09,47.904329000000004,-123.7809595
2020-11-04,2575.7049808429124,ee652dff-cce7-49c2-ac40-c9f6e6025e09,47.904329000000004,-123.7809595
2020-11-05,5484.203065134102,ee652dff-cce7-49c2-ac40-c9f6e6025e09,47.904329000000004,-123.7809595
2020-11-06,3359.1060025542783,ee652dff-cce7-49c2-ac40-c9f6e6025e09,47.904329000000004,-123.7809595
2020-11-07,1316.3895274584931,ee652dff-cce7-49c2-ac40-c9f6e6025e09,47.904329000000004,-123.7809595
2020-11-08,154.0855683269476,ee652dff-cce7-49c2-ac40-c9f6e6025e09,47.904329000000004,-123.7809595
2020-11-09,3341.4112388250323,ee652dff-cce7-49c2-ac40-c9f6e6025e09,47.904329000000004,-123.7809595
2020-11-10,4985.5836526181365,ee652dff-cce7-49c2-ac40-c9f6e6025e09,47.904329000000004,-123.7809595
2020-11-11,3701.651340996169,ee652dff-cce7-49c2-ac40-c9f6e6025e09,47.904329000000004,-123.7809595
2020-11-12,2176.2975734355045,ee652dff-cce7-49c2-ac40-c9f6e6025e09,47.904329000000004,-123.7809595
2020-11-13,4744.197956577266,ee652dff-cce7-49c2-ac40-c9f6e6025e09,47.904329000000004,-123.7809595
2020-11-14,4697.766283524905,ee652dff-cce7-49c2-ac40-c9f6e6025e09,47.904329000000004,-123.7809595
2020-11-15,3161.393358876117,ee652dff-cce7-49c2-ac40-c9f6e6025e09,47.904329000000004,-123.7809595
2020-11-16,3989.7343550447,ee652dff-cce7-49c2-ac40-c9f6e6025e09,47.904329000000004,-123.7809595
2020-11-17,4740.312899106003,ee652dff-cce7-49c2-ac40-c9f6e6025e09,47.904329000000004,-123.7809595
2020-11-18,2556.845466155811,ee652dff-cce7-49c2-ac40-c9f6e6025e09,47.904329000000004,-123.7809595
2020-11-19,2865.54533844189,ee652dff-cce7-49c2-ac40-c9f6e6025e09,47.904329000000004,-123.7809595
2020-11-20,2020.0510855683272,ee652dff-cce7-49c2-ac40-c9f6e6025e09,47.904329000000004,-123.7809595
2020-11-21,8871.19667943806,ee652dff-cce7-49c2-ac40-c9f6e6025e09,47.904329000000004,-123.7809595
2020-11-22,4068.4291187739464,ee652dff-cce7-49c2-ac40-c9f6e6025e09,47.904329000000004,-123.7809595
2020-11-23,2691.416347381865,ee652dff-cce7-49c2-ac40-c9f6e6025e09,47.904329000000004,-123.7809595
2020-11-24,4017.068965517242,ee652dff-cce7-49c2-ac40-c9f6e6025e09,47.904329000000004,-123.7809595
2020-11-25,3190.745849297574,ee652dff-cce7-49c2-ac40-c9f6e6025e09,47.904329000000004,-123.7809595
2020-11-26,6997.772669220946,ee652dff-cce7-49c2-ac40-c9f6e6025e09,47.904329000000004,-123.7809595
2020-11-27,2012.874840357599,ee652dff-cce7-49c2-ac40-c9f6e6025e09,47.904329000000004,-123.7809595
2020-11-28,8022.799489144317,ee652dff-cce7-49c2-ac40-c9f6e6025e09,47.904329000000004,-123.7809595
2020-11-30,3575.190293742018,ee652dff-cce7-49c2-ac40-c9f6e6025e09,47.904329000000004,-123.7809595
2020-12-01,7422.781609195404,ee652dff-cce7-49c2-ac40-c9f6e6025e09,47.904329000000004,-123.7809595
2020-12-02,7722.6960408684545,ee652dff-cce7-49c2-ac40-c9f6e6025e09,47.904329000000004,-123.7809595
2020-12-03,4442.99361430396,ee652dff-cce7-49c2-ac40-c9f6e6025e09,47.904329000000004,-123.7809595
2020-12-04,8199.326947637293,ee652dff-cce7-49c2-ac40-c9f6e6025e09,47.904329000000004,-123.7809595
2020-12-05,6665.702426564497,ee652dff-cce7-49c2-ac40-c9f6e6025e09,47.904329000000004,-123.7809595
2020-12-06,2880.5606641123886,ee652dff-cce7-49c2-ac40-c9f6e6025e09,47.904329000000004,-123.7809595
2020-12-08,853.4265644955301,ee652dff-cce7-49c2-ac40-c9f6e6025e09,47.904329000000004,-123.7809595
2020-12-09,2921.9374201787996,ee652dff-cce7-49c2-ac40-c9f6e6025e09,47.904329000000004,-123.7809595
2020-12-11,4699.610472541508,ee652dff-cce7-49c2-ac40-c9f6e6025e09,47.904329000000004,-123.7809595
2020-12-12,7271.232439335888,ee652dff-cce7-49c2-ac40-c9f6e6025e09,47.904329000000004,-123.7809595
2020-12-13,3421.4699872286087,ee652dff-cce7-49c2-ac40-c9f6e6025e09,47.904329000000004,-123.7809595
2020-12-14,4869.513409961687,ee652dff-cce7-49c2-ac40-c9f6e6025e09,47.904329000000004,-123.7809595
2020-12-15,4011.3818646232444,ee652dff-cce7-49c2-ac40-c9f6e6025e09,47.904329000000004,-123.7809595
2020-12-16,2765.763729246488,ee652dff-cce7-49c2-ac40-c9f6e6025e09,47.904329000000004,-123.7809595
2020-12-17,4536.941251596424,ee652dff-cce7-49c2-ac40-c9f6e6025e09,47.904329000000004,-123.7809595
2020-12-18,1935.491698595147,ee652dff-cce7-49c2-ac40-c9f6e6025e09,47.904329000000004,-123.7809595
2020-12-19,4149.602809706258,ee652dff-cce7-49c2-ac40-c9f6e6025e09,47.904329000000004,-123.7809595
2020-12-20,2338.4853128991062,ee652dff-cce7-49c2-ac40-c9f6e6025e09,47.904329000000004,-123.7809595
2020-12-22,6685.79054916986,ee652dff-cce7-49c2-ac40-c9f6e6025e09,47.904329000000004,-123.7809595
2020-12-23,7294.595146871009,ee652dff-cce7-49c2-ac40-c9f6e6025e09,47.904329000000004,-123.7809595
2020-12-25,3452.7190293742024,ee652dff-cce7-49c2-ac40-c9f6e6025e09,47.904329000000004,-123.7809595
2020-12-26,2871.1200510855683,ee652dff-cce7-49c2-ac40-c9f6e6025e09,47.904329000000004,-123.7809595
2020-12-27,3054.6858237547895,ee652dff-cce7-49c2-ac40-c9f6e6025e09,47.904329000000004,-123.7809595
2020-12-28,8155.386973180077,ee652dff-cce7-49c2-ac40-c9f6e6025e09,47.904329000000004,-123.7809595
2020-12-29,1345.3678160919542,ee652dff-cce7-49c2-ac40-c9f6e6025e09,47.904329000000004,-123.7809595
2020-12-30,1858.33588761175,ee652dff-cce7-49c2-ac40-c9f6e6025e09,47.904329000000004,-123.7809595
2020-12-31,2468.108556832695,ee652dff-cce7-49c2-ac40-c9f6e6025e09,47.904329000000004,-123.7809595
2021-01-02,4065.1902937420186,ee652dff-cce7-49c2-ac40-c9f6e6025e09,47.904329000000004,-123.7809595
2021-01-03,4809.833971902937,ee652dff-cce7-49c2-ac40-c9f6e6025e09,47.904329000000004,-123.7809595
2021-01-05,3100.4980842911887,ee652dff-cce7-49c2-ac40-c9f6e6025e09,47.904329000000004,-123.7809595
2021-01-06,6422.076628352491,ee652dff-cce7-49c2-ac40-c9f6e6025e09,47.904329000000004,-123.7809595
2021-01-08,3771.9948914431675,ee652dff-cce7-49c2-ac40-c9f6e6025e09,47.904329000000004,-123.7809595
2021-01-09,1078.5478927203064,ee652dff-cce7-49c2-ac40-c9f6e6025e09,47.904329000000004,-123.7809595
2021-01-10,1489.7522349936146,ee652dff-cce7-49c2-ac40-c9f6e6025e09,47.904329000000004,-123.7809595
2021-01-11,3790.6845466155814,ee652dff-cce7-49c2-ac40-c9f6e6025e09,47.904329000000004,-123.7809595
2021-01-12,1324.7739463601533,ee652dff-cce7-49c2-ac40-c9f6e6025e09,47.904329000000004,-123.7809595
2021-01-13,3673.845466155811,ee652dff-cce7-49c2-ac40-c9f6e6025e09,47.904329000000004,-123.7809595
2021-01-14,4573.065134099617,ee652dff-cce7-49c2-ac40-c9f6e6025e09,47.904329000000004,-123.7809595
2021-01-15,8627.758620689656,ee652dff-cce7-49c2-ac40-c9f6e6025e09,47.904329000000004,-123.7809595
2021-01-16,2837.2477650063856,ee652dff-cce7-49c2-ac40-c9f6e6025e09,47.904329000000004,-123.7809595
2021-01-17,3893.3754789272034,ee652dff-cce7-49c2-ac40-c9f6e6025e09,47.904329000000004,-123.7809595
2021-01-18,7915.513409961685,ee652dff-cce7-49c2-ac40-c9f6e6025e09,47.904329000000004,-123.7809595
2021-01-19,6625.051085568327,ee652dff-cce7-49c2-ac40-c9f6e6025e09,47.904329000000004,-123.7809595
2021-01-20,1264.2349936143041,ee652dff-cce7-49c2-ac40-c9f6e6025e09,47.904329000000004,-123.7809595
2021-01-21,669.6066411238826,ee652dff-cce7-49c2-ac40-c9f6e6025e09,47.904329000000004,-123.7809595
2021-01-22,6876.404853128992,ee652dff-cce7-49c2-ac40-c9f6e6025e09,47.904329000000004,-123.7809595
2021-01-23,7398.328224776501,ee652dff-cce7-49c2-ac40-c9f6e6025e09,47.904329000000004,-123.7809595
2021-01-24,4304.6347381864625,ee652dff-cce7-49c2-ac40-c9f6e6025e09,47.904329000000004,-123.7809595
2021-01-25,5652.177522349936,ee652dff-cce7-49c2-ac40-c9f6e6025e09,47.904329000000004,-123.7809595
2021-01-26,2766.2375478927206,ee652dff-cce7-49c2-ac40-c9f6e6025e09,47.904329000000004,-123.7809595
2021-01-27,6539.9782886334615,ee652dff-cce7-49c2-ac40-c9f6e6025e09,47.904329000000004,-123.7809595
2021-01-28,1087.704980842912,ee652dff-cce7-49c2-ac40-c9f6e6025e09,47.904329000000004,-123.7809595
2021-01-29,5028.687100893998,ee652dff-cce7-49c2-ac40-c9f6e6025e09,47.904329000000004,-123.7809595
2021-01-30,3063.3639846743295,ee652dff-cce7-49c2-ac40-c9f6e6025e09,47.904329000000004,-123.7809595
2021-01-31,4652.743295019158,ee652dff-cce7-49c2-ac40-c9f6e6025e09,47.904329000000004,-123.7809595
2021-02-01,3620.961685823755,ee652dff-cce7-49c2-ac40-c9f6e6025e09,47.904329000000004,-123.7809595
2021-02-02,5819.445721583654,ee652dff-cce7-49c2-ac40-c9f6e6025e09,47.904329000000004,-123.7809595
2021-02-03,7492.578544061304,ee652dff-cce7-49c2-ac40-c9f6e6025e09,47.904329000000004,-123.7809595
2021-02-04,852.9438058748402,ee652dff-cce7-49c2-ac40-c9f6e6025e09,47.904329000000004,-123.7809595
2021-02-05,8414.988505747127,ee652dff-cce7-49c2-ac40-c9f6e6025e09,47.904329000000004,-123.7809595
2021-02-06,1975.8505747126437,ee652dff-cce7-49c2-ac40-c9f6e6025e09,47.904329000000004,-123.7809595
2021-02-07,1791.865900383142,ee652dff-cce7-49c2-ac40-c9f6e6025e09,47.904329000000004,-123.7809595
2021-02-08,1371.3844189016604,ee652dff-cce7-49c2-ac40-c9f6e6025e09,47.904329000000004,-123.7809595
2021-02-09,7961.960408684547,ee652dff-cce7-49c2-ac40-c9f6e6025e09,47.904329000000004,-123.7809595
2021-02-10,2617.862068965517,ee652dff-cce7-49c2-ac40-c9f6e6025e09,47.904329000000004,-123.7809595
2021-02-11,3291.859514687101,ee652dff-cce7-49c2-ac40-c9f6e6025e09,47.904329000000004,-123.7809595
2021-02-12,3254.3818646232444,ee652dff-cce7-49c2-ac40-c9f6e6025e09,47.904329000000004,-123.7809595
2021-02-13,1883.0,ee652dff-cce7-49c2-ac40-c9f6e6025e09,47.904329000000004,-123.7809595
2021-02-14,4729.095785440613,ee652dff-cce7-49c2-ac40-c9f6e6025e09,47.904329000000004,-123.7809595
2021-02-15,2135.0689655172414,ee652dff-cce7-49c2-ac40-c9f6e6025e09,47.904329000000004,-123.7809595
2021-02-16,4348.224776500639,ee652dff-cce7-49c2-ac40-c9f6e6025e09,47.904329000000004,-123.7809595
2021-02-17,7298.579821200512,ee652dff-cce7-49c2-ac40-c9f6e6025e09,47.904329000000004,-123.7809595
2021-02-18,1938.6832694763732,ee652dff-cce7-49c2-ac40-c9f6e6025e09,47.904329000000004,-123.7809595
2021-02-19,3177.766283524905,ee652dff-cce7-49c2-ac40-c9f6e6025e09,47.904329000000004,-123.7809595
2021-02-20,2126.8020434227333,ee652dff-cce7-49c2-ac40-c9f6e6025e09,47.904329000000004,-123.7809595
2021-02-21,4688.656449553002,ee652dff-cce7-49c2-ac40-c9f6e6025e09,47.904329000000004,-123.7809595
2021-02-22,2954.4968071519793,ee652dff-cce7-49c2-ac40-c9f6e6025e09,47.904329000000004,-123.7809595
2021-02-23,3195.33588761175,ee652dff-cce7-49c2-ac40-c9f6e6025e09,47.904329000000004,-123.7809595
2021-02-24,3979.1047254150703,ee652dff-cce7-49c2-ac40-c9f6e6025e09,47.904329000000004,-123.7809595
2021-02-25,2771.772669220945,ee652dff-cce7-49c2-ac40-c9f6e6025e09,47.904329000000004,-123.7809595
2021-02-26,2347.535121328225,ee652dff-cce7-49c2-ac40-c9f6e6025e09,47.904329000000004,-123.7809595
2021-02-27,5029.192848020434,ee652dff-cce7-49c2-ac40-c9f6e6025e09,47.904329000000004,-123.7809595
2021-02-28,2884.375478927204,ee652dff-cce7-49c2-ac40-c9f6e6025e09,47.904329000000004,-123.7809595
2021-03-01,8554.533844189018,ee652dff-cce7-49c2-ac40-c9f6e6025e09,47.904329000000004,-123.7809595
2021-03-02,4076.490421455939,ee652dff-cce7-49c2-ac40-c9f6e6025e09,47.904329000000004,-123.7809595
2021-03-03,6511.977011494254,ee652dff-cce7-49c2-ac40-c9f6e6025e09,47.904329000000004,-123.7809595
2021-03-04,3414.297573435505,ee652dff-cce7-49c2-ac40-c9f6e6025e09,47.904329000000004,-123.7809595
2021-03-05,6445.141762452109,ee652dff-cce7-49c2-ac40-c9f6e6025e09,47.904329000000004,-123.7809595
2021-03-06,2428.5363984674336,ee652dff-cce7-49c2-ac40-c9f6e6025e09,47.904329000000004,-123.7809595
2021-03-07,5230.84035759898,ee652dff-cce7-49c2-ac40-c9f6e6025e09,47.904329000000004,-123.7809595
2021-03-08,6839.228607918263,ee652dff-cce7-49c2-ac40-c9f6e6025e09,47.904329000000004,-123.7809595
2021-03-09,3920.25925925926,ee652dff-cce7-49c2-ac40-c9f6e6025e09,47.904329000000004,-123.7809595
2021-03-10,4747.343550446999,ee652dff-cce7-49c2-ac40-c9f6e6025e09,47.904329000000004,-123.7809595
2021-03-11,7607.794380587484,ee652dff-cce7-49c2-ac40-c9f6e6025e09,47.904329000000004,-123.7809595
2021-03-12,7778.471264367817,ee652dff-cce7-49c2-ac40-c9f6e6025e09,47.904329000000004,-123.7809595
2021-03-13,7030.750957854407,ee652dff-cce7-49c2-ac40-c9f6e6025e09,47.904329000000004,-123.7809595
2021-03-14,5037.551724137931,ee652dff-cce7-49c2-ac40-c9f6e6025e09,47.904329000000004,-123.7809595
2021-03-15,6125.305236270755,ee652dff-cce7-49c2-ac40-c9f6e6025e09,47.904329000000004,-123.7809595
2021-03-16,6602.467432950191,ee652dff-cce7-49c2-ac40-c9f6e6025e09,47.904329000000004,-123.7809595
2021-03-17,5064.598978288634,ee652dff-cce7-49c2-ac40-c9f6e6025e09,47.904329000000004,-123.7809595
2021-03-18,5839.180076628353,ee652dff-cce7-49c2-ac40-c9f6e6025e09,47.904329000000004,-123.7809595
2021-03-19,4856.872286079183,ee652dff-cce7-49c2-ac40-c9f6e6025e09,47.904329000000004,-123.7809595
2021-03-20,3733.3742017879954,ee652dff-cce7-49c2-ac40-c9f6e6025e09,47.904329000000004,-123.7809595
2021-03-21,2968.561941251597,ee652dff-cce7-49c2-ac40-c9f6e6025e09,47.904329000000004,-123.7809595
2021-03-22,2704.3971902937424,ee652dff-cce7-49c2-ac40-c9f6e6025e09,47.904329000000004,-123.7809595
2021-03-23,7746.924648786718,ee652dff-cce7-49c2-ac40-c9f6e6025e09,47.904329000000004,-123.7809595
2021-03-24,2840.2630906768836,ee652dff-cce7-49c2-ac40-c9f6e6025e09,47.904329000000004,-123.7809595
2021-03-25,5320.3269476372925,ee652dff-cce7-49c2-ac40-c9f6e6025e09,47.904329000000004,-123.7809595
2021-03-26,2088.0,ee652dff-cce7-49c2-ac40-c9f6e6025e09,47.904329000000004,-123.7809595
2021-03-27,9096.885057471263,ee652dff-cce7-49c2-ac40-c9f6e6025e09,47.904329000000004,-123.7809595
2021-03-28,4204.040868454662,ee652dff-cce7-49c2-ac40-c9f6e6025e09,47.904329000000004,-123.7809595
2021-03-29,5464.020434227331,ee652dff-cce7-49c2-ac40-c9f6e6025e09,47.904329000000004,-123.7809595
2021-03-30,7908.787994891444,ee652dff-cce7-49c2-ac40-c9f6e6025e09,47.904329000000004,-123.7809595
2021-03-31,8310.44061302682,ee652dff-cce7-49c2-ac40-c9f6e6025e09,47.904329000000004,-123.7809595
2021-04-01,8425.74074074074,ee652dff-cce7-49c2-ac40-c9f6e6025e09,47.904329000000004,-123.7809595
2021-04-02,2330.4380587484034,ee652dff-cce7-49c2-ac40-c9f6e6025e09,47.904329000000004,-123.7809595
2021-04-03,3114.3690932311624,ee652dff-cce7-49c2-ac40-c9f6e6025e09,47.904329000000004,-123.7809595
2021-04-04,3892.4584929757343,ee652dff-cce7-49c2-ac40-c9f6e6025e09,47.904329000000004,-123.7809595
2021-04-05,7891.277139208174,ee652dff-cce7-49c2-ac40-c9f6e6025e09,47.904329000000004,-123.7809595
2021-04-06,8054.43422733078,ee652dff-cce7-49c2-ac40-c9f6e6025e09,47.904329000000004,-123.7809595
2021-04-07,1829.765006385696,ee652dff-cce7-49c2-ac40-c9f6e6025e09,47.904329000000004,-123.7809595
2021-04-08,2801.107279693487,ee652dff-cce7-49c2-ac40-c9f6e6025e09,47.904329000000004,-123.7809595
2021-04-09,1680.3665389527462,ee652dff-cce7-49c2-ac40-c9f6e6025e09,47.904329000000004,-123.7809595
2021-04-10,2076.7854406130273,ee652dff-cce7-49c2-ac40-c9f6e6025e09,47.904329000000004,-123.7809595
2021-04-11,1303.01404853129,ee652dff-cce7-49c2-ac40-c9f6e6025e09,47.904329000000004,-123.7809595
2021-04-12,8679.602809706257,ee652dff-cce7-49c2-ac40-c9f6e6025e09,47.904329000000004,-123.7809595
2021-04-13,8510.279693486591,ee652dff-cce7-49c2-ac40-c9f6e6025e09,47.904329000000004,-123.7809595
2021-04-14,8747.660280970627,ee652dff-cce7-49c2-ac40-c9f6e6025e09,47.904329000000004,-123.7809595
2021-04-15,9198.111111111111,ee652dff-cce7-49c2-ac40-c9f6e6025e09,47.904329000000004,-123.7809595
2021-04-16,8592.431673052362,ee652dff-cce7-49c2-ac40-c9f6e6025e09,47.904329000000004,-123.7809595
2021-04-17,9441.890166028097,ee652dff-cce7-49c2-ac40-c9f6e6025e09,47.904329000000004,-123.7809595
2021-04-18,8498.660280970627,ee652dff-cce7-49c2-ac40-c9f6e6025e09,47.904329000000004,-123.7809595
2021-04-19,7760.509578544063,ee652dff-cce7-49c2-ac40-c9f6e6025e09,47.904329000000004,-123.7809595
2021-04-20,8909.83908045977,ee652dff-cce7-49c2-ac40-c9f6e6025e09,47.904329000000004,-123.7809595
2021-04-21,9138.46232439336,ee652dff-cce7-49c2-ac40-c9f6e6025e09,47.904329000000004,-123.7809595
2021-04-22,7700.786717752237,ee652dff-cce7-49c2-ac40-c9f6e6025e09,47.904329000000004,-123.7809595
2021-04-23,5254.55938697318,ee652dff-cce7-49c2-ac40-c9f6e6025e09,47.904329000000004,-123.7809595
2021-04-24,5709.507024265646,ee652dff-cce7-49c2-ac40-c9f6e6025e09,47.904329000000004,-123.7809595
2021-04-25,3225.214559386973,ee652dff-cce7-49c2-ac40-c9f6e6025e09,47.904329000000004,-123.7809595
2021-04-26,4416.270753512133,ee652dff-cce7-49c2-ac40-c9f6e6025e09,47.904329000000004,-123.7809595
2021-04-27,2261.2873563218395,ee652dff-cce7-49c2-ac40-c9f6e6025e09,47.904329000000004,-123.7809595
2021-04-28,6521.162196679439,ee652dff-cce7-49c2-ac40-c9f6e6025e09,47.904329000000004,-123.7809595
2021-04-29,5584.2733077905505,ee652dff-cce7-49c2-ac40-c9f6e6025e09,47.904329000000004,-123.7809595
2021-04-30,2422.0510855683274,ee652dff-cce7-49c2-ac40-c9f6e6025e09,47.904329000000004,-123.7809595
2021-05-01,3966.569604086846,ee652dff-cce7-49c2-ac40-c9f6e6025e09,47.904329000000004,-123.7809595
2021-05-02,2967.236270753512,ee652dff-cce7-49c2-ac40-c9f6e6025e09,47.904329000000004,-123.7809595
2021-05-03,3168.7292464878674,ee652dff-cce7-49c2-ac40-c9f6e6025e09,47.904329000000004,-123.7809595
2021-05-04,5721.380587484037,ee652dff-cce7-49c2-ac40-c9f6e6025e09,47.904329000000004,-123.7809595
2021-05-05,5228.375478927204,ee652dff-cce7-49c2-ac40-c9f6e6025e09,47.904329000000004,-123.7809595
2021-05-06,3827.720306513411,ee652dff-cce7-49c2-ac40-c9f6e6025e09,47.904329000000004,-123.7809595
2021-05-07,5386.3141762452115,ee652dff-cce7-49c2-ac40-c9f6e6025e09,47.904329000000004,-123.7809595
2021-05-08,2435.33588761175,ee652dff-cce7-49c2-ac40-c9f6e6025e09,47.904329000000004,-123.7809595
2021-05-09,2580.137931034483,ee652dff-cce7-49c2-ac40-c9f6e6025e09,47.904329000000004,-123.7809595
2021-05-10,1365.1864623243935,ee652dff-cce7-49c2-ac40-c9f6e6025e09,47.904329000000004,-123.7809595
2021-05-11,8220.579821200512,ee652dff-cce7-49c2-ac40-c9f6e6025e09,47.904329000000004,-123.7809595
2021-05-12,2269.740740740741,ee652dff-cce7-49c2-ac40-c9f6e6025e09,47.904329000000004,-123.7809595
2021-05-13,7638.254150702426,ee652dff-cce7-49c2-ac40-c9f6e6025e09,47.904329000000004,-123.7809595
2021-05-14,9015.572158365261,ee652dff-cce7-49c2-ac40-c9f6e6025e09,47.904329000000004,-123.7809595
2021-05-15,8477.080459770115,ee652dff-cce7-49c2-ac40-c9f6e6025e09,47.904329000000004,-123.7809595
2021-05-16,8740.637292464879,ee652dff-cce7-49c2-ac40-c9f6e6025e09,47.904329000000004,-123.7809595
2021-05-17,2821.651340996169,ee652dff-cce7-49c2-ac40-c9f6e6025e09,47.904329000000004,-123.7809595
2021-05-18,4988.7318007662825,ee652dff-cce7-49c2-ac40-c9f6e6025e09,47.904329000000004,-123.7809595
2021-05-19,3831.1443167305238,ee652dff-cce7-49c2-ac40-c9f6e6025e09,47.904329000000004,-123.7809595
2021-05-20,2080.324393358876,ee652dff-cce7-49c2-ac40-c9f6e6025e09,47.904329000000004,-123.7809595
2021-05-21,8179.106002554279,ee652dff-cce7-49c2-ac40-c9f6e6025e09,47.904329000000004,-123.7809595
2021-05-22,8722.992337164751,ee652dff-cce7-49c2-ac40-c9f6e6025e09,47.904329000000004,-123.7809595
2021-05-23,3091.6998722860794,ee652dff-cce7-49c2-ac40-c9f6e6025e09,47.904329000000004,-123.7809595
2021-05-24,4772.840357598979,ee652dff-cce7-49c2-ac40-c9f6e6025e09,47.904329000000004,-123.7809595
2021-05-25,4403.2030651341,ee652dff-cce7-49c2-ac40-c9f6e6025e09,47.904329000000004,-123.7809595
2021-05-26,4361.425287356323,ee652dff-cce7-49c2-ac40-c9f6e6025e09,47.904329000000004,-123.7809595
2021-05-27,5975.228607918264,ee652dff-cce7-49c2-ac40-c9f6e6025e09,47.904329000000004,-123.7809595
2021-05-28,5272.819923371647,ee652dff-cce7-49c2-ac40-c9f6e6025e09,47.904329000000004,-123.7809595
2021-05-29,8276.102171136656,ee652dff-cce7-49c2-ac40-c9f6e6025e09,47.904329000000004,-123.7809595
2021-05-30,5072.379310344829,ee652dff-cce7-49c2-ac40-c9f6e6025e09,47.904329000000004,-123.7809595
2021-05-31,3997.500638569604,ee652dff-cce7-49c2-ac40-c9f6e6025e09,47.904329000000004,-123.7809595
2021-06-01,7911.131545338444,ee652dff-cce7-49c2-ac40-c9f6e6025e09,47.904329000000004,-123.7809595
2021-06-02,8906.107279693488,ee652dff-cce7-49c2-ac40-c9f6e6025e09,47.904329000000004,-123.7809595
2021-06-03,2360.0140485312895,ee652dff-cce7-49c2-ac40-c9f6e6025e09,47.904329000000004,-123.7809595
2021-06-04,2385.4495530012773,ee652dff-cce7-49c2-ac40-c9f6e6025e09,47.904329000000004,-123.7809595
2021-06-05,3737.841634738187,ee652dff-cce7-49c2-ac40-c9f6e6025e09,47.904329000000004,-123.7809595
2021-06-06,6302.2656449553015,ee652dff-cce7-49c2-ac40-c9f6e6025e09,47.904329000000004,-123.7809595
2021-06-07,3300.781609195403,ee652dff-cce7-49c2-ac40-c9f6e6025e09,47.904329000000004,-123.7809595
2021-06-08,1291.0204342273307,ee652dff-cce7-49c2-ac40-c9f6e6025e09,47.904329000000004,-123.7809595
2021-06-09,1660.0830140485314,ee652dff-cce7-49c2-ac40-c9f6e6025e09,47.904329000000004,-123.7809595
2021-06-10,1908.528735632184,ee652dff-cce7-49c2-ac40-c9f6e6025e09,47.904329000000004,-123.7809595
2021-06-11,4589.395913154534,ee652dff-cce7-49c2-ac40-c9f6e6025e09,47.904329000000004,-123.7809595
2021-06-12,7581.6717752235,ee652dff-cce7-49c2-ac40-c9f6e6025e09,47.904329000000004,-123.7809595
2021-06-13,2906.3461047254154,ee652dff-cce7-49c2-ac40-c9f6e6025e09,47.904329000000004,-123.7809595
2021-06-14,2343.8505747126437,ee652dff-cce7-49c2-ac40-c9f6e6025e09,47.904329000000004,-123.7809595
2021-06-15,2578.8288633461048,ee652dff-cce7-49c2-ac40-c9f6e6025e09,47.904329000000004,-123.7809595
2021-06-16,2296.102171136654,ee652dff-cce7-49c2-ac40-c9f6e6025e09,47.904329000000004,-123.7809595
2021-06-17,7779.295019157089,ee652dff-cce7-49c2-ac40-c9f6e6025e09,47.904329000000004,-123.7809595
2021-06-18,6082.6347381864625,ee652dff-cce7-49c2-ac40-c9f6e6025e09,47.904329000000004,-123.7809595
2021-06-19,5513.2886334610475,ee652dff-cce7-49c2-ac40-c9f6e6025e09,47.904329000000004,-123.7809595
2021-06-20,8199.222222222223,ee652dff-cce7-49c2-ac40-c9f6e6025e09,47.904329000000004,-123.7809595
2021-06-21,6885.471264367817,ee652dff-cce7-49c2-ac40-c9f6e6025e09,47.904329000000004,-123.7809595
2021-06-22,6173.128991060027,ee652dff-cce7-49c2-ac40-c9f6e6025e09,47.904329000000004,-123.7809595
2021-06-23,6738.659003831418,ee652dff-cce7-49c2-ac40-c9f6e6025e09,47.904329000000004,-123.7809595
2021-06-24,6406.408684546615,ee652dff-cce7-49c2-ac40-c9f6e6025e09,47.904329000000004,-123.7809595
2021-06-25,6177.748403575991,ee652dff-cce7-49c2-ac40-c9f6e6025e09,47.904329000000004,-123.7809595
2021-06-26,4708.722860791827,ee652dff-cce7-49c2-ac40-c9f6e6025e09,47.904329000000004,-123.7809595
2021-06-27,6141.9323116219675,ee652dff-cce7-49c2-ac40-c9f6e6025e09,47.904329000000004,-123.7809595
2021-06-28,3977.9310344827595,ee652dff-cce7-49c2-ac40-c9f6e6025e09,47.904329000000004,-123.7809595
2021-06-29,2905.9642401021715,ee652dff-cce7-49c2-ac40-c9f6e6025e09,47.904329000000004,-123.7809595
2021-06-30,3738.639846743295,ee652dff-cce7-49c2-ac40-c9f6e6025e09,47.904329000000004,-123.7809595
2021-07-01,1057.360153256705,ee652dff-cce7-49c2-ac40-c9f6e6025e09,47.904329000000004,-123.7809595
2021-07-02,1596.005108556833,ee652dff-cce7-49c2-ac40-c9f6e6025e09,47.904329000000004,-123.7809595
2021-07-03,2390.6819923371645,ee652dff-cce7-49c2-ac40-c9f6e6025e09,47.904329000000004,-123.7809595
2021-07-04,2081.1111111111113,ee652dff-cce7-49c2-ac40-c9f6e6025e09,47.904329000000004,-123.7809595
2021-07-05,2302.6360153256705,ee652dff-cce7-49c2-ac40-c9f6e6025e09,47.904329000000004,-123.7809595
2021-07-06,1652.7037037037042,ee652dff-cce7-49c2-ac40-c9f6e6025e09,47.904329000000004,-123.7809595
2021-07-07,3005.9476372924655,ee652dff-cce7-49c2-ac40-c9f6e6025e09,47.904329000000004,-123.7809595
2021-07-08,-178.34227330779052,ee652dff-cce7-49c2-ac40-c9f6e6025e09,47.904329000000004,-123.7809595
2021-07-09,618.5287356321838,ee652dff-cce7-49c2-ac40-c9f6e6025e09,47.904329000000004,-123.7809595
2021-07-10,-589.6730523627075,ee652dff-cce7-49c2-ac40-c9f6e6025e09,47.904329000000004,-123.7809595
2021-07-11,588.8122605363986,ee652dff-cce7-49c2-ac40-c9f6e6025e09,47.904329000000004,-123.7809595
2021-07-12,-190.01532567049804,ee652dff-cce7-49c2-ac40-c9f6e6025e09,47.904329000000004,-123.7809595
2021-07-13,-507.2745849297575,ee652dff-cce7-49c2-ac40-c9f6e6025e09,47.904329000000004,-123.7809595
2021-07-14,896.8429118773947,ee652dff-cce7-49c2-ac40-c9f6e6025e09,47.904329000000004,-123.7809595
2021-07-15,-1269.3997445721584,ee652dff-cce7-49c2-ac40-c9f6e6025e09,47.904329000000004,-123.7809595
2021-07-16,432.6883780332056,ee652dff-cce7-49c2-ac40-c9f6e6025e09,47.904329000000004,-123.7809595
2021-07-17,721.2592592592595,ee652dff-cce7-49c2-ac40-c9f6e6025e09,47.904329000000004,-123.7809595
2021-07-18,-472.6372924648787,ee652dff-cce7-49c2-ac40-c9f6e6025e09,47.904329000000004,-123.7809595
2021-07-19,-1335.462324393359,ee652dff-cce7-49c2-ac40-c9f6e6025e09,47.904329000000004,-123.7809595
2021-07-20,-177.36143039591317,ee652dff-cce7-49c2-ac40-c9f6e6025e09,47.904329000000004,-123.7809595
2021-07-21,-354.41123882503194,ee652dff-cce7-49c2-ac40-c9f6e6025e09,47.904329000000004,-123.7809595
2021-07-22,-357.7356321839081,ee652dff-cce7-49c2-ac40-c9f6e6025e09,47.904329000000004,-123.7809595
2021-07-23,-443.0383141762452,ee652dff-cce7-49c2-ac40-c9f6e6025e09,47.904329000000004,-123.7809595
2021-07-24,-2446.638569604087,ee652dff-cce7-49c2-ac40-c9f6e6025e09,47.904329000000004,-123.7809595
2021-07-25,-1203.8122605363985,ee652dff-cce7-49c2-ac40-c9f6e6025e09,47.904329000000004,-123.7809595
2021-07-26,-2444.0702426564503,ee652dff-cce7-49c2-ac40-c9f6e6025e09,47.904329000000004,-123.7809595
2021-07-27,-1647.0740740740744,ee652dff-cce7-49c2-ac40-c9f6e6025e09,47.904329000000004,-123.7809595
2021-07-28,-2196.2094508301407,ee652dff-cce7-49c2-ac40-c9f6e6025e09,47.904329000000004,-123.7809595
2021-07-29,-2665.2094508301407,ee652dff-cce7-49c2-ac40-c9f6e6025e09,47.904329000000004,-123.7809595
2021-07-30,-1885.3192848020435,ee652dff-cce7-49c2-ac40-c9f6e6025e09,47.904329000000004,-123.7809595
2021-07-31,609.8876117496809,ee652dff-cce7-49c2-ac40-c9f6e6025e09,47.904329000000004,-123.7809595
2021-08-01,1188.190293742018,ee652dff-cce7-49c2-ac40-c9f6e6025e09,47.904329000000004,-123.7809595
2021-08-02,-2937.2298850574716,ee652dff-cce7-49c2-ac40-c9f6e6025e09,47.904329000000004,-123.7809595
2021-08-03,-2190.7879948914433,ee652dff-cce7-49c2-ac40-c9f6e6025e09,47.904329000000004,-123.7809595
2021-08-04,-2893.131545338442,ee652dff-cce7-49c2-ac40-c9f6e6025e09,47.904329000000004,-123.7809595
2021-08-05,-773.595146871009,ee652dff-cce7-49c2-ac40-c9f6e6025e09,47.904329000000004,-123.7809595
2021-08-06,-1802.7420178799491,ee652dff-cce7-49c2-ac40-c9f6e6025e09,47.904329000000004,-123.7809595
2021-08-07,1431.8263090676887,ee652dff-cce7-49c2-ac40-c9f6e6025e09,47.904329000000004,-123.7809595
2021-08-08,-144.61813537675607,ee652dff-cce7-49c2-ac40-c9f6e6025e09,47.904329000000004,-123.7809595
2021-08-09,-2834.64367816092,ee652dff-cce7-49c2-ac40-c9f6e6025e09,47.904329000000004,-123.7809595
2021-08-10,-2122.2234993614306,ee652dff-cce7-49c2-ac40-c9f6e6025e09,47.904329000000004,-123.7809595
2021-08-11,-3039.108556832695,ee652dff-cce7-49c2-ac40-c9f6e6025e09,47.904329000000004,-123.7809595
2021-08-12,-1184.1200510855685,ee652dff-cce7-49c2-ac40-c9f6e6025e09,47.904329000000004,-123.7809595
2021-08-13,-2308.8812260536397,ee652dff-cce7-49c2-ac40-c9f6e6025e09,47.904329000000004,-123.7809595
2021-08-14,160.36526181353767,ee652dff-cce7-49c2-ac40-c9f6e6025e09,47.904329000000004,-123.7809595
2021-08-15,-535.7164750957855,ee652dff-cce7-49c2-ac40-c9f6e6025e09,47.904329000000004,-123.7809595
2021-08-16,1671.8646232439335,ee652dff-cce7-49c2-ac40-c9f6e6025e09,47.904329000000004,-123.7809595
2021-08-17,643.5504469987229,ee652dff-cce7-49c2-ac40-c9f6e6025e09,47.904329000000004,-123.7809595
2021-08-18,-2690.4125159642404,ee652dff-cce7-49c2-ac40-c9f6e6025e09,47.904329000000004,-123.7809595
2021-08-19,-1603.492975734355,ee652dff-cce7-49c2-ac40-c9f6e6025e09,47.904329000000004,-123.7809595
2021-08-20,-760.0102171136654,ee652dff-cce7-49c2-ac40-c9f6e6025e09,47.904329000000004,-123.7809595
2021-08-21,1109.8429118773947,ee652dff-cce7-49c2-ac40-c9f6e6025e09,47.904329000000004,-123.7809595
2021-08-22,129.92337164750958,ee652dff-cce7-49c2-ac40-c9f6e6025e09,47.904329000000004,-123.7809595
2021-08-23,-1573.0779054916989,ee652dff-cce7-49c2-ac40-c9f6e6025e09,47.904329000000004,-123.7809595
2021-08-24,-1234.6756066411237,ee652dff-cce7-49c2-ac40-c9f6e6025e09,47.904329000000004,-123.7809595
2021-08-25,3068.925925925926,ee652dff-cce7-49c2-ac40-c9f6e6025e09,47.904329000000004,-123.7809595
2021-08-26,2100.4291187739464,ee652dff-cce7-49c2-ac40-c9f6e6025e09,47.904329000000004,-123.7809595
2021-08-27,887.0638569604087,ee652dff-cce7-49c2-ac40-c9f6e6025e09,47.904329000000004,-123.7809595
2021-08-28,-2434.0166028097065,ee652dff-cce7-49c2-ac40-c9f6e6025e09,47.904329000000004,-123.7809595
2021-08-29,-2725.756066411239,ee652dff-cce7-49c2-ac40-c9f6e6025e09,47.904329000000004,-123.7809595
2021-08-30,1794.418901660281,ee652dff-cce7-49c2-ac40-c9f6e6025e09,47.904329000000004,-123.7809595
2021-08-31,1453.9604086845468,ee652dff-cce7-49c2-ac40-c9f6e6025e09,47.904329000000004,-123.7809595
2021-09-01,-2472.5440613026826,ee652dff-cce7-49c2-ac40-c9f6e6025e09,47.904329000000004,-123.7809595
2021-09-02,-1569.6219667943806,ee652dff-cce7-49c2-ac40-c9f6e6025e09,47.904329000000004,-123.7809595
2021-09-03,3053.611749680716,ee652dff-cce7-49c2-ac40-c9f6e6025e09,47.904329000000004,-123.7809595
2021-09-04,112.20561941251599,ee652dff-cce7-49c2-ac40-c9f6e6025e09,47.904329000000004,-123.7809595
2021-09-05,590.2745849297575,ee652dff-cce7-49c2-ac40-c9f6e6025e09,47.904329000000004,-123.7809595
2021-09-06,-2509.005108556833,ee652dff-cce7-49c2-ac40-c9f6e6025e09,47.904329000000004,-123.7809595
2021-09-07,-1609.8505747126435,ee652dff-cce7-49c2-ac40-c9f6e6025e09,47.904329000000004,-123.7809595
2021-09-08,1444.6424010217117,ee652dff-cce7-49c2-ac40-c9f6e6025e09,47.904329000000004,-123.7809595
2021-09-09,-397.7713920817369,ee652dff-cce7-49c2-ac40-c9f6e6025e09,47.904329000000004,-123.7809595
2021-09-10,-705.4789272030652,ee652dff-cce7-49c2-ac40-c9f6e6025e09,47.904329000000004,-123.7809595
2021-09-11,2677.1979565772676,ee652dff-cce7-49c2-ac40-c9f6e6025e09,47.904329000000004,-123.7809595
2021-09-12,960.3742017879948,ee652dff-cce7-49c2-ac40-c9f6e6025e09,47.904329000000004,-123.7809595
2021-09-13,-995.9144316730524,ee652dff-cce7-49c2-ac40-c9f6e6025e09,47.904329000000004,-123.7809595
2021-09-14,2350.0140485312904,ee652dff-cce7-49c2-ac40-c9f6e6025e09,47.904329000000004,-123.7809595
2021-09-15,871.6781609195402,ee652dff-cce7-49c2-ac40-c9f6e6025e09,47.904329000000004,-123.7809595
2021-09-16,-2263.989782886335,ee652dff-cce7-49c2-ac40-c9f6e6025e09,47.904329000000004,-123.7809595
2021-09-17,6461.482758620691,ee652dff-cce7-49c2-ac40-c9f6e6025e09,47.904329000000004,-123.7809595
2021-09-18,545.168582375479,ee652dff-cce7-49c2-ac40-c9f6e6025e09,47.904329000000004,-123.7809595
2021-09-19,3404.374201787996,ee652dff-cce7-49c2-ac40-c9f6e6025e09,47.904329000000004,-123.7809595
2021-09-20,-63.29118773946361,ee652dff-cce7-49c2-ac40-c9f6e6025e09,47.904329000000004,-123.7809595
2021-09-21,-433.632183908046,ee652dff-cce7-49c2-ac40-c9f6e6025e09,47.904329000000004,-123.7809595
2021-09-23,-1509.4316730523628,ee652dff-cce7-49c2-ac40-c9f6e6025e09,47.904329000000004,-123.7809595
2021-09-24,-2896.455938697318,ee652dff-cce7-49c2-ac40-c9f6e6025e09,47.904329000000004,-123.7809595
2021-09-25,-1292.103448275862,ee652dff-cce7-49c2-ac40-c9f6e6025e09,47.904329000000004,-123.7809595
2021-09-26,3866.6768837803315,ee652dff-cce7-49c2-ac40-c9f6e6025e09,47.904329000000004,-123.7809595
2021-09-27,4711.540229885058,ee652dff-cce7-49c2-ac40-c9f6e6025e09,47.904329000000004,-123.7809595
2021-09-28,3622.242656449553,ee652dff-cce7-49c2-ac40-c9f6e6025e09,47.904329000000004,-123.7809595
2021-09-29,2181.1902937420177,ee652dff-cce7-49c2-ac40-c9f6e6025e09,47.904329000000004,-123.7809595
2021-09-30,2760.4495530012773,ee652dff-cce7-49c2-ac40-c9f6e6025e09,47.904329000000004,-123.7809595
2021-10-01,168.8978288633461,ee652dff-cce7-49c2-ac40-c9f6e6025e09,47.904329000000004,-123.7809595
2021-10-02,-1783.1813537675605,ee652dff-cce7-49c2-ac40-c9f6e6025e09,47.904329000000004,-123.7809595
2021-10-03,-1339.0012771392085,ee652dff-cce7-49c2-ac40-c9f6e6025e09,47.904329000000004,-123.7809595
2021-10-04,-766.9501915708813,ee652dff-cce7-49c2-ac40-c9f6e6025e09,47.904329000000004,-123.7809595
2021-10-05,4324.573435504471,ee652dff-cce7-49c2-ac40-c9f6e6025e09,47.904329000000004,-123.7809595
2021-10-06,1258.1340996168585,ee652dff-cce7-49c2-ac40-c9f6e6025e09,47.904329000000004,-123.7809595
2021-10-07,2357.1954022988507,ee652dff-cce7-49c2-ac40-c9f6e6025e09,47.904329000000004,-123.7809595
2021-10-08,659.300127713921,ee652dff-cce7-49c2-ac40-c9f6e6025e09,47.904329000000004,-123.7809595
2021-10-09,2512.3844189016604,ee652dff-cce7-49c2-ac40-c9f6e6025e09,47.904329000000004,-123.7809595
2021-10-10,3366.344827586207,ee652dff-cce7-49c2-ac40-c9f6e6025e09,47.904329000000004,-123.7809595
2021-10-11,3231.7943805874843,ee652dff-cce7-49c2-ac40-c9f6e6025e09,47.904329000000004,-123.7809595
2021-10-12,5870.215836526182,ee652dff-cce7-49c2-ac40-c9f6e6025e09,47.904329000000004,-123.7809595
2021-10-13,4471.899106002555,ee652dff-cce7-49c2-ac40-c9f6e6025e09,47.904329000000004,-123.7809595
2021-10-14,3190.001277139209,ee652dff-cce7-49c2-ac40-c9f6e6025e09,47.904329000000004,-123.7809595
2021-10-15,5083.991060025543,ee652dff-cce7-49c2-ac40-c9f6e6025e09,47.904329000000004,-123.7809595
2021-10-16,1924.7522349936144,ee652dff-cce7-49c2-ac40-c9f6e6025e09,47.904329000000004,-123.7809595
2021-10-17,3595.1481481481483,ee652dff-cce7-49c2-ac40-c9f6e6025e09,47.904329000000004,-123.7809595
2021-10-18,-391.0945083014049,ee652dff-cce7-49c2-ac40-c9f6e6025e09,47.904329000000004,-123.7809595
2021-10-19,2103.2528735632186,ee652dff-cce7-49c2-ac40-c9f6e6025e09,47.904329000000004,-123.7809595
2021-10-20,4178.0,ee652dff-cce7-49c2-ac40-c9f6e6025e09,47.904329000000004,-123.7809595
2021-10-21,5681.249042145595,ee652dff-cce7-49c2-ac40-c9f6e6025e09,47.904329000000004,-123.7809595
2021-10-22,942.5312899106004,ee652dff-cce7-49c2-ac40-c9f6e6025e09,47.904329000000004,-123.7809595
2021-10-23,2358.7496807151983,ee652dff-cce7-49c2-ac40-c9f6e6025e09,47.904329000000004,-123.7809595
2021-10-24,4358.498084291188,ee652dff-cce7-49c2-ac40-c9f6e6025e09,47.904329000000004,-123.7809595
2021-10-25,4582.056194125161,ee652dff-cce7-49c2-ac40-c9f6e6025e09,47.904329000000004,-123.7809595
2021-10-26,1902.3754789272034,ee652dff-cce7-49c2-ac40-c9f6e6025e09,47.904329000000004,-123.7809595
2021-10-27,2980.245210727969,ee652dff-cce7-49c2-ac40-c9f6e6025e09,47.904329000000004,-123.7809595
2021-10-28,5582.823754789272,ee652dff-cce7-49c2-ac40-c9f6e6025e09,47.904329000000004,-123.7809595
2021-10-29,6534.32183908046,ee652dff-cce7-49c2-ac40-c9f6e6025e09,47.904329000000004,-123.7809595
2021-10-30,6777.641123882504,ee652dff-cce7-49c2-ac40-c9f6e6025e09,47.904329000000004,-123.7809595
2021-10-31,5592.122605363986,ee652dff-cce7-49c2-ac40-c9f6e6025e09,47.904329000000004,-123.7809595
2021-11-01,2894.381864623244,ee652dff-cce7-49c2-ac40-c9f6e6025e09,47.904329000000004,-123.7809595
2021-11-02,4807.384418901661,ee652dff-cce7-49c2-ac40-c9f6e6025e09,47.904329000000004,-123.7809595
2021-11-03,4409.561941251596,ee652dff-cce7-49c2-ac40-c9f6e6025e09,47.904329000000004,-123.7809595
2021-11-04,6156.777777777779,ee652dff-cce7-49c2-ac40-c9f6e6025e09,47.904329000000004,-123.7809595
2021-11-05,3852.218390804598,ee652dff-cce7-49c2-ac40-c9f6e6025e09,47.904329000000004,-123.7809595
2021-11-06,4660.807151979567,ee652dff-cce7-49c2-ac40-c9f6e6025e09,47.904329000000004,-123.7809595
2021-11-07,4095.3869731800773,ee652dff-cce7-49c2-ac40-c9f6e6025e09,47.904329000000004,-123.7809595
2021-11-08,5030.759897828863,ee652dff-cce7-49c2-ac40-c9f6e6025e09,47.904329000000004,-123.7809595
2021-11-09,4058.3805874840364,ee652dff-cce7-49c2-ac40-c9f6e6025e09,47.904329000000004,-123.7809595
2021-11-10,3853.9246487867176,ee652dff-cce7-49c2-ac40-c9f6e6025e09,47.904329000000004,-123.7809595
2021-11-11,4970.750957854408,ee652dff-cce7-49c2-ac40-c9f6e6025e09,47.904329000000004,-123.7809595
2021-11-12,3498.0370370370374,ee652dff-cce7-49c2-ac40-c9f6e6025e09,47.904329000000004,-123.7809595
2021-11-13,4251.872286079183,ee652dff-cce7-49c2-ac40-c9f6e6025e09,47.904329000000004,-123.7809595
2021-11-14,3686.911877394636,ee652dff-cce7-49c2-ac40-c9f6e6025e09,47.904329000000004,-123.7809595
2021-11-15,5767.325670498086,ee652dff-cce7-49c2-ac40-c9f6e6025e09,47.904329000000004,-123.7809595
2021-11-16,3073.565772669221,ee652dff-cce7-49c2-ac40-c9f6e6025e09,47.904329000000004,-123.7809595
2021-11-17,5455.358876117497,ee652dff-cce7-49c2-ac40-c9f6e6025e09,47.904329000000004,-123.7809595
2021-11-18,4120.037037037037,ee652dff-cce7-49c2-ac40-c9f6e6025e09,47.904329000000004,-123.7809595
2021-11-19,7280.6321839080465,ee652dff-cce7-49c2-ac40-c9f6e6025e09,47.904329000000004,-123.7809595
2021-11-20,3211.8735632183907,ee652dff-cce7-49c2-ac40-c9f6e6025e09,47.904329000000004,-123.7809595
2021-11-21,6717.860791826308,ee652dff-cce7-49c2-ac40-c9f6e6025e09,47.904329000000004,-123.7809595
2021-11-22,1693.3818646232442,ee652dff-cce7-49c2-ac40-c9f6e6025e09,47.904329000000004,-123.7809595
2021-11-23,3149.7624521072794,ee652dff-cce7-49c2-ac40-c9f6e6025e09,47.904329000000004,-123.7809595
2021-11-24,4954.823754789272,ee652dff-cce7-49c2-ac40-c9f6e6025e09,47.904329000000004,-123.7809595
2021-11-25,4889.883780332057,ee652dff-cce7-49c2-ac40-c9f6e6025e09,47.904329000000004,-123.7809595
2021-11-26,2374.860791826309,ee652dff-cce7-49c2-ac40-c9f6e6025e09,47.904329000000004,-123.7809595
2021-11-27,4038.7867177522353,ee652dff-cce7-49c2-ac40-c9f6e6025e09,47.904329000000004,-123.7809595
2021-11-28,3514.329501915709,ee652dff-cce7-49c2-ac40-c9f6e6025e09,47.904329000000004,-123.7809595
2021-11-29,1222.6947637292467,ee652dff-cce7-49c2-ac40-c9f6e6025e09,47.904329000000004,-123.7809595
2021-11-30,3201.931034482758,ee652dff-cce7-49c2-ac40-c9f6e6025e09,47.904329000000004,-123.7809595
2021-12-01,2431.0779054916984,ee652dff-cce7-49c2-ac40-c9f6e6025e09,47.904329000000004,-123.7809595
2021-12-02,3874.314176245211,ee652dff-cce7-49c2-ac40-c9f6e6025e09,47.904329000000004,-123.7809595
2021-12-03,978.860791826309,ee652dff-cce7-49c2-ac40-c9f6e6025e09,47.904329000000004,-123.7809595
2021-12-04,2221.7598978288634,ee652dff-cce7-49c2-ac40-c9f6e6025e09,47.904329000000004,-123.7809595
2021-12-05,3234.9846743295025,ee652dff-cce7-49c2-ac40-c9f6e6025e09,47.904329000000004,-123.7809595
2021-12-06,3621.407407407407,ee652dff-cce7-49c2-ac40-c9f6e6025e09,47.904329000000004,-123.7809595
2021-12-07,1579.040868454662,ee652dff-cce7-49c2-ac40-c9f6e6025e09,47.904329000000004,-123.7809595
2021-12-08,3433.8084291187743,ee652dff-cce7-49c2-ac40-c9f6e6025e09,47.904329000000004,-123.7809595
2021-12-09,3232.243933588762,ee652dff-cce7-49c2-ac40-c9f6e6025e09,47.904329000000004,-123.7809595
2021-12-10,3747.166028097063,ee652dff-cce7-49c2-ac40-c9f6e6025e09,47.904329000000004,-123.7809595
2021-12-11,2666.5555555555557,ee652dff-cce7-49c2-ac40-c9f6e6025e09,47.904329000000004,-123.7809595
2021-12-12,4914.710089399745,ee652dff-cce7-49c2-ac40-c9f6e6025e09,47.904329000000004,-123.7809595
2021-12-13,3404.722860791827,ee652dff-cce7-49c2-ac40-c9f6e6025e09,47.904329000000004,-123.7809595
2021-12-14,2255.195402298851,ee652dff-cce7-49c2-ac40-c9f6e6025e09,47.904329000000004,-123.7809595
2021-12-15,3190.858237547893,ee652dff-cce7-49c2-ac40-c9f6e6025e09,47.904329000000004,-123.7809595
2021-12-16,1074.7611749680716,ee652dff-cce7-49c2-ac40-c9f6e6025e09,47.904329000000004,-123.7809595
2021-12-17,3605.339719029374,ee652dff-cce7-49c2-ac40-c9f6e6025e09,47.904329000000004,-123.7809595
2021-12-18,2116.3333333333335,ee652dff-cce7-49c2-ac40-c9f6e6025e09,47.904329000000004,-123.7809595
2021-12-19,7722.842911877396,ee652dff-cce7-49c2-ac40-c9f6e6025e09,47.904329000000004,-123.7809595
2021-12-20,4505.6270753512135,ee652dff-cce7-49c2-ac40-c9f6e6025e09,47.904329000000004,-123.7809595
2021-12-21,4754.238825031929,ee652dff-cce7-49c2-ac40-c9f6e6025e09,47.904329000000004,-123.7809595
2021-12-22,7240.1941251596445,ee652dff-cce7-49c2-ac40-c9f6e6025e09,47.904329000000004,-123.7809595
2021-12-23,2098.1634738186467,ee652dff-cce7-49c2-ac40-c9f6e6025e09,47.904329000000004,-123.7809595
2021-12-24,5515.489144316731,ee652dff-cce7-49c2-ac40-c9f6e6025e09,47.904329000000004,-123.7809595
2021-12-25,2195.498084291188,ee652dff-cce7-49c2-ac40-c9f6e6025e09,47.904329000000004,-123.7809595
2021-12-26,2960.344827586207,ee652dff-cce7-49c2-ac40-c9f6e6025e09,47.904329000000004,-123.7809595
2021-12-27,4116.522349936143,ee652dff-cce7-49c2-ac40-c9f6e6025e09,47.904329000000004,-123.7809595
2021-12-28,3377.7892720306513,ee652dff-cce7-49c2-ac40-c9f6e6025e09,47.904329000000004,-123.7809595
2021-12-29,6454.17496807152,ee652dff-cce7-49c2-ac40-c9f6e6025e09,47.904329000000004,-123.7809595
2021-12-30,6599.15453384419,ee652dff-cce7-49c2-ac40-c9f6e6025e09,47.904329000000004,-123.7809595
