date,mod10a1_ndsi,cell_id,latitude,longitude
2020-01-01,3353,f3d9000e-af0a-4979-9ac8-6404a882fa2a,39.036863,-108.1143415
2020-01-02,2029,f3d9000e-af0a-4979-9ac8-6404a882fa2a,39.036863,-108.1143415
2020-01-03,6612,f3d9000e-af0a-4979-9ac8-6404a882fa2a,39.036863,-108.1143415
2020-01-04,4813,f3d9000e-af0a-4979-9ac8-6404a882fa2a,39.036863,-108.1143415
2020-01-05,6182,f3d9000e-af0a-4979-9ac8-6404a882fa2a,39.036863,-108.1143415
2020-01-06,6400,f3d9000e-af0a-4979-9ac8-6404a882fa2a,39.036863,-108.1143415
2020-01-07,8250,f3d9000e-af0a-4979-9ac8-6404a882fa2a,39.036863,-108.1143415
2020-01-08,2263,f3d9000e-af0a-4979-9ac8-6404a882fa2a,39.036863,-108.1143415
2020-01-09,3244,f3d9000e-af0a-4979-9ac8-6404a882fa2a,39.036863,-108.1143415
2020-01-10,1591,f3d9000e-af0a-4979-9ac8-6404a882fa2a,39.036863,-108.1143415
2020-01-11,2065,f3d9000e-af0a-4979-9ac8-6404a882fa2a,39.036863,-108.1143415
2020-01-12,2314,f3d9000e-af0a-4979-9ac8-6404a882fa2a,39.036863,-108.1143415
2020-01-13,1536,f3d9000e-af0a-4979-9ac8-6404a882fa2a,39.036863,-108.1143415
2020-01-14,6699,f3d9000e-af0a-4979-9ac8-6404a882fa2a,39.036863,-108.1143415
2020-01-15,5568,f3d9000e-af0a-4979-9ac8-6404a882fa2a,39.036863,-108.1143415
2020-01-16,4493,f3d9000e-af0a-4979-9ac8-6404a882fa2a,39.036863,-108.1143415
2020-01-17,3492,f3d9000e-af0a-4979-9ac8-6404a882fa2a,39.036863,-108.1143415
2020-01-18,5912,f3d9000e-af0a-4979-9ac8-6404a882fa2a,39.036863,-108.1143415
2020-01-19,6629,f3d9000e-af0a-4979-9ac8-6404a882fa2a,39.036863,-108.1143415
2020-01-20,2339,f3d9000e-af0a-4979-9ac8-6404a882fa2a,39.036863,-108.1143415
2020-01-21,4528,f3d9000e-af0a-4979-9ac8-6404a882fa2a,39.036863,-108.1143415
2020-01-22,397,f3d9000e-af0a-4979-9ac8-6404a882fa2a,39.036863,-108.1143415
2020-01-23,3688,f3d9000e-af0a-4979-9ac8-6404a882fa2a,39.036863,-108.1143415
2020-01-24,7188,f3d9000e-af0a-4979-9ac8-6404a882fa2a,39.036863,-108.1143415
2020-01-25,7547,f3d9000e-af0a-4979-9ac8-6404a882fa2a,39.036863,-108.1143415
2020-01-26,1193,f3d9000e-af0a-4979-9ac8-6404a882fa2a,39.036863,-108.1143415
2020-01-27,4798,f3d9000e-af0a-4979-9ac8-6404a882fa2a,39.036863,-108.1143415
2020-01-28,7103,f3d9000e-af0a-4979-9ac8-6404a882fa2a,39.036863,-108.1143415
2020-01-29,680,f3d9000e-af0a-4979-9ac8-6404a882fa2a,39.036863,-108.1143415
2020-01-30,2929,f3d9000e-af0a-4979-9ac8-6404a882fa2a,39.036863,-108.1143415
2020-01-31,1723,f3d9000e-af0a-4979-9ac8-6404a882fa2a,39.036863,-108.1143415
2020-02-01,6461,f3d9000e-af0a-4979-9ac8-6404a882fa2a,39.036863,-108.1143415
2020-02-02,6574,f3d9000e-af0a-4979-9ac8-6404a882fa2a,39.036863,-108.1143415
2020-02-03,1254,f3d9000e-af0a-4979-9ac8-6404a882fa2a,39.036863,-108.1143415
2020-02-04,1805,f3d9000e-af0a-4979-9ac8-6404a882fa2a,39.036863,-108.1143415
2020-02-05,1057,f3d9000e-af0a-4979-9ac8-6404a882fa2a,39.036863,-108.1143415
2020-02-06,2968,f3d9000e-af0a-4979-9ac8-6404a882fa2a,39.036863,-108.1143415
2020-02-07,885,f3d9000e-af0a-4979-9ac8-6404a882fa2a,39.036863,-108.1143415
2020-02-08,7693,f3d9000e-af0a-4979-9ac8-6404a882fa2a,39.036863,-108.1143415
2020-02-09,1920,f3d9000e-af0a-4979-9ac8-6404a882fa2a,39.036863,-108.1143415
2020-02-10,5975,f3d9000e-af0a-4979-9ac8-6404a882fa2a,39.036863,-108.1143415
2020-02-11,6826,f3d9000e-af0a-4979-9ac8-6404a882fa2a,39.036863,-108.1143415
2020-02-12,233,f3d9000e-af0a-4979-9ac8-6404a882fa2a,39.036863,-108.1143415
2020-02-13,4809,f3d9000e-af0a-4979-9ac8-6404a882fa2a,39.036863,-108.1143415
2020-02-14,6831,f3d9000e-af0a-4979-9ac8-6404a882fa2a,39.036863,-108.1143415
2020-02-15,3985,f3d9000e-af0a-4979-9ac8-6404a882fa2a,39.036863,-108.1143415
2020-02-16,1760,f3d9000e-af0a-4979-9ac8-6404a882fa2a,39.036863,-108.1143415
2020-02-17,4185,f3d9000e-af0a-4979-9ac8-6404a882fa2a,39.036863,-108.1143415
2020-02-18,5806,f3d9000e-af0a-4979-9ac8-6404a882fa2a,39.036863,-108.1143415
2020-02-19,6662,f3d9000e-af0a-4979-9ac8-6404a882fa2a,39.036863,-108.1143415
2020-02-20,7111,f3d9000e-af0a-4979-9ac8-6404a882fa2a,39.036863,-108.1143415
2020-02-21,6539,f3d9000e-af0a-4979-9ac8-6404a882fa2a,39.036863,-108.1143415
2020-02-22,5667,f3d9000e-af0a-4979-9ac8-6404a882fa2a,39.036863,-108.1143415
2020-02-23,4074,f3d9000e-af0a-4979-9ac8-6404a882fa2a,39.036863,-108.1143415
2020-02-24,5666,f3d9000e-af0a-4979-9ac8-6404a882fa2a,39.036863,-108.1143415
2020-02-25,1863,f3d9000e-af0a-4979-9ac8-6404a882fa2a,39.036863,-108.1143415
2020-02-26,6299,f3d9000e-af0a-4979-9ac8-6404a882fa2a,39.036863,-108.1143415
2020-02-27,6556,f3d9000e-af0a-4979-9ac8-6404a882fa2a,39.036863,-108.1143415
2020-02-28,6502,f3d9000e-af0a-4979-9ac8-6404a882fa2a,39.036863,-108.1143415
2020-02-29,6528,f3d9000e-af0a-4979-9ac8-6404a882fa2a,39.036863,-108.1143415
2020-03-01,3293,f3d9000e-af0a-4979-9ac8-6404a882fa2a,39.036863,-108.1143415
2020-03-02,1649,f3d9000e-af0a-4979-9ac8-6404a882fa2a,39.036863,-108.1143415
2020-03-03,6401,f3d9000e-af0a-4979-9ac8-6404a882fa2a,39.036863,-108.1143415
2020-03-04,7531,f3d9000e-af0a-4979-9ac8-6404a882fa2a,39.036863,-108.1143415
2020-03-05,7050,f3d9000e-af0a-4979-9ac8-6404a882fa2a,39.036863,-108.1143415
2020-03-06,6622,f3d9000e-af0a-4979-9ac8-6404a882fa2a,39.036863,-108.1143415
2020-03-07,7568,f3d9000e-af0a-4979-9ac8-6404a882fa2a,39.036863,-108.1143415
2020-03-08,3621,f3d9000e-af0a-4979-9ac8-6404a882fa2a,39.036863,-108.1143415
2020-03-09,2457,f3d9000e-af0a-4979-9ac8-6404a882fa2a,39.036863,-108.1143415
2020-03-10,2896,f3d9000e-af0a-4979-9ac8-6404a882fa2a,39.036863,-108.1143415
2020-03-11,3113,f3d9000e-af0a-4979-9ac8-6404a882fa2a,39.036863,-108.1143415
2020-03-12,3173,f3d9000e-af0a-4979-9ac8-6404a882fa2a,39.036863,-108.1143415
2020-03-13,3647,f3d9000e-af0a-4979-9ac8-6404a882fa2a,39.036863,-108.1143415
2020-03-14,1316,f3d9000e-af0a-4979-9ac8-6404a882fa2a,39.036863,-108.1143415
2020-03-15,4217,f3d9000e-af0a-4979-9ac8-6404a882fa2a,39.036863,-108.1143415
2020-03-16,7802,f3d9000e-af0a-4979-9ac8-6404a882fa2a,39.036863,-108.1143415
2020-03-17,3548,f3d9000e-af0a-4979-9ac8-6404a882fa2a,39.036863,-108.1143415
2020-03-18,4252,f3d9000e-af0a-4979-9ac8-6404a882fa2a,39.036863,-108.1143415
2020-03-19,4582,f3d9000e-af0a-4979-9ac8-6404a882fa2a,39.036863,-108.1143415
2020-03-20,2483,f3d9000e-af0a-4979-9ac8-6404a882fa2a,39.036863,-108.1143415
2020-03-21,3903,f3d9000e-af0a-4979-9ac8-6404a882fa2a,39.036863,-108.1143415
2020-03-22,5523,f3d9000e-af0a-4979-9ac8-6404a882fa2a,39.036863,-108.1143415
2020-03-23,3404,f3d9000e-af0a-4979-9ac8-6404a882fa2a,39.036863,-108.1143415
2020-03-24,1307,f3d9000e-af0a-4979-9ac8-6404a882fa2a,39.036863,-108.1143415
2020-03-25,3021,f3d9000e-af0a-4979-9ac8-6404a882fa2a,39.036863,-108.1143415
2020-03-26,6308,f3d9000e-af0a-4979-9ac8-6404a882fa2a,39.036863,-108.1143415
2020-03-27,5326,f3d9000e-af0a-4979-9ac8-6404a882fa2a,39.036863,-108.1143415
2020-03-28,2053,f3d9000e-af0a-4979-9ac8-6404a882fa2a,39.036863,-108.1143415
2020-03-29,4741,f3d9000e-af0a-4979-9ac8-6404a882fa2a,39.036863,-108.1143415
2020-03-30,3262,f3d9000e-af0a-4979-9ac8-6404a882fa2a,39.036863,-108.1143415
2020-03-31,7249,f3d9000e-af0a-4979-9ac8-6404a882fa2a,39.036863,-108.1143415
2020-04-01,7760,f3d9000e-af0a-4979-9ac8-6404a882fa2a,39.036863,-108.1143415
2020-04-02,3611,f3d9000e-af0a-4979-9ac8-6404a882fa2a,39.036863,-108.1143415
2020-04-03,7312,f3d9000e-af0a-4979-9ac8-6404a882fa2a,39.036863,-108.1143415
2020-04-04,635,f3d9000e-af0a-4979-9ac8-6404a882fa2a,39.036863,-108.1143415
2020-04-05,751,f3d9000e-af0a-4979-9ac8-6404a882fa2a,39.036863,-108.1143415
2020-04-06,4226,f3d9000e-af0a-4979-9ac8-6404a882fa2a,39.036863,-108.1143415
2020-04-07,8483,f3d9000e-af0a-4979-9ac8-6404a882fa2a,39.036863,-108.1143415
2020-04-08,8771,f3d9000e-af0a-4979-9ac8-6404a882fa2a,39.036863,-108.1143415
2020-04-09,7690,f3d9000e-af0a-4979-9ac8-6404a882fa2a,39.036863,-108.1143415
2020-04-10,1549,f3d9000e-af0a-4979-9ac8-6404a882fa2a,39.036863,-108.1143415
2020-04-11,6008,f3d9000e-af0a-4979-9ac8-6404a882fa2a,39.036863,-108.1143415
2020-04-12,6590,f3d9000e-af0a-4979-9ac8-6404a882fa2a,39.036863,-108.1143415
2020-04-13,2431,f3d9000e-af0a-4979-9ac8-6404a882fa2a,39.036863,-108.1143415
2020-04-14,6623,f3d9000e-af0a-4979-9ac8-6404a882fa2a,39.036863,-108.1143415
2020-04-15,1726,f3d9000e-af0a-4979-9ac8-6404a882fa2a,39.036863,-108.1143415
2020-04-16,1984,f3d9000e-af0a-4979-9ac8-6404a882fa2a,39.036863,-108.1143415
2020-04-17,7105,f3d9000e-af0a-4979-9ac8-6404a882fa2a,39.036863,-108.1143415
2020-04-18,6133,f3d9000e-af0a-4979-9ac8-6404a882fa2a,39.036863,-108.1143415
2020-04-19,6821,f3d9000e-af0a-4979-9ac8-6404a882fa2a,39.036863,-108.1143415
2020-04-20,3274,f3d9000e-af0a-4979-9ac8-6404a882fa2a,39.036863,-108.1143415
2020-04-21,1573,f3d9000e-af0a-4979-9ac8-6404a882fa2a,39.036863,-108.1143415
2020-04-22,5894,f3d9000e-af0a-4979-9ac8-6404a882fa2a,39.036863,-108.1143415
2020-04-23,3410,f3d9000e-af0a-4979-9ac8-6404a882fa2a,39.036863,-108.1143415
2020-04-24,5260,f3d9000e-af0a-4979-9ac8-6404a882fa2a,39.036863,-108.1143415
2020-04-25,7387,f3d9000e-af0a-4979-9ac8-6404a882fa2a,39.036863,-108.1143415
2020-04-26,4160,f3d9000e-af0a-4979-9ac8-6404a882fa2a,39.036863,-108.1143415
2020-04-27,6480,f3d9000e-af0a-4979-9ac8-6404a882fa2a,39.036863,-108.1143415
2020-04-28,8951,f3d9000e-af0a-4979-9ac8-6404a882fa2a,39.036863,-108.1143415
2020-04-29,9172,f3d9000e-af0a-4979-9ac8-6404a882fa2a,39.036863,-108.1143415
2020-04-30,4343,f3d9000e-af0a-4979-9ac8-6404a882fa2a,39.036863,-108.1143415
2020-05-01,8719,f3d9000e-af0a-4979-9ac8-6404a882fa2a,39.036863,-108.1143415
2020-05-02,1954,f3d9000e-af0a-4979-9ac8-6404a882fa2a,39.036863,-108.1143415
2020-05-03,8985,f3d9000e-af0a-4979-9ac8-6404a882fa2a,39.036863,-108.1143415
2020-05-04,4425,f3d9000e-af0a-4979-9ac8-6404a882fa2a,39.036863,-108.1143415
2020-05-05,8812,f3d9000e-af0a-4979-9ac8-6404a882fa2a,39.036863,-108.1143415
2020-05-06,4413,f3d9000e-af0a-4979-9ac8-6404a882fa2a,39.036863,-108.1143415
2020-05-07,7460,f3d9000e-af0a-4979-9ac8-6404a882fa2a,39.036863,-108.1143415
2020-05-08,8527,f3d9000e-af0a-4979-9ac8-6404a882fa2a,39.036863,-108.1143415
2020-05-09,7202,f3d9000e-af0a-4979-9ac8-6404a882fa2a,39.036863,-108.1143415
2020-05-10,6163,f3d9000e-af0a-4979-9ac8-6404a882fa2a,39.036863,-108.1143415
2020-05-11,1850,f3d9000e-af0a-4979-9ac8-6404a882fa2a,39.036863,-108.1143415
2020-05-12,7828,f3d9000e-af0a-4979-9ac8-6404a882fa2a,39.036863,-108.1143415
2020-05-13,969,f3d9000e-af0a-4979-9ac8-6404a882fa2a,39.036863,-108.1143415
2020-05-14,815,f3d9000e-af0a-4979-9ac8-6404a882fa2a,39.036863,-108.1143415
2020-05-15,1786,f3d9000e-af0a-4979-9ac8-6404a882fa2a,39.036863,-108.1143415
2020-05-16,240,f3d9000e-af0a-4979-9ac8-6404a882fa2a,39.036863,-108.1143415
2020-05-17,3234,f3d9000e-af0a-4979-9ac8-6404a882fa2a,39.036863,-108.1143415
2020-05-18,2865,f3d9000e-af0a-4979-9ac8-6404a882fa2a,39.036863,-108.1143415
2020-05-19,2386,f3d9000e-af0a-4979-9ac8-6404a882fa2a,39.036863,-108.1143415
2020-05-20,-631,f3d9000e-af0a-4979-9ac8-6404a882fa2a,39.036863,-108.1143415
2020-05-21,-1509,f3d9000e-af0a-4979-9ac8-6404a882fa2a,39.036863,-108.1143415
2020-05-22,-582,f3d9000e-af0a-4979-9ac8-6404a882fa2a,39.036863,-108.1143415
2020-05-23,-814,f3d9000e-af0a-4979-9ac8-6404a882fa2a,39.036863,-108.1143415
2020-05-24,-1684,f3d9000e-af0a-4979-9ac8-6404a882fa2a,39.036863,-108.1143415
2020-05-25,-2879,f3d9000e-af0a-4979-9ac8-6404a882fa2a,39.036863,-108.1143415
2020-05-26,-3077,f3d9000e-af0a-4979-9ac8-6404a882fa2a,39.036863,-108.1143415
2020-05-27,-1194,f3d9000e-af0a-4979-9ac8-6404a882fa2a,39.036863,-108.1143415
2020-05-28,1053,f3d9000e-af0a-4979-9ac8-6404a882fa2a,39.036863,-108.1143415
2020-05-29,-1898,f3d9000e-af0a-4979-9ac8-6404a882fa2a,39.036863,-108.1143415
2020-05-30,1497,f3d9000e-af0a-4979-9ac8-6404a882fa2a,39.036863,-108.1143415
2020-05-31,-1710,f3d9000e-af0a-4979-9ac8-6404a882fa2a,39.036863,-108.1143415
2020-06-01,-4109,f3d9000e-af0a-4979-9ac8-6404a882fa2a,39.036863,-108.1143415
2020-06-02,-3133,f3d9000e-af0a-4979-9ac8-6404a882fa2a,39.036863,-108.1143415
2020-06-03,-3500,f3d9000e-af0a-4979-9ac8-6404a882fa2a,39.036863,-108.1143415
2020-06-04,-3971,f3d9000e-af0a-4979-9ac8-6404a882fa2a,39.036863,-108.1143415
2020-06-05,-2317,f3d9000e-af0a-4979-9ac8-6404a882fa2a,39.036863,-108.1143415
2020-06-07,-545,f3d9000e-af0a-4979-9ac8-6404a882fa2a,39.036863,-108.1143415
2020-06-08,-3826,f3d9000e-af0a-4979-9ac8-6404a882fa2a,39.036863,-108.1143415
2020-06-09,2134,f3d9000e-af0a-4979-9ac8-6404a882fa2a,39.036863,-108.1143415
2020-06-10,-3702,f3d9000e-af0a-4979-9ac8-6404a882fa2a,39.036863,-108.1143415
2020-06-11,-3684,f3d9000e-af0a-4979-9ac8-6404a882fa2a,39.036863,-108.1143415
2020-06-12,-2829,f3d9000e-af0a-4979-9ac8-6404a882fa2a,39.036863,-108.1143415
2020-06-13,735,f3d9000e-af0a-4979-9ac8-6404a882fa2a,39.036863,-108.1143415
2020-06-14,-2224,f3d9000e-af0a-4979-9ac8-6404a882fa2a,39.036863,-108.1143415
2020-06-15,-3576,f3d9000e-af0a-4979-9ac8-6404a882fa2a,39.036863,-108.1143415
2020-06-16,-2323,f3d9000e-af0a-4979-9ac8-6404a882fa2a,39.036863,-108.1143415
2020-06-17,-4029,f3d9000e-af0a-4979-9ac8-6404a882fa2a,39.036863,-108.1143415
2020-06-18,-3553,f3d9000e-af0a-4979-9ac8-6404a882fa2a,39.036863,-108.1143415
2020-06-19,-3677,f3d9000e-af0a-4979-9ac8-6404a882fa2a,39.036863,-108.1143415
2020-06-20,-3721,f3d9000e-af0a-4979-9ac8-6404a882fa2a,39.036863,-108.1143415
2020-06-21,-2768,f3d9000e-af0a-4979-9ac8-6404a882fa2a,39.036863,-108.1143415
2020-06-22,-4234,f3d9000e-af0a-4979-9ac8-6404a882fa2a,39.036863,-108.1143415
2020-06-23,-2082,f3d9000e-af0a-4979-9ac8-6404a882fa2a,39.036863,-108.1143415
2020-06-24,-4106,f3d9000e-af0a-4979-9ac8-6404a882fa2a,39.036863,-108.1143415
2020-06-25,294,f3d9000e-af0a-4979-9ac8-6404a882fa2a,39.036863,-108.1143415
2020-06-26,-3545,f3d9000e-af0a-4979-9ac8-6404a882fa2a,39.036863,-108.1143415
2020-06-27,-3471,f3d9000e-af0a-4979-9ac8-6404a882fa2a,39.036863,-108.1143415
2020-06-28,4635,f3d9000e-af0a-4979-9ac8-6404a882fa2a,39.036863,-108.1143415
2020-06-29,922,f3d9000e-af0a-4979-9ac8-6404a882fa2a,39.036863,-108.1143415
2020-06-30,-924,f3d9000e-af0a-4979-9ac8-6404a882fa2a,39.036863,-108.1143415
2020-07-01,-4214,f3d9000e-af0a-4979-9ac8-6404a882fa2a,39.036863,-108.1143415
2020-07-02,-2910,f3d9000e-af0a-4979-9ac8-6404a882fa2a,39.036863,-108.1143415
2020-07-03,5073,f3d9000e-af0a-4979-9ac8-6404a882fa2a,39.036863,-108.1143415
2020-07-04,2701,f3d9000e-af0a-4979-9ac8-6404a882fa2a,39.036863,-108.1143415
2020-07-05,2606,f3d9000e-af0a-4979-9ac8-6404a882fa2a,39.036863,-108.1143415
2020-07-06,49,f3d9000e-af0a-4979-9ac8-6404a882fa2a,39.036863,-108.1143415
2020-07-07,-2642,f3d9000e-af0a-4979-9ac8-6404a882fa2a,39.036863,-108.1143415
2020-07-08,-4107,f3d9000e-af0a-4979-9ac8-6404a882fa2a,39.036863,-108.1143415
2020-07-09,-2973,f3d9000e-af0a-4979-9ac8-6404a882fa2a,39.036863,-108.1143415
2020-07-10,-4017,f3d9000e-af0a-4979-9ac8-6404a882fa2a,39.036863,-108.1143415
2020-07-11,-3154,f3d9000e-af0a-4979-9ac8-6404a882fa2a,39.036863,-108.1143415
2020-07-12,-2689,f3d9000e-af0a-4979-9ac8-6404a882fa2a,39.036863,-108.1143415
2020-07-13,-3632,f3d9000e-af0a-4979-9ac8-6404a882fa2a,39.036863,-108.1143415
2020-07-14,-2437,f3d9000e-af0a-4979-9ac8-6404a882fa2a,39.036863,-108.1143415
2020-07-15,-1299,f3d9000e-af0a-4979-9ac8-6404a882fa2a,39.036863,-108.1143415
2020-07-16,-386,f3d9000e-af0a-4979-9ac8-6404a882fa2a,39.036863,-108.1143415
2020-07-17,-1661,f3d9000e-af0a-4979-9ac8-6404a882fa2a,39.036863,-108.1143415
2020-07-18,-3080,f3d9000e-af0a-4979-9ac8-6404a882fa2a,39.036863,-108.1143415
2020-07-19,5811,f3d9000e-af0a-4979-9ac8-6404a882fa2a,39.036863,-108.1143415
2020-07-20,-3383,f3d9000e-af0a-4979-9ac8-6404a882fa2a,39.036863,-108.1143415
2020-07-21,-3348,f3d9000e-af0a-4979-9ac8-6404a882fa2a,39.036863,-108.1143415
2020-07-22,1563,f3d9000e-af0a-4979-9ac8-6404a882fa2a,39.036863,-108.1143415
2020-07-23,-2175,f3d9000e-af0a-4979-9ac8-6404a882fa2a,39.036863,-108.1143415
2020-07-24,192,f3d9000e-af0a-4979-9ac8-6404a882fa2a,39.036863,-108.1143415
2020-07-25,507,f3d9000e-af0a-4979-9ac8-6404a882fa2a,39.036863,-108.1143415
2020-07-26,-4141,f3d9000e-af0a-4979-9ac8-6404a882fa2a,39.036863,-108.1143415
2020-07-27,2713,f3d9000e-af0a-4979-9ac8-6404a882fa2a,39.036863,-108.1143415
2020-07-28,-309,f3d9000e-af0a-4979-9ac8-6404a882fa2a,39.036863,-108.1143415
2020-07-29,-4057,f3d9000e-af0a-4979-9ac8-6404a882fa2a,39.036863,-108.1143415
2020-07-30,-3389,f3d9000e-af0a-4979-9ac8-6404a882fa2a,39.036863,-108.1143415
2020-07-31,-4185,f3d9000e-af0a-4979-9ac8-6404a882fa2a,39.036863,-108.1143415
2020-08-01,-2209,f3d9000e-af0a-4979-9ac8-6404a882fa2a,39.036863,-108.1143415
2020-08-02,1773,f3d9000e-af0a-4979-9ac8-6404a882fa2a,39.036863,-108.1143415
2020-08-03,-3211,f3d9000e-af0a-4979-9ac8-6404a882fa2a,39.036863,-108.1143415
2020-08-04,-3902,f3d9000e-af0a-4979-9ac8-6404a882fa2a,39.036863,-108.1143415
2020-08-05,-3203,f3d9000e-af0a-4979-9ac8-6404a882fa2a,39.036863,-108.1143415
2020-08-06,-3557,f3d9000e-af0a-4979-9ac8-6404a882fa2a,39.036863,-108.1143415
2020-08-07,-4440,f3d9000e-af0a-4979-9ac8-6404a882fa2a,39.036863,-108.1143415
2020-08-08,-419,f3d9000e-af0a-4979-9ac8-6404a882fa2a,39.036863,-108.1143415
2020-08-09,-3997,f3d9000e-af0a-4979-9ac8-6404a882fa2a,39.036863,-108.1143415
2020-08-10,1493,f3d9000e-af0a-4979-9ac8-6404a882fa2a,39.036863,-108.1143415
2020-08-11,-4427,f3d9000e-af0a-4979-9ac8-6404a882fa2a,39.036863,-108.1143415
2020-08-12,-1946,f3d9000e-af0a-4979-9ac8-6404a882fa2a,39.036863,-108.1143415
2020-08-13,-4069,f3d9000e-af0a-4979-9ac8-6404a882fa2a,39.036863,-108.1143415
2020-08-14,-2949,f3d9000e-af0a-4979-9ac8-6404a882fa2a,39.036863,-108.1143415
2020-08-15,-3510,f3d9000e-af0a-4979-9ac8-6404a882fa2a,39.036863,-108.1143415
2020-08-16,-4061,f3d9000e-af0a-4979-9ac8-6404a882fa2a,39.036863,-108.1143415
2020-08-17,184,f3d9000e-af0a-4979-9ac8-6404a882fa2a,39.036863,-108.1143415
2020-08-18,-4187,f3d9000e-af0a-4979-9ac8-6404a882fa2a,39.036863,-108.1143415
2020-08-19,1230,f3d9000e-af0a-4979-9ac8-6404a882fa2a,39.036863,-108.1143415
2020-08-20,-3639,f3d9000e-af0a-4979-9ac8-6404a882fa2a,39.036863,-108.1143415
2020-08-21,-2628,f3d9000e-af0a-4979-9ac8-6404a882fa2a,39.036863,-108.1143415
2020-08-22,-2866,f3d9000e-af0a-4979-9ac8-6404a882fa2a,39.036863,-108.1143415
2020-08-23,998,f3d9000e-af0a-4979-9ac8-6404a882fa2a,39.036863,-108.1143415
2020-08-24,-907,f3d9000e-af0a-4979-9ac8-6404a882fa2a,39.036863,-108.1143415
2020-08-25,1716,f3d9000e-af0a-4979-9ac8-6404a882fa2a,39.036863,-108.1143415
2020-08-26,-1370,f3d9000e-af0a-4979-9ac8-6404a882fa2a,39.036863,-108.1143415
2020-08-27,-1025,f3d9000e-af0a-4979-9ac8-6404a882fa2a,39.036863,-108.1143415
2020-08-28,3181,f3d9000e-af0a-4979-9ac8-6404a882fa2a,39.036863,-108.1143415
2020-08-29,-3922,f3d9000e-af0a-4979-9ac8-6404a882fa2a,39.036863,-108.1143415
2020-08-30,-4070,f3d9000e-af0a-4979-9ac8-6404a882fa2a,39.036863,-108.1143415
2020-08-31,232,f3d9000e-af0a-4979-9ac8-6404a882fa2a,39.036863,-108.1143415
2020-09-01,-4154,f3d9000e-af0a-4979-9ac8-6404a882fa2a,39.036863,-108.1143415
2020-09-02,-3266,f3d9000e-af0a-4979-9ac8-6404a882fa2a,39.036863,-108.1143415
2020-09-03,-4549,f3d9000e-af0a-4979-9ac8-6404a882fa2a,39.036863,-108.1143415
2020-09-04,-4149,f3d9000e-af0a-4979-9ac8-6404a882fa2a,39.036863,-108.1143415
2020-09-05,-4119,f3d9000e-af0a-4979-9ac8-6404a882fa2a,39.036863,-108.1143415
2020-09-06,-3606,f3d9000e-af0a-4979-9ac8-6404a882fa2a,39.036863,-108.1143415
2020-09-07,675,f3d9000e-af0a-4979-9ac8-6404a882fa2a,39.036863,-108.1143415
2020-09-08,6228,f3d9000e-af0a-4979-9ac8-6404a882fa2a,39.036863,-108.1143415
2020-09-09,3663,f3d9000e-af0a-4979-9ac8-6404a882fa2a,39.036863,-108.1143415
2020-09-10,1895,f3d9000e-af0a-4979-9ac8-6404a882fa2a,39.036863,-108.1143415
2020-09-11,929,f3d9000e-af0a-4979-9ac8-6404a882fa2a,39.036863,-108.1143415
2020-09-12,-4015,f3d9000e-af0a-4979-9ac8-6404a882fa2a,39.036863,-108.1143415
2020-09-13,-3570,f3d9000e-af0a-4979-9ac8-6404a882fa2a,39.036863,-108.1143415
2020-09-14,801,f3d9000e-af0a-4979-9ac8-6404a882fa2a,39.036863,-108.1143415
2020-09-15,-3689,f3d9000e-af0a-4979-9ac8-6404a882fa2a,39.036863,-108.1143415
2020-09-16,-1424,f3d9000e-af0a-4979-9ac8-6404a882fa2a,39.036863,-108.1143415
2020-09-17,2751,f3d9000e-af0a-4979-9ac8-6404a882fa2a,39.036863,-108.1143415
2020-09-18,-456,f3d9000e-af0a-4979-9ac8-6404a882fa2a,39.036863,-108.1143415
2020-09-19,-242,f3d9000e-af0a-4979-9ac8-6404a882fa2a,39.036863,-108.1143415
2020-09-20,343,f3d9000e-af0a-4979-9ac8-6404a882fa2a,39.036863,-108.1143415
2020-09-21,-2332,f3d9000e-af0a-4979-9ac8-6404a882fa2a,39.036863,-108.1143415
2020-09-22,5522,f3d9000e-af0a-4979-9ac8-6404a882fa2a,39.036863,-108.1143415
2020-09-23,-3445,f3d9000e-af0a-4979-9ac8-6404a882fa2a,39.036863,-108.1143415
2020-09-24,-4255,f3d9000e-af0a-4979-9ac8-6404a882fa2a,39.036863,-108.1143415
2020-09-25,-148,f3d9000e-af0a-4979-9ac8-6404a882fa2a,39.036863,-108.1143415
2020-09-26,-3573,f3d9000e-af0a-4979-9ac8-6404a882fa2a,39.036863,-108.1143415
2020-09-27,-3003,f3d9000e-af0a-4979-9ac8-6404a882fa2a,39.036863,-108.1143415
2020-09-28,-3890,f3d9000e-af0a-4979-9ac8-6404a882fa2a,39.036863,-108.1143415
2020-09-29,-4180,f3d9000e-af0a-4979-9ac8-6404a882fa2a,39.036863,-108.1143415
2020-09-30,-3796,f3d9000e-af0a-4979-9ac8-6404a882fa2a,39.036863,-108.1143415
2020-10-01,-4220,f3d9000e-af0a-4979-9ac8-6404a882fa2a,39.036863,-108.1143415
2020-10-02,-1481,f3d9000e-af0a-4979-9ac8-6404a882fa2a,39.036863,-108.1143415
2020-10-03,-4116,f3d9000e-af0a-4979-9ac8-6404a882fa2a,39.036863,-108.1143415
2020-10-04,-1980,f3d9000e-af0a-4979-9ac8-6404a882fa2a,39.036863,-108.1143415
2020-10-05,-4016,f3d9000e-af0a-4979-9ac8-6404a882fa2a,39.036863,-108.1143415
2020-10-06,-3710,f3d9000e-af0a-4979-9ac8-6404a882fa2a,39.036863,-108.1143415
2020-10-07,-4135,f3d9000e-af0a-4979-9ac8-6404a882fa2a,39.036863,-108.1143415
2020-10-08,-3488,f3d9000e-af0a-4979-9ac8-6404a882fa2a,39.036863,-108.1143415
2020-10-09,-2632,f3d9000e-af0a-4979-9ac8-6404a882fa2a,39.036863,-108.1143415
2020-10-10,-4271,f3d9000e-af0a-4979-9ac8-6404a882fa2a,39.036863,-108.1143415
2020-10-11,1253,f3d9000e-af0a-4979-9ac8-6404a882fa2a,39.036863,-108.1143415
2020-10-12,-4493,f3d9000e-af0a-4979-9ac8-6404a882fa2a,39.036863,-108.1143415
2020-10-13,-2954,f3d9000e-af0a-4979-9ac8-6404a882fa2a,39.036863,-108.1143415
2020-10-14,-4378,f3d9000e-af0a-4979-9ac8-6404a882fa2a,39.036863,-108.1143415
2020-10-15,-1292,f3d9000e-af0a-4979-9ac8-6404a882fa2a,39.036863,-108.1143415
2020-10-16,-4067,f3d9000e-af0a-4979-9ac8-6404a882fa2a,39.036863,-108.1143415
2020-10-17,-1749,f3d9000e-af0a-4979-9ac8-6404a882fa2a,39.036863,-108.1143415
2020-10-18,-3584,f3d9000e-af0a-4979-9ac8-6404a882fa2a,39.036863,-108.1143415
2020-10-19,-281,f3d9000e-af0a-4979-9ac8-6404a882fa2a,39.036863,-108.1143415
2020-10-20,-3084,f3d9000e-af0a-4979-9ac8-6404a882fa2a,39.036863,-108.1143415
2020-10-21,-4201,f3d9000e-af0a-4979-9ac8-6404a882fa2a,39.036863,-108.1143415
2020-10-22,-3009,f3d9000e-af0a-4979-9ac8-6404a882fa2a,39.036863,-108.1143415
2020-10-23,-1558,f3d9000e-af0a-4979-9ac8-6404a882fa2a,39.036863,-108.1143415
2020-10-24,-3688,f3d9000e-af0a-4979-9ac8-6404a882fa2a,39.036863,-108.1143415
2020-10-25,2278,f3d9000e-af0a-4979-9ac8-6404a882fa2a,39.036863,-108.1143415
2020-10-26,5875,f3d9000e-af0a-4979-9ac8-6404a882fa2a,39.036863,-108.1143415
2020-10-27,6971,f3d9000e-af0a-4979-9ac8-6404a882fa2a,39.036863,-108.1143415
2020-10-28,8104,f3d9000e-af0a-4979-9ac8-6404a882fa2a,39.036863,-108.1143415
2020-10-29,6994,f3d9000e-af0a-4979-9ac8-6404a882fa2a,39.036863,-108.1143415
2020-10-30,7066,f3d9000e-af0a-4979-9ac8-6404a882fa2a,39.036863,-108.1143415
2020-10-31,6431,f3d9000e-af0a-4979-9ac8-6404a882fa2a,39.036863,-108.1143415
2020-11-01,5649,f3d9000e-af0a-4979-9ac8-6404a882fa2a,39.036863,-108.1143415
2020-11-02,5450,f3d9000e-af0a-4979-9ac8-6404a882fa2a,39.036863,-108.1143415
2020-11-03,998,f3d9000e-af0a-4979-9ac8-6404a882fa2a,39.036863,-108.1143415
2020-11-04,1971,f3d9000e-af0a-4979-9ac8-6404a882fa2a,39.036863,-108.1143415
2020-11-05,-344,f3d9000e-af0a-4979-9ac8-6404a882fa2a,39.036863,-108.1143415
2020-11-06,256,f3d9000e-af0a-4979-9ac8-6404a882fa2a,39.036863,-108.1143415
2020-11-07,1590,f3d9000e-af0a-4979-9ac8-6404a882fa2a,39.036863,-108.1143415
2020-11-08,1871,f3d9000e-af0a-4979-9ac8-6404a882fa2a,39.036863,-108.1143415
2020-11-09,3392,f3d9000e-af0a-4979-9ac8-6404a882fa2a,39.036863,-108.1143415
2020-11-10,1162,f3d9000e-af0a-4979-9ac8-6404a882fa2a,39.036863,-108.1143415
2020-11-11,7099,f3d9000e-af0a-4979-9ac8-6404a882fa2a,39.036863,-108.1143415
2020-11-12,6634,f3d9000e-af0a-4979-9ac8-6404a882fa2a,39.036863,-108.1143415
2020-11-13,1626,f3d9000e-af0a-4979-9ac8-6404a882fa2a,39.036863,-108.1143415
2020-11-14,3247,f3d9000e-af0a-4979-9ac8-6404a882fa2a,39.036863,-108.1143415
2020-11-15,6478,f3d9000e-af0a-4979-9ac8-6404a882fa2a,39.036863,-108.1143415
2020-11-16,6561,f3d9000e-af0a-4979-9ac8-6404a882fa2a,39.036863,-108.1143415
2020-11-17,6815,f3d9000e-af0a-4979-9ac8-6404a882fa2a,39.036863,-108.1143415
2020-11-18,5966,f3d9000e-af0a-4979-9ac8-6404a882fa2a,39.036863,-108.1143415
2020-11-19,7531,f3d9000e-af0a-4979-9ac8-6404a882fa2a,39.036863,-108.1143415
2020-11-20,7004,f3d9000e-af0a-4979-9ac8-6404a882fa2a,39.036863,-108.1143415
2020-11-21,4455,f3d9000e-af0a-4979-9ac8-6404a882fa2a,39.036863,-108.1143415
2020-11-22,7580,f3d9000e-af0a-4979-9ac8-6404a882fa2a,39.036863,-108.1143415
2020-11-23,4266,f3d9000e-af0a-4979-9ac8-6404a882fa2a,39.036863,-108.1143415
2020-11-24,1258,f3d9000e-af0a-4979-9ac8-6404a882fa2a,39.036863,-108.1143415
2020-11-25,6349,f3d9000e-af0a-4979-9ac8-6404a882fa2a,39.036863,-108.1143415
2020-11-26,1747,f3d9000e-af0a-4979-9ac8-6404a882fa2a,39.036863,-108.1143415
2020-11-27,6709,f3d9000e-af0a-4979-9ac8-6404a882fa2a,39.036863,-108.1143415
2020-11-28,5956,f3d9000e-af0a-4979-9ac8-6404a882fa2a,39.036863,-108.1143415
2020-11-29,7714,f3d9000e-af0a-4979-9ac8-6404a882fa2a,39.036863,-108.1143415
2020-11-30,6692,f3d9000e-af0a-4979-9ac8-6404a882fa2a,39.036863,-108.1143415
2020-12-01,1357,f3d9000e-af0a-4979-9ac8-6404a882fa2a,39.036863,-108.1143415
2020-12-02,6040,f3d9000e-af0a-4979-9ac8-6404a882fa2a,39.036863,-108.1143415
2020-12-03,7177,f3d9000e-af0a-4979-9ac8-6404a882fa2a,39.036863,-108.1143415
2020-12-04,6850,f3d9000e-af0a-4979-9ac8-6404a882fa2a,39.036863,-108.1143415
2020-12-05,6608,f3d9000e-af0a-4979-9ac8-6404a882fa2a,39.036863,-108.1143415
2020-12-06,7479,f3d9000e-af0a-4979-9ac8-6404a882fa2a,39.036863,-108.1143415
2020-12-07,6736,f3d9000e-af0a-4979-9ac8-6404a882fa2a,39.036863,-108.1143415
2020-12-08,7893,f3d9000e-af0a-4979-9ac8-6404a882fa2a,39.036863,-108.1143415
2020-12-09,6923,f3d9000e-af0a-4979-9ac8-6404a882fa2a,39.036863,-108.1143415
2020-12-10,3352,f3d9000e-af0a-4979-9ac8-6404a882fa2a,39.036863,-108.1143415
2020-12-11,1035,f3d9000e-af0a-4979-9ac8-6404a882fa2a,39.036863,-108.1143415
2020-12-12,3170,f3d9000e-af0a-4979-9ac8-6404a882fa2a,39.036863,-108.1143415
2020-12-13,6598,f3d9000e-af0a-4979-9ac8-6404a882fa2a,39.036863,-108.1143415
2020-12-14,4603,f3d9000e-af0a-4979-9ac8-6404a882fa2a,39.036863,-108.1143415
2020-12-15,5970,f3d9000e-af0a-4979-9ac8-6404a882fa2a,39.036863,-108.1143415
2020-12-16,1004,f3d9000e-af0a-4979-9ac8-6404a882fa2a,39.036863,-108.1143415
2020-12-17,3552,f3d9000e-af0a-4979-9ac8-6404a882fa2a,39.036863,-108.1143415
2020-12-18,900,f3d9000e-af0a-4979-9ac8-6404a882fa2a,39.036863,-108.1143415
2020-12-19,6503,f3d9000e-af0a-4979-9ac8-6404a882fa2a,39.036863,-108.1143415
2020-12-20,3447,f3d9000e-af0a-4979-9ac8-6404a882fa2a,39.036863,-108.1143415
2020-12-21,1267,f3d9000e-af0a-4979-9ac8-6404a882fa2a,39.036863,-108.1143415
2020-12-22,1512,f3d9000e-af0a-4979-9ac8-6404a882fa2a,39.036863,-108.1143415
2020-12-23,226,f3d9000e-af0a-4979-9ac8-6404a882fa2a,39.036863,-108.1143415
2020-12-24,6375,f3d9000e-af0a-4979-9ac8-6404a882fa2a,39.036863,-108.1143415
2020-12-25,5831,f3d9000e-af0a-4979-9ac8-6404a882fa2a,39.036863,-108.1143415
2020-12-26,6948,f3d9000e-af0a-4979-9ac8-6404a882fa2a,39.036863,-108.1143415
2020-12-27,2878,f3d9000e-af0a-4979-9ac8-6404a882fa2a,39.036863,-108.1143415
2020-12-28,2372,f3d9000e-af0a-4979-9ac8-6404a882fa2a,39.036863,-108.1143415
2020-12-29,2336,f3d9000e-af0a-4979-9ac8-6404a882fa2a,39.036863,-108.1143415
2020-12-30,6584,f3d9000e-af0a-4979-9ac8-6404a882fa2a,39.036863,-108.1143415
2020-12-31,4868,f3d9000e-af0a-4979-9ac8-6404a882fa2a,39.036863,-108.1143415
2021-01-01,6773,f3d9000e-af0a-4979-9ac8-6404a882fa2a,39.036863,-108.1143415
2021-01-02,7101,f3d9000e-af0a-4979-9ac8-6404a882fa2a,39.036863,-108.1143415
2021-01-03,3795,f3d9000e-af0a-4979-9ac8-6404a882fa2a,39.036863,-108.1143415
2021-01-04,6425,f3d9000e-af0a-4979-9ac8-6404a882fa2a,39.036863,-108.1143415
2021-01-05,1241,f3d9000e-af0a-4979-9ac8-6404a882fa2a,39.036863,-108.1143415
2021-01-06,5961,f3d9000e-af0a-4979-9ac8-6404a882fa2a,39.036863,-108.1143415
2021-01-07,6992,f3d9000e-af0a-4979-9ac8-6404a882fa2a,39.036863,-108.1143415
2021-01-08,5829,f3d9000e-af0a-4979-9ac8-6404a882fa2a,39.036863,-108.1143415
2021-01-09,4375,f3d9000e-af0a-4979-9ac8-6404a882fa2a,39.036863,-108.1143415
2021-01-10,6948,f3d9000e-af0a-4979-9ac8-6404a882fa2a,39.036863,-108.1143415
2021-01-11,7582,f3d9000e-af0a-4979-9ac8-6404a882fa2a,39.036863,-108.1143415
2021-01-12,2790,f3d9000e-af0a-4979-9ac8-6404a882fa2a,39.036863,-108.1143415
2021-01-13,5393,f3d9000e-af0a-4979-9ac8-6404a882fa2a,39.036863,-108.1143415
2021-01-14,6840,f3d9000e-af0a-4979-9ac8-6404a882fa2a,39.036863,-108.1143415
2021-01-15,7342,f3d9000e-af0a-4979-9ac8-6404a882fa2a,39.036863,-108.1143415
2021-01-16,5425,f3d9000e-af0a-4979-9ac8-6404a882fa2a,39.036863,-108.1143415
2021-01-17,5517,f3d9000e-af0a-4979-9ac8-6404a882fa2a,39.036863,-108.1143415
2021-01-18,3694,f3d9000e-af0a-4979-9ac8-6404a882fa2a,39.036863,-108.1143415
2021-01-19,5275,f3d9000e-af0a-4979-9ac8-6404a882fa2a,39.036863,-108.1143415
2021-01-20,6387,f3d9000e-af0a-4979-9ac8-6404a882fa2a,39.036863,-108.1143415
2021-01-21,1139,f3d9000e-af0a-4979-9ac8-6404a882fa2a,39.036863,-108.1143415
2021-01-22,1384,f3d9000e-af0a-4979-9ac8-6404a882fa2a,39.036863,-108.1143415
2021-01-23,3273,f3d9000e-af0a-4979-9ac8-6404a882fa2a,39.036863,-108.1143415
2021-01-24,1384,f3d9000e-af0a-4979-9ac8-6404a882fa2a,39.036863,-108.1143415
2021-01-25,4309,f3d9000e-af0a-4979-9ac8-6404a882fa2a,39.036863,-108.1143415
2021-01-26,3179,f3d9000e-af0a-4979-9ac8-6404a882fa2a,39.036863,-108.1143415
2021-01-27,6722,f3d9000e-af0a-4979-9ac8-6404a882fa2a,39.036863,-108.1143415
2021-01-28,4068,f3d9000e-af0a-4979-9ac8-6404a882fa2a,39.036863,-108.1143415
2021-01-29,878,f3d9000e-af0a-4979-9ac8-6404a882fa2a,39.036863,-108.1143415
2021-01-30,1921,f3d9000e-af0a-4979-9ac8-6404a882fa2a,39.036863,-108.1143415
2021-01-31,6328,f3d9000e-af0a-4979-9ac8-6404a882fa2a,39.036863,-108.1143415
2021-02-01,4208,f3d9000e-af0a-4979-9ac8-6404a882fa2a,39.036863,-108.1143415
2021-02-02,2259,f3d9000e-af0a-4979-9ac8-6404a882fa2a,39.036863,-108.1143415
2021-02-03,2963,f3d9000e-af0a-4979-9ac8-6404a882fa2a,39.036863,-108.1143415
2021-02-04,5384,f3d9000e-af0a-4979-9ac8-6404a882fa2a,39.036863,-108.1143415
2021-02-05,1131,f3d9000e-af0a-4979-9ac8-6404a882fa2a,39.036863,-108.1143415
2021-02-06,6527,f3d9000e-af0a-4979-9ac8-6404a882fa2a,39.036863,-108.1143415
2021-02-07,6833,f3d9000e-af0a-4979-9ac8-6404a882fa2a,39.036863,-108.1143415
2021-02-08,7363,f3d9000e-af0a-4979-9ac8-6404a882fa2a,39.036863,-108.1143415
2021-02-09,3519,f3d9000e-af0a-4979-9ac8-6404a882fa2a,39.036863,-108.1143415
2021-02-10,1637,f3d9000e-af0a-4979-9ac8-6404a882fa2a,39.036863,-108.1143415
2021-02-11,1801,f3d9000e-af0a-4979-9ac8-6404a882fa2a,39.036863,-108.1143415
2021-02-12,1360,f3d9000e-af0a-4979-9ac8-6404a882fa2a,39.036863,-108.1143415
2021-02-13,4758,f3d9000e-af0a-4979-9ac8-6404a882fa2a,39.036863,-108.1143415
2021-02-14,5864,f3d9000e-af0a-4979-9ac8-6404a882fa2a,39.036863,-108.1143415
2021-02-15,2635,f3d9000e-af0a-4979-9ac8-6404a882fa2a,39.036863,-108.1143415
2021-02-16,1217,f3d9000e-af0a-4979-9ac8-6404a882fa2a,39.036863,-108.1143415
2021-02-17,5531,f3d9000e-af0a-4979-9ac8-6404a882fa2a,39.036863,-108.1143415
2021-02-18,3778,f3d9000e-af0a-4979-9ac8-6404a882fa2a,39.036863,-108.1143415
2021-02-19,3174,f3d9000e-af0a-4979-9ac8-6404a882fa2a,39.036863,-108.1143415
2021-02-20,7208,f3d9000e-af0a-4979-9ac8-6404a882fa2a,39.036863,-108.1143415
2021-02-21,6757,f3d9000e-af0a-4979-9ac8-6404a882fa2a,39.036863,-108.1143415
2021-02-22,7373,f3d9000e-af0a-4979-9ac8-6404a882fa2a,39.036863,-108.1143415
2021-02-23,7173,f3d9000e-af0a-4979-9ac8-6404a882fa2a,39.036863,-108.1143415
2021-02-24,7997,f3d9000e-af0a-4979-9ac8-6404a882fa2a,39.036863,-108.1143415
2021-02-25,2757,f3d9000e-af0a-4979-9ac8-6404a882fa2a,39.036863,-108.1143415
2021-02-26,8027,f3d9000e-af0a-4979-9ac8-6404a882fa2a,39.036863,-108.1143415
2021-02-27,4895,f3d9000e-af0a-4979-9ac8-6404a882fa2a,39.036863,-108.1143415
2021-02-28,6158,f3d9000e-af0a-4979-9ac8-6404a882fa2a,39.036863,-108.1143415
2021-03-01,6342,f3d9000e-af0a-4979-9ac8-6404a882fa2a,39.036863,-108.1143415
2021-03-02,7154,f3d9000e-af0a-4979-9ac8-6404a882fa2a,39.036863,-108.1143415
2021-03-03,7597,f3d9000e-af0a-4979-9ac8-6404a882fa2a,39.036863,-108.1143415
2021-03-04,3606,f3d9000e-af0a-4979-9ac8-6404a882fa2a,39.036863,-108.1143415
2021-03-05,7444,f3d9000e-af0a-4979-9ac8-6404a882fa2a,39.036863,-108.1143415
2021-03-06,6544,f3d9000e-af0a-4979-9ac8-6404a882fa2a,39.036863,-108.1143415
2021-03-07,8191,f3d9000e-af0a-4979-9ac8-6404a882fa2a,39.036863,-108.1143415
2021-03-08,3934,f3d9000e-af0a-4979-9ac8-6404a882fa2a,39.036863,-108.1143415
2021-03-09,5012,f3d9000e-af0a-4979-9ac8-6404a882fa2a,39.036863,-108.1143415
2021-03-10,5339,f3d9000e-af0a-4979-9ac8-6404a882fa2a,39.036863,-108.1143415
2021-03-11,1436,f3d9000e-af0a-4979-9ac8-6404a882fa2a,39.036863,-108.1143415
2021-03-12,5403,f3d9000e-af0a-4979-9ac8-6404a882fa2a,39.036863,-108.1143415
2021-03-13,2784,f3d9000e-af0a-4979-9ac8-6404a882fa2a,39.036863,-108.1143415
2021-03-14,5176,f3d9000e-af0a-4979-9ac8-6404a882fa2a,39.036863,-108.1143415
2021-03-15,4666,f3d9000e-af0a-4979-9ac8-6404a882fa2a,39.036863,-108.1143415
2021-03-16,3837,f3d9000e-af0a-4979-9ac8-6404a882fa2a,39.036863,-108.1143415
2021-03-17,6551,f3d9000e-af0a-4979-9ac8-6404a882fa2a,39.036863,-108.1143415
2021-03-18,5710,f3d9000e-af0a-4979-9ac8-6404a882fa2a,39.036863,-108.1143415
2021-03-19,7916,f3d9000e-af0a-4979-9ac8-6404a882fa2a,39.036863,-108.1143415
2021-03-20,6111,f3d9000e-af0a-4979-9ac8-6404a882fa2a,39.036863,-108.1143415
2021-03-21,6303,f3d9000e-af0a-4979-9ac8-6404a882fa2a,39.036863,-108.1143415
2021-03-22,2506,f3d9000e-af0a-4979-9ac8-6404a882fa2a,39.036863,-108.1143415
2021-03-23,2945,f3d9000e-af0a-4979-9ac8-6404a882fa2a,39.036863,-108.1143415
2021-03-24,1242,f3d9000e-af0a-4979-9ac8-6404a882fa2a,39.036863,-108.1143415
2021-03-25,4379,f3d9000e-af0a-4979-9ac8-6404a882fa2a,39.036863,-108.1143415
2021-03-26,5422,f3d9000e-af0a-4979-9ac8-6404a882fa2a,39.036863,-108.1143415
2021-03-27,2924,f3d9000e-af0a-4979-9ac8-6404a882fa2a,39.036863,-108.1143415
2021-03-28,7782,f3d9000e-af0a-4979-9ac8-6404a882fa2a,39.036863,-108.1143415
2021-03-29,7466,f3d9000e-af0a-4979-9ac8-6404a882fa2a,39.036863,-108.1143415
2021-03-30,7298,f3d9000e-af0a-4979-9ac8-6404a882fa2a,39.036863,-108.1143415
2021-03-31,7060,f3d9000e-af0a-4979-9ac8-6404a882fa2a,39.036863,-108.1143415
2021-04-01,8229,f3d9000e-af0a-4979-9ac8-6404a882fa2a,39.036863,-108.1143415
2021-04-02,8810,f3d9000e-af0a-4979-9ac8-6404a882fa2a,39.036863,-108.1143415
2021-04-03,8092,f3d9000e-af0a-4979-9ac8-6404a882fa2a,39.036863,-108.1143415
2021-04-04,9008,f3d9000e-af0a-4979-9ac8-6404a882fa2a,39.036863,-108.1143415
2021-04-05,7257,f3d9000e-af0a-4979-9ac8-6404a882fa2a,39.036863,-108.1143415
2021-04-06,8937,f3d9000e-af0a-4979-9ac8-6404a882fa2a,39.036863,-108.1143415
2021-04-07,7519,f3d9000e-af0a-4979-9ac8-6404a882fa2a,39.036863,-108.1143415
2021-04-08,8573,f3d9000e-af0a-4979-9ac8-6404a882fa2a,39.036863,-108.1143415
2021-04-09,8523,f3d9000e-af0a-4979-9ac8-6404a882fa2a,39.036863,-108.1143415
2021-04-10,8410,f3d9000e-af0a-4979-9ac8-6404a882fa2a,39.036863,-108.1143415
2021-04-11,8770,f3d9000e-af0a-4979-9ac8-6404a882fa2a,39.036863,-108.1143415
2021-04-12,7995,f3d9000e-af0a-4979-9ac8-6404a882fa2a,39.036863,-108.1143415
2021-04-13,4825,f3d9000e-af0a-4979-9ac8-6404a882fa2a,39.036863,-108.1143415
2021-04-14,2523,f3d9000e-af0a-4979-9ac8-6404a882fa2a,39.036863,-108.1143415
2021-04-15,2276,f3d9000e-af0a-4979-9ac8-6404a882fa2a,39.036863,-108.1143415
2021-04-16,1071,f3d9000e-af0a-4979-9ac8-6404a882fa2a,39.036863,-108.1143415
2021-04-17,1135,f3d9000e-af0a-4979-9ac8-6404a882fa2a,39.036863,-108.1143415
2021-04-18,7099,f3d9000e-af0a-4979-9ac8-6404a882fa2a,39.036863,-108.1143415
2021-04-19,7062,f3d9000e-af0a-4979-9ac8-6404a882fa2a,39.036863,-108.1143415
2021-04-20,5821,f3d9000e-af0a-4979-9ac8-6404a882fa2a,39.036863,-108.1143415
2021-04-21,3802,f3d9000e-af0a-4979-9ac8-6404a882fa2a,39.036863,-108.1143415
2021-04-22,1287,f3d9000e-af0a-4979-9ac8-6404a882fa2a,39.036863,-108.1143415
2021-04-23,5996,f3d9000e-af0a-4979-9ac8-6404a882fa2a,39.036863,-108.1143415
2021-04-24,3670,f3d9000e-af0a-4979-9ac8-6404a882fa2a,39.036863,-108.1143415
2021-04-25,3719,f3d9000e-af0a-4979-9ac8-6404a882fa2a,39.036863,-108.1143415
2021-04-26,2981,f3d9000e-af0a-4979-9ac8-6404a882fa2a,39.036863,-108.1143415
2021-04-27,2955,f3d9000e-af0a-4979-9ac8-6404a882fa2a,39.036863,-108.1143415
2021-04-28,3071,f3d9000e-af0a-4979-9ac8-6404a882fa2a,39.036863,-108.1143415
2021-04-29,8743,f3d9000e-af0a-4979-9ac8-6404a882fa2a,39.036863,-108.1143415
2021-04-30,7926,f3d9000e-af0a-4979-9ac8-6404a882fa2a,39.036863,-108.1143415
2021-05-01,6258,f3d9000e-af0a-4979-9ac8-6404a882fa2a,39.036863,-108.1143415
2021-05-02,5012,f3d9000e-af0a-4979-9ac8-6404a882fa2a,39.036863,-108.1143415
2021-05-03,6276,f3d9000e-af0a-4979-9ac8-6404a882fa2a,39.036863,-108.1143415
2021-05-04,987,f3d9000e-af0a-4979-9ac8-6404a882fa2a,39.036863,-108.1143415
2021-05-05,7420,f3d9000e-af0a-4979-9ac8-6404a882fa2a,39.036863,-108.1143415
2021-05-06,9138,f3d9000e-af0a-4979-9ac8-6404a882fa2a,39.036863,-108.1143415
2021-05-07,6586,f3d9000e-af0a-4979-9ac8-6404a882fa2a,39.036863,-108.1143415
2021-05-08,8613,f3d9000e-af0a-4979-9ac8-6404a882fa2a,39.036863,-108.1143415
2021-05-09,3721,f3d9000e-af0a-4979-9ac8-6404a882fa2a,39.036863,-108.1143415
2021-05-10,6371,f3d9000e-af0a-4979-9ac8-6404a882fa2a,39.036863,-108.1143415
2021-05-11,4913,f3d9000e-af0a-4979-9ac8-6404a882fa2a,39.036863,-108.1143415
2021-05-12,5842,f3d9000e-af0a-4979-9ac8-6404a882fa2a,39.036863,-108.1143415
2021-05-13,7526,f3d9000e-af0a-4979-9ac8-6404a882fa2a,39.036863,-108.1143415
2021-05-14,6641,f3d9000e-af0a-4979-9ac8-6404a882fa2a,39.036863,-108.1143415
2021-05-15,5366,f3d9000e-af0a-4979-9ac8-6404a882fa2a,39.036863,-108.1143415
2021-05-16,6495,f3d9000e-af0a-4979-9ac8-6404a882fa2a,39.036863,-108.1143415
2021-05-17,4229,f3d9000e-af0a-4979-9ac8-6404a882fa2a,39.036863,-108.1143415
2021-05-18,936,f3d9000e-af0a-4979-9ac8-6404a882fa2a,39.036863,-108.1143415
2021-05-19,2130,f3d9000e-af0a-4979-9ac8-6404a882fa2a,39.036863,-108.1143415
2021-05-20,3345,f3d9000e-af0a-4979-9ac8-6404a882fa2a,39.036863,-108.1143415
2021-05-21,3847,f3d9000e-af0a-4979-9ac8-6404a882fa2a,39.036863,-108.1143415
2021-05-22,1642,f3d9000e-af0a-4979-9ac8-6404a882fa2a,39.036863,-108.1143415
2021-05-23,-1007,f3d9000e-af0a-4979-9ac8-6404a882fa2a,39.036863,-108.1143415
2021-05-24,-1194,f3d9000e-af0a-4979-9ac8-6404a882fa2a,39.036863,-108.1143415
2021-05-25,13,f3d9000e-af0a-4979-9ac8-6404a882fa2a,39.036863,-108.1143415
2021-05-26,2667,f3d9000e-af0a-4979-9ac8-6404a882fa2a,39.036863,-108.1143415
2021-05-27,-2758,f3d9000e-af0a-4979-9ac8-6404a882fa2a,39.036863,-108.1143415
2021-05-28,-2707,f3d9000e-af0a-4979-9ac8-6404a882fa2a,39.036863,-108.1143415
2021-05-29,-244,f3d9000e-af0a-4979-9ac8-6404a882fa2a,39.036863,-108.1143415
2021-05-30,-2071,f3d9000e-af0a-4979-9ac8-6404a882fa2a,39.036863,-108.1143415
2021-05-31,-3448,f3d9000e-af0a-4979-9ac8-6404a882fa2a,39.036863,-108.1143415
2021-06-01,-1753,f3d9000e-af0a-4979-9ac8-6404a882fa2a,39.036863,-108.1143415
2021-06-02,-3862,f3d9000e-af0a-4979-9ac8-6404a882fa2a,39.036863,-108.1143415
2021-06-03,-1465,f3d9000e-af0a-4979-9ac8-6404a882fa2a,39.036863,-108.1143415
2021-06-04,-3983,f3d9000e-af0a-4979-9ac8-6404a882fa2a,39.036863,-108.1143415
2021-06-05,958,f3d9000e-af0a-4979-9ac8-6404a882fa2a,39.036863,-108.1143415
2021-06-06,-3157,f3d9000e-af0a-4979-9ac8-6404a882fa2a,39.036863,-108.1143415
2021-06-07,-3815,f3d9000e-af0a-4979-9ac8-6404a882fa2a,39.036863,-108.1143415
2021-06-08,-2988,f3d9000e-af0a-4979-9ac8-6404a882fa2a,39.036863,-108.1143415
2021-06-09,-4259,f3d9000e-af0a-4979-9ac8-6404a882fa2a,39.036863,-108.1143415
2021-06-10,-1926,f3d9000e-af0a-4979-9ac8-6404a882fa2a,39.036863,-108.1143415
2021-06-11,-4062,f3d9000e-af0a-4979-9ac8-6404a882fa2a,39.036863,-108.1143415
2021-06-12,-3230,f3d9000e-af0a-4979-9ac8-6404a882fa2a,39.036863,-108.1143415
2021-06-13,-3470,f3d9000e-af0a-4979-9ac8-6404a882fa2a,39.036863,-108.1143415
2021-06-14,-3605,f3d9000e-af0a-4979-9ac8-6404a882fa2a,39.036863,-108.1143415
2021-06-15,-1867,f3d9000e-af0a-4979-9ac8-6404a882fa2a,39.036863,-108.1143415
2021-06-16,-3,f3d9000e-af0a-4979-9ac8-6404a882fa2a,39.036863,-108.1143415
2021-06-17,-1165,f3d9000e-af0a-4979-9ac8-6404a882fa2a,39.036863,-108.1143415
2021-06-18,-522,f3d9000e-af0a-4979-9ac8-6404a882fa2a,39.036863,-108.1143415
2021-06-19,-828,f3d9000e-af0a-4979-9ac8-6404a882fa2a,39.036863,-108.1143415
2021-06-20,-3748,f3d9000e-af0a-4979-9ac8-6404a882fa2a,39.036863,-108.1143415
2021-06-21,-2946,f3d9000e-af0a-4979-9ac8-6404a882fa2a,39.036863,-108.1143415
2021-06-22,-2996,f3d9000e-af0a-4979-9ac8-6404a882fa2a,39.036863,-108.1143415
2021-06-23,2530,f3d9000e-af0a-4979-9ac8-6404a882fa2a,39.036863,-108.1143415
2021-06-24,3558,f3d9000e-af0a-4979-9ac8-6404a882fa2a,39.036863,-108.1143415
2021-06-25,-272,f3d9000e-af0a-4979-9ac8-6404a882fa2a,39.036863,-108.1143415
2021-06-26,575,f3d9000e-af0a-4979-9ac8-6404a882fa2a,39.036863,-108.1143415
2021-06-27,-3393,f3d9000e-af0a-4979-9ac8-6404a882fa2a,39.036863,-108.1143415
2021-06-28,-2331,f3d9000e-af0a-4979-9ac8-6404a882fa2a,39.036863,-108.1143415
2021-06-29,2308,f3d9000e-af0a-4979-9ac8-6404a882fa2a,39.036863,-108.1143415
2021-06-30,1015,f3d9000e-af0a-4979-9ac8-6404a882fa2a,39.036863,-108.1143415
2021-07-01,-1836,f3d9000e-af0a-4979-9ac8-6404a882fa2a,39.036863,-108.1143415
2021-07-02,-3417,f3d9000e-af0a-4979-9ac8-6404a882fa2a,39.036863,-108.1143415
2021-07-03,3297,f3d9000e-af0a-4979-9ac8-6404a882fa2a,39.036863,-108.1143415
2021-07-04,-4016,f3d9000e-af0a-4979-9ac8-6404a882fa2a,39.036863,-108.1143415
2021-07-05,-476,f3d9000e-af0a-4979-9ac8-6404a882fa2a,39.036863,-108.1143415
2021-07-06,-3740,f3d9000e-af0a-4979-9ac8-6404a882fa2a,39.036863,-108.1143415
2021-07-07,-2457,f3d9000e-af0a-4979-9ac8-6404a882fa2a,39.036863,-108.1143415
2021-07-08,-1863,f3d9000e-af0a-4979-9ac8-6404a882fa2a,39.036863,-108.1143415
2021-07-09,-3302,f3d9000e-af0a-4979-9ac8-6404a882fa2a,39.036863,-108.1143415
2021-07-10,-2397,f3d9000e-af0a-4979-9ac8-6404a882fa2a,39.036863,-108.1143415
2021-07-11,-1939,f3d9000e-af0a-4979-9ac8-6404a882fa2a,39.036863,-108.1143415
2021-07-12,-605,f3d9000e-af0a-4979-9ac8-6404a882fa2a,39.036863,-108.1143415
2021-07-13,-3837,f3d9000e-af0a-4979-9ac8-6404a882fa2a,39.036863,-108.1143415
2021-07-14,4662,f3d9000e-af0a-4979-9ac8-6404a882fa2a,39.036863,-108.1143415
2021-07-15,-3496,f3d9000e-af0a-4979-9ac8-6404a882fa2a,39.036863,-108.1143415
2021-07-16,-98,f3d9000e-af0a-4979-9ac8-6404a882fa2a,39.036863,-108.1143415
2021-07-17,3528,f3d9000e-af0a-4979-9ac8-6404a882fa2a,39.036863,-108.1143415
2021-07-18,-3961,f3d9000e-af0a-4979-9ac8-6404a882fa2a,39.036863,-108.1143415
2021-07-19,651,f3d9000e-af0a-4979-9ac8-6404a882fa2a,39.036863,-108.1143415
2021-07-20,1810,f3d9000e-af0a-4979-9ac8-6404a882fa2a,39.036863,-108.1143415
2021-07-21,2209,f3d9000e-af0a-4979-9ac8-6404a882fa2a,39.036863,-108.1143415
2021-07-22,330,f3d9000e-af0a-4979-9ac8-6404a882fa2a,39.036863,-108.1143415
2021-07-23,-3285,f3d9000e-af0a-4979-9ac8-6404a882fa2a,39.036863,-108.1143415
2021-07-24,2887,f3d9000e-af0a-4979-9ac8-6404a882fa2a,39.036863,-108.1143415
2021-07-25,1357,f3d9000e-af0a-4979-9ac8-6404a882fa2a,39.036863,-108.1143415
2021-07-26,1727,f3d9000e-af0a-4979-9ac8-6404a882fa2a,39.036863,-108.1143415
2021-07-27,2117,f3d9000e-af0a-4979-9ac8-6404a882fa2a,39.036863,-108.1143415
2021-07-28,-147,f3d9000e-af0a-4979-9ac8-6404a882fa2a,39.036863,-108.1143415
2021-07-29,-3714,f3d9000e-af0a-4979-9ac8-6404a882fa2a,39.036863,-108.1143415
2021-07-30,-484,f3d9000e-af0a-4979-9ac8-6404a882fa2a,39.036863,-108.1143415
2021-07-31,453,f3d9000e-af0a-4979-9ac8-6404a882fa2a,39.036863,-108.1143415
2021-08-01,2673,f3d9000e-af0a-4979-9ac8-6404a882fa2a,39.036863,-108.1143415
2021-08-02,-1617,f3d9000e-af0a-4979-9ac8-6404a882fa2a,39.036863,-108.1143415
2021-08-03,-2693,f3d9000e-af0a-4979-9ac8-6404a882fa2a,39.036863,-108.1143415
2021-08-04,452,f3d9000e-af0a-4979-9ac8-6404a882fa2a,39.036863,-108.1143415
2021-08-05,-3252,f3d9000e-af0a-4979-9ac8-6404a882fa2a,39.036863,-108.1143415
2021-08-06,-1960,f3d9000e-af0a-4979-9ac8-6404a882fa2a,39.036863,-108.1143415
2021-08-07,-1072,f3d9000e-af0a-4979-9ac8-6404a882fa2a,39.036863,-108.1143415
2021-08-08,-2626,f3d9000e-af0a-4979-9ac8-6404a882fa2a,39.036863,-108.1143415
2021-08-09,-2907,f3d9000e-af0a-4979-9ac8-6404a882fa2a,39.036863,-108.1143415
2021-08-10,-2818,f3d9000e-af0a-4979-9ac8-6404a882fa2a,39.036863,-108.1143415
2021-08-11,-2273,f3d9000e-af0a-4979-9ac8-6404a882fa2a,39.036863,-108.1143415
2021-08-12,-3904,f3d9000e-af0a-4979-9ac8-6404a882fa2a,39.036863,-108.1143415
2021-08-13,-1925,f3d9000e-af0a-4979-9ac8-6404a882fa2a,39.036863,-108.1143415
2021-08-14,-4131,f3d9000e-af0a-4979-9ac8-6404a882fa2a,39.036863,-108.1143415
2021-08-15,-2570,f3d9000e-af0a-4979-9ac8-6404a882fa2a,39.036863,-108.1143415
2021-08-16,305,f3d9000e-af0a-4979-9ac8-6404a882fa2a,39.036863,-108.1143415
2021-08-17,-2635,f3d9000e-af0a-4979-9ac8-6404a882fa2a,39.036863,-108.1143415
2021-08-18,1616,f3d9000e-af0a-4979-9ac8-6404a882fa2a,39.036863,-108.1143415
2021-08-19,138,f3d9000e-af0a-4979-9ac8-6404a882fa2a,39.036863,-108.1143415
2021-08-20,-789,f3d9000e-af0a-4979-9ac8-6404a882fa2a,39.036863,-108.1143415
2021-08-21,-3384,f3d9000e-af0a-4979-9ac8-6404a882fa2a,39.036863,-108.1143415
2021-08-22,-2426,f3d9000e-af0a-4979-9ac8-6404a882fa2a,39.036863,-108.1143415
2021-08-23,-3954,f3d9000e-af0a-4979-9ac8-6404a882fa2a,39.036863,-108.1143415
2021-08-24,-3803,f3d9000e-af0a-4979-9ac8-6404a882fa2a,39.036863,-108.1143415
2021-08-25,-3719,f3d9000e-af0a-4979-9ac8-6404a882fa2a,39.036863,-108.1143415
2021-08-26,4827,f3d9000e-af0a-4979-9ac8-6404a882fa2a,39.036863,-108.1143415
2021-08-27,-3049,f3d9000e-af0a-4979-9ac8-6404a882fa2a,39.036863,-108.1143415
2021-08-28,-4420,f3d9000e-af0a-4979-9ac8-6404a882fa2a,39.036863,-108.1143415
2021-08-29,-1575,f3d9000e-af0a-4979-9ac8-6404a882fa2a,39.036863,-108.1143415
2021-08-30,-4103,f3d9000e-af0a-4979-9ac8-6404a882fa2a,39.036863,-108.1143415
2021-08-31,-2413,f3d9000e-af0a-4979-9ac8-6404a882fa2a,39.036863,-108.1143415
2021-09-01,3267,f3d9000e-af0a-4979-9ac8-6404a882fa2a,39.036863,-108.1143415
2021-09-02,-412,f3d9000e-af0a-4979-9ac8-6404a882fa2a,39.036863,-108.1143415
2021-09-03,895,f3d9000e-af0a-4979-9ac8-6404a882fa2a,39.036863,-108.1143415
2021-09-04,-4009,f3d9000e-af0a-4979-9ac8-6404a882fa2a,39.036863,-108.1143415
2021-09-05,-2008,f3d9000e-af0a-4979-9ac8-6404a882fa2a,39.036863,-108.1143415
2021-09-06,-4107,f3d9000e-af0a-4979-9ac8-6404a882fa2a,39.036863,-108.1143415
2021-09-07,-2800,f3d9000e-af0a-4979-9ac8-6404a882fa2a,39.036863,-108.1143415
2021-09-08,-3810,f3d9000e-af0a-4979-9ac8-6404a882fa2a,39.036863,-108.1143415
2021-09-09,-3824,f3d9000e-af0a-4979-9ac8-6404a882fa2a,39.036863,-108.1143415
2021-09-10,-3620,f3d9000e-af0a-4979-9ac8-6404a882fa2a,39.036863,-108.1143415
2021-09-11,1709,f3d9000e-af0a-4979-9ac8-6404a882fa2a,39.036863,-108.1143415
2021-09-12,-2166,f3d9000e-af0a-4979-9ac8-6404a882fa2a,39.036863,-108.1143415
2021-09-13,-4228,f3d9000e-af0a-4979-9ac8-6404a882fa2a,39.036863,-108.1143415
2021-09-14,3410,f3d9000e-af0a-4979-9ac8-6404a882fa2a,39.036863,-108.1143415
2021-09-15,-4367,f3d9000e-af0a-4979-9ac8-6404a882fa2a,39.036863,-108.1143415
2021-09-16,-1295,f3d9000e-af0a-4979-9ac8-6404a882fa2a,39.036863,-108.1143415
2021-09-17,-3674,f3d9000e-af0a-4979-9ac8-6404a882fa2a,39.036863,-108.1143415
2021-09-18,-1694,f3d9000e-af0a-4979-9ac8-6404a882fa2a,39.036863,-108.1143415
2021-09-19,1065,f3d9000e-af0a-4979-9ac8-6404a882fa2a,39.036863,-108.1143415
2021-09-20,-4079,f3d9000e-af0a-4979-9ac8-6404a882fa2a,39.036863,-108.1143415
2021-09-21,-2429,f3d9000e-af0a-4979-9ac8-6404a882fa2a,39.036863,-108.1143415
2021-09-23,-810,f3d9000e-af0a-4979-9ac8-6404a882fa2a,39.036863,-108.1143415
2021-09-24,-4090,f3d9000e-af0a-4979-9ac8-6404a882fa2a,39.036863,-108.1143415
2021-09-25,-3641,f3d9000e-af0a-4979-9ac8-6404a882fa2a,39.036863,-108.1143415
2021-09-26,-2123,f3d9000e-af0a-4979-9ac8-6404a882fa2a,39.036863,-108.1143415
2021-09-27,1006,f3d9000e-af0a-4979-9ac8-6404a882fa2a,39.036863,-108.1143415
2021-09-28,3555,f3d9000e-af0a-4979-9ac8-6404a882fa2a,39.036863,-108.1143415
2021-09-29,3178,f3d9000e-af0a-4979-9ac8-6404a882fa2a,39.036863,-108.1143415
2021-09-30,193,f3d9000e-af0a-4979-9ac8-6404a882fa2a,39.036863,-108.1143415
2021-10-01,-135,f3d9000e-af0a-4979-9ac8-6404a882fa2a,39.036863,-108.1143415
2021-10-02,-2849,f3d9000e-af0a-4979-9ac8-6404a882fa2a,39.036863,-108.1143415
2021-10-03,-3025,f3d9000e-af0a-4979-9ac8-6404a882fa2a,39.036863,-108.1143415
2021-10-04,-2332,f3d9000e-af0a-4979-9ac8-6404a882fa2a,39.036863,-108.1143415
2021-10-05,-1040,f3d9000e-af0a-4979-9ac8-6404a882fa2a,39.036863,-108.1143415
2021-10-06,921,f3d9000e-af0a-4979-9ac8-6404a882fa2a,39.036863,-108.1143415
2021-10-07,-995,f3d9000e-af0a-4979-9ac8-6404a882fa2a,39.036863,-108.1143415
2021-10-08,4350,f3d9000e-af0a-4979-9ac8-6404a882fa2a,39.036863,-108.1143415
2021-10-09,2439,f3d9000e-af0a-4979-9ac8-6404a882fa2a,39.036863,-108.1143415
2021-10-10,450,f3d9000e-af0a-4979-9ac8-6404a882fa2a,39.036863,-108.1143415
2021-10-11,-3240,f3d9000e-af0a-4979-9ac8-6404a882fa2a,39.036863,-108.1143415
2021-10-12,4265,f3d9000e-af0a-4979-9ac8-6404a882fa2a,39.036863,-108.1143415
2021-10-13,1719,f3d9000e-af0a-4979-9ac8-6404a882fa2a,39.036863,-108.1143415
2021-10-14,5502,f3d9000e-af0a-4979-9ac8-6404a882fa2a,39.036863,-108.1143415
2021-10-15,7504,f3d9000e-af0a-4979-9ac8-6404a882fa2a,39.036863,-108.1143415
2021-10-16,7132,f3d9000e-af0a-4979-9ac8-6404a882fa2a,39.036863,-108.1143415
2021-10-17,8354,f3d9000e-af0a-4979-9ac8-6404a882fa2a,39.036863,-108.1143415
2021-10-18,7951,f3d9000e-af0a-4979-9ac8-6404a882fa2a,39.036863,-108.1143415
2021-10-19,5369,f3d9000e-af0a-4979-9ac8-6404a882fa2a,39.036863,-108.1143415
2021-10-20,7126,f3d9000e-af0a-4979-9ac8-6404a882fa2a,39.036863,-108.1143415
2021-10-21,6485,f3d9000e-af0a-4979-9ac8-6404a882fa2a,39.036863,-108.1143415
2021-10-22,6515,f3d9000e-af0a-4979-9ac8-6404a882fa2a,39.036863,-108.1143415
2021-10-23,385,f3d9000e-af0a-4979-9ac8-6404a882fa2a,39.036863,-108.1143415
2021-10-24,7339,f3d9000e-af0a-4979-9ac8-6404a882fa2a,39.036863,-108.1143415
2021-10-25,8580,f3d9000e-af0a-4979-9ac8-6404a882fa2a,39.036863,-108.1143415
2021-10-26,1590,f3d9000e-af0a-4979-9ac8-6404a882fa2a,39.036863,-108.1143415
2021-10-27,6704,f3d9000e-af0a-4979-9ac8-6404a882fa2a,39.036863,-108.1143415
2021-10-28,4295,f3d9000e-af0a-4979-9ac8-6404a882fa2a,39.036863,-108.1143415
2021-10-29,8065,f3d9000e-af0a-4979-9ac8-6404a882fa2a,39.036863,-108.1143415
2021-10-30,7391,f3d9000e-af0a-4979-9ac8-6404a882fa2a,39.036863,-108.1143415
2021-10-31,4267,f3d9000e-af0a-4979-9ac8-6404a882fa2a,39.036863,-108.1143415
2021-11-01,3496,f3d9000e-af0a-4979-9ac8-6404a882fa2a,39.036863,-108.1143415
2021-11-02,2967,f3d9000e-af0a-4979-9ac8-6404a882fa2a,39.036863,-108.1143415
2021-11-03,5303,f3d9000e-af0a-4979-9ac8-6404a882fa2a,39.036863,-108.1143415
2021-11-04,6901,f3d9000e-af0a-4979-9ac8-6404a882fa2a,39.036863,-108.1143415
2021-11-05,8061,f3d9000e-af0a-4979-9ac8-6404a882fa2a,39.036863,-108.1143415
2021-11-06,6297,f3d9000e-af0a-4979-9ac8-6404a882fa2a,39.036863,-108.1143415
2021-11-07,8344,f3d9000e-af0a-4979-9ac8-6404a882fa2a,39.036863,-108.1143415
2021-11-08,1535,f3d9000e-af0a-4979-9ac8-6404a882fa2a,39.036863,-108.1143415
2021-11-09,2936,f3d9000e-af0a-4979-9ac8-6404a882fa2a,39.036863,-108.1143415
2021-11-10,2875,f3d9000e-af0a-4979-9ac8-6404a882fa2a,39.036863,-108.1143415
2021-11-11,7400,f3d9000e-af0a-4979-9ac8-6404a882fa2a,39.036863,-108.1143415
2021-11-12,7476,f3d9000e-af0a-4979-9ac8-6404a882fa2a,39.036863,-108.1143415
2021-11-13,7468,f3d9000e-af0a-4979-9ac8-6404a882fa2a,39.036863,-108.1143415
2021-11-14,7699,f3d9000e-af0a-4979-9ac8-6404a882fa2a,39.036863,-108.1143415
2021-11-15,5174,f3d9000e-af0a-4979-9ac8-6404a882fa2a,39.036863,-108.1143415
2021-11-16,3251,f3d9000e-af0a-4979-9ac8-6404a882fa2a,39.036863,-108.1143415
2021-11-17,7156,f3d9000e-af0a-4979-9ac8-6404a882fa2a,39.036863,-108.1143415
2021-11-18,6915,f3d9000e-af0a-4979-9ac8-6404a882fa2a,39.036863,-108.1143415
2021-11-19,3257,f3d9000e-af0a-4979-9ac8-6404a882fa2a,39.036863,-108.1143415
2021-11-20,566,f3d9000e-af0a-4979-9ac8-6404a882fa2a,39.036863,-108.1143415
2021-11-21,6269,f3d9000e-af0a-4979-9ac8-6404a882fa2a,39.036863,-108.1143415
2021-11-22,5921,f3d9000e-af0a-4979-9ac8-6404a882fa2a,39.036863,-108.1143415
2021-11-23,4276,f3d9000e-af0a-4979-9ac8-6404a882fa2a,39.036863,-108.1143415
2021-11-24,956,f3d9000e-af0a-4979-9ac8-6404a882fa2a,39.036863,-108.1143415
2021-11-25,6780,f3d9000e-af0a-4979-9ac8-6404a882fa2a,39.036863,-108.1143415
2021-11-26,6311,f3d9000e-af0a-4979-9ac8-6404a882fa2a,39.036863,-108.1143415
2021-11-27,7005,f3d9000e-af0a-4979-9ac8-6404a882fa2a,39.036863,-108.1143415
2021-11-28,5912,f3d9000e-af0a-4979-9ac8-6404a882fa2a,39.036863,-108.1143415
2021-11-29,6711,f3d9000e-af0a-4979-9ac8-6404a882fa2a,39.036863,-108.1143415
2021-11-30,7878,f3d9000e-af0a-4979-9ac8-6404a882fa2a,39.036863,-108.1143415
2021-12-01,7049,f3d9000e-af0a-4979-9ac8-6404a882fa2a,39.036863,-108.1143415
2021-12-02,7940,f3d9000e-af0a-4979-9ac8-6404a882fa2a,39.036863,-108.1143415
2021-12-03,7334,f3d9000e-af0a-4979-9ac8-6404a882fa2a,39.036863,-108.1143415
2021-12-04,8076,f3d9000e-af0a-4979-9ac8-6404a882fa2a,39.036863,-108.1143415
2021-12-05,5296,f3d9000e-af0a-4979-9ac8-6404a882fa2a,39.036863,-108.1143415
2021-12-06,3091,f3d9000e-af0a-4979-9ac8-6404a882fa2a,39.036863,-108.1143415
2021-12-07,4807,f3d9000e-af0a-4979-9ac8-6404a882fa2a,39.036863,-108.1143415
2021-12-08,3047,f3d9000e-af0a-4979-9ac8-6404a882fa2a,39.036863,-108.1143415
2021-12-09,4365,f3d9000e-af0a-4979-9ac8-6404a882fa2a,39.036863,-108.1143415
2021-12-10,2476,f3d9000e-af0a-4979-9ac8-6404a882fa2a,39.036863,-108.1143415
2021-12-11,7118,f3d9000e-af0a-4979-9ac8-6404a882fa2a,39.036863,-108.1143415
2021-12-12,5907,f3d9000e-af0a-4979-9ac8-6404a882fa2a,39.036863,-108.1143415
2021-12-13,7177,f3d9000e-af0a-4979-9ac8-6404a882fa2a,39.036863,-108.1143415
2021-12-14,1391,f3d9000e-af0a-4979-9ac8-6404a882fa2a,39.036863,-108.1143415
2021-12-15,3389,f3d9000e-af0a-4979-9ac8-6404a882fa2a,39.036863,-108.1143415
2021-12-16,5924,f3d9000e-af0a-4979-9ac8-6404a882fa2a,39.036863,-108.1143415
2021-12-17,3228,f3d9000e-af0a-4979-9ac8-6404a882fa2a,39.036863,-108.1143415
2021-12-18,6736,f3d9000e-af0a-4979-9ac8-6404a882fa2a,39.036863,-108.1143415
2021-12-19,5957,f3d9000e-af0a-4979-9ac8-6404a882fa2a,39.036863,-108.1143415
2021-12-20,7121,f3d9000e-af0a-4979-9ac8-6404a882fa2a,39.036863,-108.1143415
2021-12-21,6689,f3d9000e-af0a-4979-9ac8-6404a882fa2a,39.036863,-108.1143415
2021-12-22,6152,f3d9000e-af0a-4979-9ac8-6404a882fa2a,39.036863,-108.1143415
2021-12-23,2769,f3d9000e-af0a-4979-9ac8-6404a882fa2a,39.036863,-108.1143415
2021-12-24,3195,f3d9000e-af0a-4979-9ac8-6404a882fa2a,39.036863,-108.1143415
2021-12-25,1463,f3d9000e-af0a-4979-9ac8-6404a882fa2a,39.036863,-108.1143415
2021-12-26,1571,f3d9000e-af0a-4979-9ac8-6404a882fa2a,39.036863,-108.1143415
2021-12-27,2586,f3d9000e-af0a-4979-9ac8-6404a882fa2a,39.036863,-108.1143415
2021-12-28,1543,f3d9000e-af0a-4979-9ac8-6404a882fa2a,39.036863,-108.1143415
2021-12-29,3378,f3d9000e-af0a-4979-9ac8-6404a882fa2a,39.036863,-108.1143415
2021-12-30,1969,f3d9000e-af0a-4979-9ac8-6404a882fa2a,39.036863,-108.1143415
