date,mod10a1_ndsi,cell_id,latitude,longitude
2020-01-01,5528,b6c5fb9d-22e4-41c1-bec6-551df2841904,38.9530825,-106.9914475
2020-01-02,5800,b6c5fb9d-22e4-41c1-bec6-551df2841904,38.9530825,-106.9914475
2020-01-03,6102,b6c5fb9d-22e4-41c1-bec6-551df2841904,38.9530825,-106.9914475
2020-01-04,7153,b6c5fb9d-22e4-41c1-bec6-551df2841904,38.9530825,-106.9914475
2020-01-05,6929,b6c5fb9d-22e4-41c1-bec6-551df2841904,38.9530825,-106.9914475
2020-01-06,4969,b6c5fb9d-22e4-41c1-bec6-551df2841904,38.9530825,-106.9914475
2020-01-07,7649,b6c5fb9d-22e4-41c1-bec6-551df2841904,38.9530825,-106.9914475
2020-01-08,2793,b6c5fb9d-22e4-41c1-bec6-551df2841904,38.9530825,-106.9914475
2020-01-09,3139,b6c5fb9d-22e4-41c1-bec6-551df2841904,38.9530825,-106.9914475
2020-01-10,2767,b6c5fb9d-22e4-41c1-bec6-551df2841904,38.9530825,-106.9914475
2020-01-11,2368,b6c5fb9d-22e4-41c1-bec6-551df2841904,38.9530825,-106.9914475
2020-01-12,4193,b6c5fb9d-22e4-41c1-bec6-551df2841904,38.9530825,-106.9914475
2020-01-13,2949,b6c5fb9d-22e4-41c1-bec6-551df2841904,38.9530825,-106.9914475
2020-01-14,7120,b6c5fb9d-22e4-41c1-bec6-551df2841904,38.9530825,-106.9914475
2020-01-15,5695,b6c5fb9d-22e4-41c1-bec6-551df2841904,38.9530825,-106.9914475
2020-01-16,5129,b6c5fb9d-22e4-41c1-bec6-551df2841904,38.9530825,-106.9914475
2020-01-17,3904,b6c5fb9d-22e4-41c1-bec6-551df2841904,38.9530825,-106.9914475
2020-01-18,2840,b6c5fb9d-22e4-41c1-bec6-551df2841904,38.9530825,-106.9914475
2020-01-19,7119,b6c5fb9d-22e4-41c1-bec6-551df2841904,38.9530825,-106.9914475
2020-01-20,7596,b6c5fb9d-22e4-41c1-bec6-551df2841904,38.9530825,-106.9914475
2020-01-21,4460,b6c5fb9d-22e4-41c1-bec6-551df2841904,38.9530825,-106.9914475
2020-01-22,4727,b6c5fb9d-22e4-41c1-bec6-551df2841904,38.9530825,-106.9914475
2020-01-23,3858,b6c5fb9d-22e4-41c1-bec6-551df2841904,38.9530825,-106.9914475
2020-01-24,6235,b6c5fb9d-22e4-41c1-bec6-551df2841904,38.9530825,-106.9914475
2020-01-25,5912,b6c5fb9d-22e4-41c1-bec6-551df2841904,38.9530825,-106.9914475
2020-01-26,4675,b6c5fb9d-22e4-41c1-bec6-551df2841904,38.9530825,-106.9914475
2020-01-27,3808,b6c5fb9d-22e4-41c1-bec6-551df2841904,38.9530825,-106.9914475
2020-01-28,6519,b6c5fb9d-22e4-41c1-bec6-551df2841904,38.9530825,-106.9914475
2020-01-29,6280,b6c5fb9d-22e4-41c1-bec6-551df2841904,38.9530825,-106.9914475
2020-01-30,5835,b6c5fb9d-22e4-41c1-bec6-551df2841904,38.9530825,-106.9914475
2020-01-31,3135,b6c5fb9d-22e4-41c1-bec6-551df2841904,38.9530825,-106.9914475
2020-02-01,7882,b6c5fb9d-22e4-41c1-bec6-551df2841904,38.9530825,-106.9914475
2020-02-02,7300,b6c5fb9d-22e4-41c1-bec6-551df2841904,38.9530825,-106.9914475
2020-02-03,1208,b6c5fb9d-22e4-41c1-bec6-551df2841904,38.9530825,-106.9914475
2020-02-04,2664,b6c5fb9d-22e4-41c1-bec6-551df2841904,38.9530825,-106.9914475
2020-02-05,4711,b6c5fb9d-22e4-41c1-bec6-551df2841904,38.9530825,-106.9914475
2020-02-06,4757,b6c5fb9d-22e4-41c1-bec6-551df2841904,38.9530825,-106.9914475
2020-02-07,1694,b6c5fb9d-22e4-41c1-bec6-551df2841904,38.9530825,-106.9914475
2020-02-08,6832,b6c5fb9d-22e4-41c1-bec6-551df2841904,38.9530825,-106.9914475
2020-02-09,2574,b6c5fb9d-22e4-41c1-bec6-551df2841904,38.9530825,-106.9914475
2020-02-10,3660,b6c5fb9d-22e4-41c1-bec6-551df2841904,38.9530825,-106.9914475
2020-02-11,5794,b6c5fb9d-22e4-41c1-bec6-551df2841904,38.9530825,-106.9914475
2020-02-12,3285,b6c5fb9d-22e4-41c1-bec6-551df2841904,38.9530825,-106.9914475
2020-02-13,1976,b6c5fb9d-22e4-41c1-bec6-551df2841904,38.9530825,-106.9914475
2020-02-14,6724,b6c5fb9d-22e4-41c1-bec6-551df2841904,38.9530825,-106.9914475
2020-02-15,2897,b6c5fb9d-22e4-41c1-bec6-551df2841904,38.9530825,-106.9914475
2020-02-16,2655,b6c5fb9d-22e4-41c1-bec6-551df2841904,38.9530825,-106.9914475
2020-02-17,5630,b6c5fb9d-22e4-41c1-bec6-551df2841904,38.9530825,-106.9914475
2020-02-18,5662,b6c5fb9d-22e4-41c1-bec6-551df2841904,38.9530825,-106.9914475
2020-02-19,7079,b6c5fb9d-22e4-41c1-bec6-551df2841904,38.9530825,-106.9914475
2020-02-20,6534,b6c5fb9d-22e4-41c1-bec6-551df2841904,38.9530825,-106.9914475
2020-02-21,7218,b6c5fb9d-22e4-41c1-bec6-551df2841904,38.9530825,-106.9914475
2020-02-22,5938,b6c5fb9d-22e4-41c1-bec6-551df2841904,38.9530825,-106.9914475
2020-02-23,4335,b6c5fb9d-22e4-41c1-bec6-551df2841904,38.9530825,-106.9914475
2020-02-24,4465,b6c5fb9d-22e4-41c1-bec6-551df2841904,38.9530825,-106.9914475
2020-02-25,3845,b6c5fb9d-22e4-41c1-bec6-551df2841904,38.9530825,-106.9914475
2020-02-26,7573,b6c5fb9d-22e4-41c1-bec6-551df2841904,38.9530825,-106.9914475
2020-02-27,6462,b6c5fb9d-22e4-41c1-bec6-551df2841904,38.9530825,-106.9914475
2020-02-28,7764,b6c5fb9d-22e4-41c1-bec6-551df2841904,38.9530825,-106.9914475
2020-02-29,7425,b6c5fb9d-22e4-41c1-bec6-551df2841904,38.9530825,-106.9914475
2020-03-01,3428,b6c5fb9d-22e4-41c1-bec6-551df2841904,38.9530825,-106.9914475
2020-03-02,4321,b6c5fb9d-22e4-41c1-bec6-551df2841904,38.9530825,-106.9914475
2020-03-03,6484,b6c5fb9d-22e4-41c1-bec6-551df2841904,38.9530825,-106.9914475
2020-03-04,8372,b6c5fb9d-22e4-41c1-bec6-551df2841904,38.9530825,-106.9914475
2020-03-05,7294,b6c5fb9d-22e4-41c1-bec6-551df2841904,38.9530825,-106.9914475
2020-03-06,8147,b6c5fb9d-22e4-41c1-bec6-551df2841904,38.9530825,-106.9914475
2020-03-07,5875,b6c5fb9d-22e4-41c1-bec6-551df2841904,38.9530825,-106.9914475
2020-03-08,4555,b6c5fb9d-22e4-41c1-bec6-551df2841904,38.9530825,-106.9914475
2020-03-09,5393,b6c5fb9d-22e4-41c1-bec6-551df2841904,38.9530825,-106.9914475
2020-03-10,3983,b6c5fb9d-22e4-41c1-bec6-551df2841904,38.9530825,-106.9914475
2020-03-11,2476,b6c5fb9d-22e4-41c1-bec6-551df2841904,38.9530825,-106.9914475
2020-03-12,2265,b6c5fb9d-22e4-41c1-bec6-551df2841904,38.9530825,-106.9914475
2020-03-13,2789,b6c5fb9d-22e4-41c1-bec6-551df2841904,38.9530825,-106.9914475
2020-03-14,4159,b6c5fb9d-22e4-41c1-bec6-551df2841904,38.9530825,-106.9914475
2020-03-15,6559,b6c5fb9d-22e4-41c1-bec6-551df2841904,38.9530825,-106.9914475
2020-03-16,8208,b6c5fb9d-22e4-41c1-bec6-551df2841904,38.9530825,-106.9914475
2020-03-17,3442,b6c5fb9d-22e4-41c1-bec6-551df2841904,38.9530825,-106.9914475
2020-03-18,7173,b6c5fb9d-22e4-41c1-bec6-551df2841904,38.9530825,-106.9914475
2020-03-19,4724,b6c5fb9d-22e4-41c1-bec6-551df2841904,38.9530825,-106.9914475
2020-03-20,5762,b6c5fb9d-22e4-41c1-bec6-551df2841904,38.9530825,-106.9914475
2020-03-21,4657,b6c5fb9d-22e4-41c1-bec6-551df2841904,38.9530825,-106.9914475
2020-03-22,5776,b6c5fb9d-22e4-41c1-bec6-551df2841904,38.9530825,-106.9914475
2020-03-23,5015,b6c5fb9d-22e4-41c1-bec6-551df2841904,38.9530825,-106.9914475
2020-03-24,2045,b6c5fb9d-22e4-41c1-bec6-551df2841904,38.9530825,-106.9914475
2020-03-25,2400,b6c5fb9d-22e4-41c1-bec6-551df2841904,38.9530825,-106.9914475
2020-03-26,8014,b6c5fb9d-22e4-41c1-bec6-551df2841904,38.9530825,-106.9914475
2020-03-27,5394,b6c5fb9d-22e4-41c1-bec6-551df2841904,38.9530825,-106.9914475
2020-03-28,3538,b6c5fb9d-22e4-41c1-bec6-551df2841904,38.9530825,-106.9914475
2020-03-29,6179,b6c5fb9d-22e4-41c1-bec6-551df2841904,38.9530825,-106.9914475
2020-03-30,3930,b6c5fb9d-22e4-41c1-bec6-551df2841904,38.9530825,-106.9914475
2020-03-31,6583,b6c5fb9d-22e4-41c1-bec6-551df2841904,38.9530825,-106.9914475
2020-04-01,7019,b6c5fb9d-22e4-41c1-bec6-551df2841904,38.9530825,-106.9914475
2020-04-02,3828,b6c5fb9d-22e4-41c1-bec6-551df2841904,38.9530825,-106.9914475
2020-04-03,7257,b6c5fb9d-22e4-41c1-bec6-551df2841904,38.9530825,-106.9914475
2020-04-04,1925,b6c5fb9d-22e4-41c1-bec6-551df2841904,38.9530825,-106.9914475
2020-04-05,9022,b6c5fb9d-22e4-41c1-bec6-551df2841904,38.9530825,-106.9914475
2020-04-06,8724,b6c5fb9d-22e4-41c1-bec6-551df2841904,38.9530825,-106.9914475
2020-04-07,9149,b6c5fb9d-22e4-41c1-bec6-551df2841904,38.9530825,-106.9914475
2020-04-08,9030,b6c5fb9d-22e4-41c1-bec6-551df2841904,38.9530825,-106.9914475
2020-04-09,8860,b6c5fb9d-22e4-41c1-bec6-551df2841904,38.9530825,-106.9914475
2020-04-10,8406,b6c5fb9d-22e4-41c1-bec6-551df2841904,38.9530825,-106.9914475
2020-04-11,8606,b6c5fb9d-22e4-41c1-bec6-551df2841904,38.9530825,-106.9914475
2020-04-12,5037,b6c5fb9d-22e4-41c1-bec6-551df2841904,38.9530825,-106.9914475
2020-04-13,3926,b6c5fb9d-22e4-41c1-bec6-551df2841904,38.9530825,-106.9914475
2020-04-14,6539,b6c5fb9d-22e4-41c1-bec6-551df2841904,38.9530825,-106.9914475
2020-04-15,1752,b6c5fb9d-22e4-41c1-bec6-551df2841904,38.9530825,-106.9914475
2020-04-16,3831,b6c5fb9d-22e4-41c1-bec6-551df2841904,38.9530825,-106.9914475
2020-04-17,6744,b6c5fb9d-22e4-41c1-bec6-551df2841904,38.9530825,-106.9914475
2020-04-18,4705,b6c5fb9d-22e4-41c1-bec6-551df2841904,38.9530825,-106.9914475
2020-04-19,6589,b6c5fb9d-22e4-41c1-bec6-551df2841904,38.9530825,-106.9914475
2020-04-20,5787,b6c5fb9d-22e4-41c1-bec6-551df2841904,38.9530825,-106.9914475
2020-04-21,7904,b6c5fb9d-22e4-41c1-bec6-551df2841904,38.9530825,-106.9914475
2020-04-22,4082,b6c5fb9d-22e4-41c1-bec6-551df2841904,38.9530825,-106.9914475
2020-04-23,1517,b6c5fb9d-22e4-41c1-bec6-551df2841904,38.9530825,-106.9914475
2020-04-24,2657,b6c5fb9d-22e4-41c1-bec6-551df2841904,38.9530825,-106.9914475
2020-04-25,8392,b6c5fb9d-22e4-41c1-bec6-551df2841904,38.9530825,-106.9914475
2020-04-26,7615,b6c5fb9d-22e4-41c1-bec6-551df2841904,38.9530825,-106.9914475
2020-04-27,8564,b6c5fb9d-22e4-41c1-bec6-551df2841904,38.9530825,-106.9914475
2020-04-28,8852,b6c5fb9d-22e4-41c1-bec6-551df2841904,38.9530825,-106.9914475
2020-04-29,7307,b6c5fb9d-22e4-41c1-bec6-551df2841904,38.9530825,-106.9914475
2020-04-30,7545,b6c5fb9d-22e4-41c1-bec6-551df2841904,38.9530825,-106.9914475
2020-05-01,2652,b6c5fb9d-22e4-41c1-bec6-551df2841904,38.9530825,-106.9914475
2020-05-02,6318,b6c5fb9d-22e4-41c1-bec6-551df2841904,38.9530825,-106.9914475
2020-05-03,4430,b6c5fb9d-22e4-41c1-bec6-551df2841904,38.9530825,-106.9914475
2020-05-04,4020,b6c5fb9d-22e4-41c1-bec6-551df2841904,38.9530825,-106.9914475
2020-05-05,3844,b6c5fb9d-22e4-41c1-bec6-551df2841904,38.9530825,-106.9914475
2020-05-06,3673,b6c5fb9d-22e4-41c1-bec6-551df2841904,38.9530825,-106.9914475
2020-05-07,980,b6c5fb9d-22e4-41c1-bec6-551df2841904,38.9530825,-106.9914475
2020-05-08,1690,b6c5fb9d-22e4-41c1-bec6-551df2841904,38.9530825,-106.9914475
2020-05-09,-124,b6c5fb9d-22e4-41c1-bec6-551df2841904,38.9530825,-106.9914475
2020-05-10,-415,b6c5fb9d-22e4-41c1-bec6-551df2841904,38.9530825,-106.9914475
2020-05-11,2767,b6c5fb9d-22e4-41c1-bec6-551df2841904,38.9530825,-106.9914475
2020-05-12,1489,b6c5fb9d-22e4-41c1-bec6-551df2841904,38.9530825,-106.9914475
2020-05-13,-34,b6c5fb9d-22e4-41c1-bec6-551df2841904,38.9530825,-106.9914475
2020-05-14,1445,b6c5fb9d-22e4-41c1-bec6-551df2841904,38.9530825,-106.9914475
2020-05-15,1384,b6c5fb9d-22e4-41c1-bec6-551df2841904,38.9530825,-106.9914475
2020-05-16,-3190,b6c5fb9d-22e4-41c1-bec6-551df2841904,38.9530825,-106.9914475
2020-05-17,-1249,b6c5fb9d-22e4-41c1-bec6-551df2841904,38.9530825,-106.9914475
2020-05-18,-4026,b6c5fb9d-22e4-41c1-bec6-551df2841904,38.9530825,-106.9914475
2020-05-19,-52,b6c5fb9d-22e4-41c1-bec6-551df2841904,38.9530825,-106.9914475
2020-05-20,-688,b6c5fb9d-22e4-41c1-bec6-551df2841904,38.9530825,-106.9914475
2020-05-21,-4775,b6c5fb9d-22e4-41c1-bec6-551df2841904,38.9530825,-106.9914475
2020-05-22,-2698,b6c5fb9d-22e4-41c1-bec6-551df2841904,38.9530825,-106.9914475
2020-05-23,-2725,b6c5fb9d-22e4-41c1-bec6-551df2841904,38.9530825,-106.9914475
2020-05-24,-3711,b6c5fb9d-22e4-41c1-bec6-551df2841904,38.9530825,-106.9914475
2020-05-25,-4912,b6c5fb9d-22e4-41c1-bec6-551df2841904,38.9530825,-106.9914475
2020-05-26,-4467,b6c5fb9d-22e4-41c1-bec6-551df2841904,38.9530825,-106.9914475
2020-05-27,-1415,b6c5fb9d-22e4-41c1-bec6-551df2841904,38.9530825,-106.9914475
2020-05-28,-1809,b6c5fb9d-22e4-41c1-bec6-551df2841904,38.9530825,-106.9914475
2020-05-29,-1281,b6c5fb9d-22e4-41c1-bec6-551df2841904,38.9530825,-106.9914475
2020-05-30,364,b6c5fb9d-22e4-41c1-bec6-551df2841904,38.9530825,-106.9914475
2020-05-31,274,b6c5fb9d-22e4-41c1-bec6-551df2841904,38.9530825,-106.9914475
2020-06-01,-4644,b6c5fb9d-22e4-41c1-bec6-551df2841904,38.9530825,-106.9914475
2020-06-02,-3622,b6c5fb9d-22e4-41c1-bec6-551df2841904,38.9530825,-106.9914475
2020-06-03,-4223,b6c5fb9d-22e4-41c1-bec6-551df2841904,38.9530825,-106.9914475
2020-06-04,-32,b6c5fb9d-22e4-41c1-bec6-551df2841904,38.9530825,-106.9914475
2020-06-05,-3580,b6c5fb9d-22e4-41c1-bec6-551df2841904,38.9530825,-106.9914475
2020-06-06,63,b6c5fb9d-22e4-41c1-bec6-551df2841904,38.9530825,-106.9914475
2020-06-07,36,b6c5fb9d-22e4-41c1-bec6-551df2841904,38.9530825,-106.9914475
2020-06-08,-4473,b6c5fb9d-22e4-41c1-bec6-551df2841904,38.9530825,-106.9914475
2020-06-09,2593,b6c5fb9d-22e4-41c1-bec6-551df2841904,38.9530825,-106.9914475
2020-06-10,-3848,b6c5fb9d-22e4-41c1-bec6-551df2841904,38.9530825,-106.9914475
2020-06-11,-4207,b6c5fb9d-22e4-41c1-bec6-551df2841904,38.9530825,-106.9914475
2020-06-12,-3814,b6c5fb9d-22e4-41c1-bec6-551df2841904,38.9530825,-106.9914475
2020-06-14,-2715,b6c5fb9d-22e4-41c1-bec6-551df2841904,38.9530825,-106.9914475
2020-06-15,513,b6c5fb9d-22e4-41c1-bec6-551df2841904,38.9530825,-106.9914475
2020-06-16,-710,b6c5fb9d-22e4-41c1-bec6-551df2841904,38.9530825,-106.9914475
2020-06-17,-4179,b6c5fb9d-22e4-41c1-bec6-551df2841904,38.9530825,-106.9914475
2020-06-18,-2829,b6c5fb9d-22e4-41c1-bec6-551df2841904,38.9530825,-106.9914475
2020-06-20,-4107,b6c5fb9d-22e4-41c1-bec6-551df2841904,38.9530825,-106.9914475
2020-06-21,-798,b6c5fb9d-22e4-41c1-bec6-551df2841904,38.9530825,-106.9914475
2020-06-22,-3524,b6c5fb9d-22e4-41c1-bec6-551df2841904,38.9530825,-106.9914475
2020-06-23,-3050,b6c5fb9d-22e4-41c1-bec6-551df2841904,38.9530825,-106.9914475
2020-06-24,-3419,b6c5fb9d-22e4-41c1-bec6-551df2841904,38.9530825,-106.9914475
2020-06-25,-2176,b6c5fb9d-22e4-41c1-bec6-551df2841904,38.9530825,-106.9914475
2020-06-26,-3957,b6c5fb9d-22e4-41c1-bec6-551df2841904,38.9530825,-106.9914475
2020-06-27,-3699,b6c5fb9d-22e4-41c1-bec6-551df2841904,38.9530825,-106.9914475
2020-06-28,1434,b6c5fb9d-22e4-41c1-bec6-551df2841904,38.9530825,-106.9914475
2020-06-29,-3840,b6c5fb9d-22e4-41c1-bec6-551df2841904,38.9530825,-106.9914475
2020-06-30,-3421,b6c5fb9d-22e4-41c1-bec6-551df2841904,38.9530825,-106.9914475
2020-07-01,-4262,b6c5fb9d-22e4-41c1-bec6-551df2841904,38.9530825,-106.9914475
2020-07-02,-1846,b6c5fb9d-22e4-41c1-bec6-551df2841904,38.9530825,-106.9914475
2020-07-03,-2980,b6c5fb9d-22e4-41c1-bec6-551df2841904,38.9530825,-106.9914475
2020-07-04,-528,b6c5fb9d-22e4-41c1-bec6-551df2841904,38.9530825,-106.9914475
2020-07-05,-3851,b6c5fb9d-22e4-41c1-bec6-551df2841904,38.9530825,-106.9914475
2020-07-06,-1299,b6c5fb9d-22e4-41c1-bec6-551df2841904,38.9530825,-106.9914475
2020-07-07,-3806,b6c5fb9d-22e4-41c1-bec6-551df2841904,38.9530825,-106.9914475
2020-07-08,-4303,b6c5fb9d-22e4-41c1-bec6-551df2841904,38.9530825,-106.9914475
2020-07-09,-3363,b6c5fb9d-22e4-41c1-bec6-551df2841904,38.9530825,-106.9914475
2020-07-10,-4358,b6c5fb9d-22e4-41c1-bec6-551df2841904,38.9530825,-106.9914475
2020-07-11,-4084,b6c5fb9d-22e4-41c1-bec6-551df2841904,38.9530825,-106.9914475
2020-07-12,413,b6c5fb9d-22e4-41c1-bec6-551df2841904,38.9530825,-106.9914475
2020-07-13,5016,b6c5fb9d-22e4-41c1-bec6-551df2841904,38.9530825,-106.9914475
2020-07-14,-1115,b6c5fb9d-22e4-41c1-bec6-551df2841904,38.9530825,-106.9914475
2020-07-15,-3570,b6c5fb9d-22e4-41c1-bec6-551df2841904,38.9530825,-106.9914475
2020-07-16,-127,b6c5fb9d-22e4-41c1-bec6-551df2841904,38.9530825,-106.9914475
2020-07-17,-282,b6c5fb9d-22e4-41c1-bec6-551df2841904,38.9530825,-106.9914475
2020-07-18,-1002,b6c5fb9d-22e4-41c1-bec6-551df2841904,38.9530825,-106.9914475
2020-07-19,5318,b6c5fb9d-22e4-41c1-bec6-551df2841904,38.9530825,-106.9914475
2020-07-20,-288,b6c5fb9d-22e4-41c1-bec6-551df2841904,38.9530825,-106.9914475
2020-07-21,-4054,b6c5fb9d-22e4-41c1-bec6-551df2841904,38.9530825,-106.9914475
2020-07-22,-3063,b6c5fb9d-22e4-41c1-bec6-551df2841904,38.9530825,-106.9914475
2020-07-23,-2551,b6c5fb9d-22e4-41c1-bec6-551df2841904,38.9530825,-106.9914475
2020-07-24,205,b6c5fb9d-22e4-41c1-bec6-551df2841904,38.9530825,-106.9914475
2020-07-25,1580,b6c5fb9d-22e4-41c1-bec6-551df2841904,38.9530825,-106.9914475
2020-07-26,-1837,b6c5fb9d-22e4-41c1-bec6-551df2841904,38.9530825,-106.9914475
2020-07-27,1191,b6c5fb9d-22e4-41c1-bec6-551df2841904,38.9530825,-106.9914475
2020-07-28,2197,b6c5fb9d-22e4-41c1-bec6-551df2841904,38.9530825,-106.9914475
2020-07-29,1365,b6c5fb9d-22e4-41c1-bec6-551df2841904,38.9530825,-106.9914475
2020-07-30,-3869,b6c5fb9d-22e4-41c1-bec6-551df2841904,38.9530825,-106.9914475
2020-07-31,-4614,b6c5fb9d-22e4-41c1-bec6-551df2841904,38.9530825,-106.9914475
2020-08-01,-2393,b6c5fb9d-22e4-41c1-bec6-551df2841904,38.9530825,-106.9914475
2020-08-02,-4260,b6c5fb9d-22e4-41c1-bec6-551df2841904,38.9530825,-106.9914475
2020-08-03,-849,b6c5fb9d-22e4-41c1-bec6-551df2841904,38.9530825,-106.9914475
2020-08-04,-4133,b6c5fb9d-22e4-41c1-bec6-551df2841904,38.9530825,-106.9914475
2020-08-05,-3124,b6c5fb9d-22e4-41c1-bec6-551df2841904,38.9530825,-106.9914475
2020-08-06,816,b6c5fb9d-22e4-41c1-bec6-551df2841904,38.9530825,-106.9914475
2020-08-07,-4963,b6c5fb9d-22e4-41c1-bec6-551df2841904,38.9530825,-106.9914475
2020-08-08,-4015,b6c5fb9d-22e4-41c1-bec6-551df2841904,38.9530825,-106.9914475
2020-08-09,-4762,b6c5fb9d-22e4-41c1-bec6-551df2841904,38.9530825,-106.9914475
2020-08-10,-2678,b6c5fb9d-22e4-41c1-bec6-551df2841904,38.9530825,-106.9914475
2020-08-11,-3276,b6c5fb9d-22e4-41c1-bec6-551df2841904,38.9530825,-106.9914475
2020-08-12,-2690,b6c5fb9d-22e4-41c1-bec6-551df2841904,38.9530825,-106.9914475
2020-08-13,-4440,b6c5fb9d-22e4-41c1-bec6-551df2841904,38.9530825,-106.9914475
2020-08-14,-3994,b6c5fb9d-22e4-41c1-bec6-551df2841904,38.9530825,-106.9914475
2020-08-15,-3999,b6c5fb9d-22e4-41c1-bec6-551df2841904,38.9530825,-106.9914475
2020-08-16,-3697,b6c5fb9d-22e4-41c1-bec6-551df2841904,38.9530825,-106.9914475
2020-08-17,-2693,b6c5fb9d-22e4-41c1-bec6-551df2841904,38.9530825,-106.9914475
2020-08-18,414,b6c5fb9d-22e4-41c1-bec6-551df2841904,38.9530825,-106.9914475
2020-08-19,-323,b6c5fb9d-22e4-41c1-bec6-551df2841904,38.9530825,-106.9914475
2020-08-20,-501,b6c5fb9d-22e4-41c1-bec6-551df2841904,38.9530825,-106.9914475
2020-08-21,-4207,b6c5fb9d-22e4-41c1-bec6-551df2841904,38.9530825,-106.9914475
2020-08-22,-3890,b6c5fb9d-22e4-41c1-bec6-551df2841904,38.9530825,-106.9914475
2020-08-23,-349,b6c5fb9d-22e4-41c1-bec6-551df2841904,38.9530825,-106.9914475
2020-08-24,-3623,b6c5fb9d-22e4-41c1-bec6-551df2841904,38.9530825,-106.9914475
2020-08-25,-1374,b6c5fb9d-22e4-41c1-bec6-551df2841904,38.9530825,-106.9914475
2020-08-26,1967,b6c5fb9d-22e4-41c1-bec6-551df2841904,38.9530825,-106.9914475
2020-08-27,2193,b6c5fb9d-22e4-41c1-bec6-551df2841904,38.9530825,-106.9914475
2020-08-28,3468,b6c5fb9d-22e4-41c1-bec6-551df2841904,38.9530825,-106.9914475
2020-08-29,3841,b6c5fb9d-22e4-41c1-bec6-551df2841904,38.9530825,-106.9914475
2020-08-30,-4617,b6c5fb9d-22e4-41c1-bec6-551df2841904,38.9530825,-106.9914475
2020-08-31,-3600,b6c5fb9d-22e4-41c1-bec6-551df2841904,38.9530825,-106.9914475
2020-09-01,-4706,b6c5fb9d-22e4-41c1-bec6-551df2841904,38.9530825,-106.9914475
2020-09-02,-4269,b6c5fb9d-22e4-41c1-bec6-551df2841904,38.9530825,-106.9914475
2020-09-03,-5395,b6c5fb9d-22e4-41c1-bec6-551df2841904,38.9530825,-106.9914475
2020-09-04,-4553,b6c5fb9d-22e4-41c1-bec6-551df2841904,38.9530825,-106.9914475
2020-09-05,-5116,b6c5fb9d-22e4-41c1-bec6-551df2841904,38.9530825,-106.9914475
2020-09-06,-4516,b6c5fb9d-22e4-41c1-bec6-551df2841904,38.9530825,-106.9914475
2020-09-07,-1181,b6c5fb9d-22e4-41c1-bec6-551df2841904,38.9530825,-106.9914475
2020-09-08,5531,b6c5fb9d-22e4-41c1-bec6-551df2841904,38.9530825,-106.9914475
2020-09-09,1317,b6c5fb9d-22e4-41c1-bec6-551df2841904,38.9530825,-106.9914475
2020-09-10,1031,b6c5fb9d-22e4-41c1-bec6-551df2841904,38.9530825,-106.9914475
2020-09-11,2933,b6c5fb9d-22e4-41c1-bec6-551df2841904,38.9530825,-106.9914475
2020-09-12,-4084,b6c5fb9d-22e4-41c1-bec6-551df2841904,38.9530825,-106.9914475
2020-09-13,858,b6c5fb9d-22e4-41c1-bec6-551df2841904,38.9530825,-106.9914475
2020-09-14,-4518,b6c5fb9d-22e4-41c1-bec6-551df2841904,38.9530825,-106.9914475
2020-09-15,-1356,b6c5fb9d-22e4-41c1-bec6-551df2841904,38.9530825,-106.9914475
2020-09-16,-2864,b6c5fb9d-22e4-41c1-bec6-551df2841904,38.9530825,-106.9914475
2020-09-17,-2390,b6c5fb9d-22e4-41c1-bec6-551df2841904,38.9530825,-106.9914475
2020-09-18,-2465,b6c5fb9d-22e4-41c1-bec6-551df2841904,38.9530825,-106.9914475
2020-09-19,-12,b6c5fb9d-22e4-41c1-bec6-551df2841904,38.9530825,-106.9914475
2020-09-20,-817,b6c5fb9d-22e4-41c1-bec6-551df2841904,38.9530825,-106.9914475
2020-09-21,-3367,b6c5fb9d-22e4-41c1-bec6-551df2841904,38.9530825,-106.9914475
2020-09-22,4354,b6c5fb9d-22e4-41c1-bec6-551df2841904,38.9530825,-106.9914475
2020-09-23,-3901,b6c5fb9d-22e4-41c1-bec6-551df2841904,38.9530825,-106.9914475
2020-09-24,-4986,b6c5fb9d-22e4-41c1-bec6-551df2841904,38.9530825,-106.9914475
2020-09-25,-4116,b6c5fb9d-22e4-41c1-bec6-551df2841904,38.9530825,-106.9914475
2020-09-26,-4963,b6c5fb9d-22e4-41c1-bec6-551df2841904,38.9530825,-106.9914475
2020-09-27,-3688,b6c5fb9d-22e4-41c1-bec6-551df2841904,38.9530825,-106.9914475
2020-09-28,-5138,b6c5fb9d-22e4-41c1-bec6-551df2841904,38.9530825,-106.9914475
2020-09-29,-4081,b6c5fb9d-22e4-41c1-bec6-551df2841904,38.9530825,-106.9914475
2020-09-30,-5024,b6c5fb9d-22e4-41c1-bec6-551df2841904,38.9530825,-106.9914475
2020-10-01,-4429,b6c5fb9d-22e4-41c1-bec6-551df2841904,38.9530825,-106.9914475
2020-10-02,-3552,b6c5fb9d-22e4-41c1-bec6-551df2841904,38.9530825,-106.9914475
2020-10-03,-5002,b6c5fb9d-22e4-41c1-bec6-551df2841904,38.9530825,-106.9914475
2020-10-04,-4081,b6c5fb9d-22e4-41c1-bec6-551df2841904,38.9530825,-106.9914475
2020-10-05,-5403,b6c5fb9d-22e4-41c1-bec6-551df2841904,38.9530825,-106.9914475
2020-10-06,-3603,b6c5fb9d-22e4-41c1-bec6-551df2841904,38.9530825,-106.9914475
2020-10-07,-5325,b6c5fb9d-22e4-41c1-bec6-551df2841904,38.9530825,-106.9914475
2020-10-08,-4129,b6c5fb9d-22e4-41c1-bec6-551df2841904,38.9530825,-106.9914475
2020-10-09,-4773,b6c5fb9d-22e4-41c1-bec6-551df2841904,38.9530825,-106.9914475
2020-10-10,-2816,b6c5fb9d-22e4-41c1-bec6-551df2841904,38.9530825,-106.9914475
2020-10-11,4885,b6c5fb9d-22e4-41c1-bec6-551df2841904,38.9530825,-106.9914475
2020-10-12,-5135,b6c5fb9d-22e4-41c1-bec6-551df2841904,38.9530825,-106.9914475
2020-10-13,-3985,b6c5fb9d-22e4-41c1-bec6-551df2841904,38.9530825,-106.9914475
2020-10-14,-5444,b6c5fb9d-22e4-41c1-bec6-551df2841904,38.9530825,-106.9914475
2020-10-15,-1899,b6c5fb9d-22e4-41c1-bec6-551df2841904,38.9530825,-106.9914475
2020-10-16,-4745,b6c5fb9d-22e4-41c1-bec6-551df2841904,38.9530825,-106.9914475
2020-10-17,-2474,b6c5fb9d-22e4-41c1-bec6-551df2841904,38.9530825,-106.9914475
2020-10-18,-4605,b6c5fb9d-22e4-41c1-bec6-551df2841904,38.9530825,-106.9914475
2020-10-19,-3207,b6c5fb9d-22e4-41c1-bec6-551df2841904,38.9530825,-106.9914475
2020-10-20,-4616,b6c5fb9d-22e4-41c1-bec6-551df2841904,38.9530825,-106.9914475
2020-10-21,-5125,b6c5fb9d-22e4-41c1-bec6-551df2841904,38.9530825,-106.9914475
2020-10-22,-4138,b6c5fb9d-22e4-41c1-bec6-551df2841904,38.9530825,-106.9914475
2020-10-23,-3331,b6c5fb9d-22e4-41c1-bec6-551df2841904,38.9530825,-106.9914475
2020-10-24,-4240,b6c5fb9d-22e4-41c1-bec6-551df2841904,38.9530825,-106.9914475
2020-10-25,4254,b6c5fb9d-22e4-41c1-bec6-551df2841904,38.9530825,-106.9914475
2020-10-26,1742,b6c5fb9d-22e4-41c1-bec6-551df2841904,38.9530825,-106.9914475
2020-10-27,5704,b6c5fb9d-22e4-41c1-bec6-551df2841904,38.9530825,-106.9914475
2020-10-28,1927,b6c5fb9d-22e4-41c1-bec6-551df2841904,38.9530825,-106.9914475
2020-10-29,-2843,b6c5fb9d-22e4-41c1-bec6-551df2841904,38.9530825,-106.9914475
2020-10-30,-4926,b6c5fb9d-22e4-41c1-bec6-551df2841904,38.9530825,-106.9914475
2020-10-31,-4518,b6c5fb9d-22e4-41c1-bec6-551df2841904,38.9530825,-106.9914475
2020-11-01,-5058,b6c5fb9d-22e4-41c1-bec6-551df2841904,38.9530825,-106.9914475
2020-11-02,-5049,b6c5fb9d-22e4-41c1-bec6-551df2841904,38.9530825,-106.9914475
2020-11-03,1455,b6c5fb9d-22e4-41c1-bec6-551df2841904,38.9530825,-106.9914475
2020-11-04,-4361,b6c5fb9d-22e4-41c1-bec6-551df2841904,38.9530825,-106.9914475
2020-11-05,-4260,b6c5fb9d-22e4-41c1-bec6-551df2841904,38.9530825,-106.9914475
2020-11-06,2081,b6c5fb9d-22e4-41c1-bec6-551df2841904,38.9530825,-106.9914475
2020-11-07,2338,b6c5fb9d-22e4-41c1-bec6-551df2841904,38.9530825,-106.9914475
2020-11-08,3703,b6c5fb9d-22e4-41c1-bec6-551df2841904,38.9530825,-106.9914475
2020-11-09,2125,b6c5fb9d-22e4-41c1-bec6-551df2841904,38.9530825,-106.9914475
2020-11-10,5550,b6c5fb9d-22e4-41c1-bec6-551df2841904,38.9530825,-106.9914475
2020-11-11,7327,b6c5fb9d-22e4-41c1-bec6-551df2841904,38.9530825,-106.9914475
2020-11-12,6358,b6c5fb9d-22e4-41c1-bec6-551df2841904,38.9530825,-106.9914475
2020-11-13,1477,b6c5fb9d-22e4-41c1-bec6-551df2841904,38.9530825,-106.9914475
2020-11-14,4010,b6c5fb9d-22e4-41c1-bec6-551df2841904,38.9530825,-106.9914475
2020-11-15,1224,b6c5fb9d-22e4-41c1-bec6-551df2841904,38.9530825,-106.9914475
2020-11-16,6343,b6c5fb9d-22e4-41c1-bec6-551df2841904,38.9530825,-106.9914475
2020-11-17,7574,b6c5fb9d-22e4-41c1-bec6-551df2841904,38.9530825,-106.9914475
2020-11-18,3448,b6c5fb9d-22e4-41c1-bec6-551df2841904,38.9530825,-106.9914475
2020-11-19,7068,b6c5fb9d-22e4-41c1-bec6-551df2841904,38.9530825,-106.9914475
2020-11-20,2429,b6c5fb9d-22e4-41c1-bec6-551df2841904,38.9530825,-106.9914475
2020-11-21,3717,b6c5fb9d-22e4-41c1-bec6-551df2841904,38.9530825,-106.9914475
2020-11-22,6685,b6c5fb9d-22e4-41c1-bec6-551df2841904,38.9530825,-106.9914475
2020-11-23,676,b6c5fb9d-22e4-41c1-bec6-551df2841904,38.9530825,-106.9914475
2020-11-24,4346,b6c5fb9d-22e4-41c1-bec6-551df2841904,38.9530825,-106.9914475
2020-11-25,6582,b6c5fb9d-22e4-41c1-bec6-551df2841904,38.9530825,-106.9914475
2020-11-26,1265,b6c5fb9d-22e4-41c1-bec6-551df2841904,38.9530825,-106.9914475
2020-11-27,7721,b6c5fb9d-22e4-41c1-bec6-551df2841904,38.9530825,-106.9914475
2020-11-28,6870,b6c5fb9d-22e4-41c1-bec6-551df2841904,38.9530825,-106.9914475
2020-11-29,7515,b6c5fb9d-22e4-41c1-bec6-551df2841904,38.9530825,-106.9914475
2020-11-30,6464,b6c5fb9d-22e4-41c1-bec6-551df2841904,38.9530825,-106.9914475
2020-12-01,5659,b6c5fb9d-22e4-41c1-bec6-551df2841904,38.9530825,-106.9914475
2020-12-02,5233,b6c5fb9d-22e4-41c1-bec6-551df2841904,38.9530825,-106.9914475
2020-12-03,7007,b6c5fb9d-22e4-41c1-bec6-551df2841904,38.9530825,-106.9914475
2020-12-04,6765,b6c5fb9d-22e4-41c1-bec6-551df2841904,38.9530825,-106.9914475
2020-12-05,6742,b6c5fb9d-22e4-41c1-bec6-551df2841904,38.9530825,-106.9914475
2020-12-06,7225,b6c5fb9d-22e4-41c1-bec6-551df2841904,38.9530825,-106.9914475
2020-12-07,5629,b6c5fb9d-22e4-41c1-bec6-551df2841904,38.9530825,-106.9914475
2020-12-08,7275,b6c5fb9d-22e4-41c1-bec6-551df2841904,38.9530825,-106.9914475
2020-12-09,5183,b6c5fb9d-22e4-41c1-bec6-551df2841904,38.9530825,-106.9914475
2020-12-10,3785,b6c5fb9d-22e4-41c1-bec6-551df2841904,38.9530825,-106.9914475
2020-12-11,4275,b6c5fb9d-22e4-41c1-bec6-551df2841904,38.9530825,-106.9914475
2020-12-12,4010,b6c5fb9d-22e4-41c1-bec6-551df2841904,38.9530825,-106.9914475
2020-12-13,6765,b6c5fb9d-22e4-41c1-bec6-551df2841904,38.9530825,-106.9914475
2020-12-14,2283,b6c5fb9d-22e4-41c1-bec6-551df2841904,38.9530825,-106.9914475
2020-12-15,6128,b6c5fb9d-22e4-41c1-bec6-551df2841904,38.9530825,-106.9914475
2020-12-16,1853,b6c5fb9d-22e4-41c1-bec6-551df2841904,38.9530825,-106.9914475
2020-12-17,5110,b6c5fb9d-22e4-41c1-bec6-551df2841904,38.9530825,-106.9914475
2020-12-18,6595,b6c5fb9d-22e4-41c1-bec6-551df2841904,38.9530825,-106.9914475
2020-12-19,6952,b6c5fb9d-22e4-41c1-bec6-551df2841904,38.9530825,-106.9914475
2020-12-20,4128,b6c5fb9d-22e4-41c1-bec6-551df2841904,38.9530825,-106.9914475
2020-12-21,7396,b6c5fb9d-22e4-41c1-bec6-551df2841904,38.9530825,-106.9914475
2020-12-22,2175,b6c5fb9d-22e4-41c1-bec6-551df2841904,38.9530825,-106.9914475
2020-12-23,2932,b6c5fb9d-22e4-41c1-bec6-551df2841904,38.9530825,-106.9914475
2020-12-24,6375,b6c5fb9d-22e4-41c1-bec6-551df2841904,38.9530825,-106.9914475
2020-12-25,5796,b6c5fb9d-22e4-41c1-bec6-551df2841904,38.9530825,-106.9914475
2020-12-26,7665,b6c5fb9d-22e4-41c1-bec6-551df2841904,38.9530825,-106.9914475
2020-12-27,4128,b6c5fb9d-22e4-41c1-bec6-551df2841904,38.9530825,-106.9914475
2020-12-28,1323,b6c5fb9d-22e4-41c1-bec6-551df2841904,38.9530825,-106.9914475
2020-12-29,4568,b6c5fb9d-22e4-41c1-bec6-551df2841904,38.9530825,-106.9914475
2020-12-30,6612,b6c5fb9d-22e4-41c1-bec6-551df2841904,38.9530825,-106.9914475
2020-12-31,6108,b6c5fb9d-22e4-41c1-bec6-551df2841904,38.9530825,-106.9914475
2021-01-01,6811,b6c5fb9d-22e4-41c1-bec6-551df2841904,38.9530825,-106.9914475
2021-01-02,5965,b6c5fb9d-22e4-41c1-bec6-551df2841904,38.9530825,-106.9914475
2021-01-03,3088,b6c5fb9d-22e4-41c1-bec6-551df2841904,38.9530825,-106.9914475
2021-01-04,6709,b6c5fb9d-22e4-41c1-bec6-551df2841904,38.9530825,-106.9914475
2021-01-05,5685,b6c5fb9d-22e4-41c1-bec6-551df2841904,38.9530825,-106.9914475
2021-01-06,6208,b6c5fb9d-22e4-41c1-bec6-551df2841904,38.9530825,-106.9914475
2021-01-07,7888,b6c5fb9d-22e4-41c1-bec6-551df2841904,38.9530825,-106.9914475
2021-01-08,6631,b6c5fb9d-22e4-41c1-bec6-551df2841904,38.9530825,-106.9914475
2021-01-09,8297,b6c5fb9d-22e4-41c1-bec6-551df2841904,38.9530825,-106.9914475
2021-01-10,6857,b6c5fb9d-22e4-41c1-bec6-551df2841904,38.9530825,-106.9914475
2021-01-11,8187,b6c5fb9d-22e4-41c1-bec6-551df2841904,38.9530825,-106.9914475
2021-01-12,7085,b6c5fb9d-22e4-41c1-bec6-551df2841904,38.9530825,-106.9914475
2021-01-13,8038,b6c5fb9d-22e4-41c1-bec6-551df2841904,38.9530825,-106.9914475
2021-01-14,3048,b6c5fb9d-22e4-41c1-bec6-551df2841904,38.9530825,-106.9914475
2021-01-15,7450,b6c5fb9d-22e4-41c1-bec6-551df2841904,38.9530825,-106.9914475
2021-01-16,7117,b6c5fb9d-22e4-41c1-bec6-551df2841904,38.9530825,-106.9914475
2021-01-17,6521,b6c5fb9d-22e4-41c1-bec6-551df2841904,38.9530825,-106.9914475
2021-01-18,5991,b6c5fb9d-22e4-41c1-bec6-551df2841904,38.9530825,-106.9914475
2021-01-19,3430,b6c5fb9d-22e4-41c1-bec6-551df2841904,38.9530825,-106.9914475
2021-01-20,6286,b6c5fb9d-22e4-41c1-bec6-551df2841904,38.9530825,-106.9914475
2021-01-21,1207,b6c5fb9d-22e4-41c1-bec6-551df2841904,38.9530825,-106.9914475
2021-01-22,1204,b6c5fb9d-22e4-41c1-bec6-551df2841904,38.9530825,-106.9914475
2021-01-23,4286,b6c5fb9d-22e4-41c1-bec6-551df2841904,38.9530825,-106.9914475
2021-01-24,3670,b6c5fb9d-22e4-41c1-bec6-551df2841904,38.9530825,-106.9914475
2021-01-25,3324,b6c5fb9d-22e4-41c1-bec6-551df2841904,38.9530825,-106.9914475
2021-01-26,2629,b6c5fb9d-22e4-41c1-bec6-551df2841904,38.9530825,-106.9914475
2021-01-27,6395,b6c5fb9d-22e4-41c1-bec6-551df2841904,38.9530825,-106.9914475
2021-01-28,3271,b6c5fb9d-22e4-41c1-bec6-551df2841904,38.9530825,-106.9914475
2021-01-29,4922,b6c5fb9d-22e4-41c1-bec6-551df2841904,38.9530825,-106.9914475
2021-01-30,2903,b6c5fb9d-22e4-41c1-bec6-551df2841904,38.9530825,-106.9914475
2021-01-31,6418,b6c5fb9d-22e4-41c1-bec6-551df2841904,38.9530825,-106.9914475
2021-02-01,5955,b6c5fb9d-22e4-41c1-bec6-551df2841904,38.9530825,-106.9914475
2021-02-02,947,b6c5fb9d-22e4-41c1-bec6-551df2841904,38.9530825,-106.9914475
2021-02-03,2213,b6c5fb9d-22e4-41c1-bec6-551df2841904,38.9530825,-106.9914475
2021-02-04,2935,b6c5fb9d-22e4-41c1-bec6-551df2841904,38.9530825,-106.9914475
2021-02-05,4197,b6c5fb9d-22e4-41c1-bec6-551df2841904,38.9530825,-106.9914475
2021-02-06,3319,b6c5fb9d-22e4-41c1-bec6-551df2841904,38.9530825,-106.9914475
2021-02-07,6774,b6c5fb9d-22e4-41c1-bec6-551df2841904,38.9530825,-106.9914475
2021-02-08,7608,b6c5fb9d-22e4-41c1-bec6-551df2841904,38.9530825,-106.9914475
2021-02-09,5052,b6c5fb9d-22e4-41c1-bec6-551df2841904,38.9530825,-106.9914475
2021-02-10,1930,b6c5fb9d-22e4-41c1-bec6-551df2841904,38.9530825,-106.9914475
2021-02-11,1863,b6c5fb9d-22e4-41c1-bec6-551df2841904,38.9530825,-106.9914475
2021-02-12,3221,b6c5fb9d-22e4-41c1-bec6-551df2841904,38.9530825,-106.9914475
2021-02-13,3847,b6c5fb9d-22e4-41c1-bec6-551df2841904,38.9530825,-106.9914475
2021-02-14,4866,b6c5fb9d-22e4-41c1-bec6-551df2841904,38.9530825,-106.9914475
2021-02-15,5350,b6c5fb9d-22e4-41c1-bec6-551df2841904,38.9530825,-106.9914475
2021-02-16,4603,b6c5fb9d-22e4-41c1-bec6-551df2841904,38.9530825,-106.9914475
2021-02-17,6256,b6c5fb9d-22e4-41c1-bec6-551df2841904,38.9530825,-106.9914475
2021-02-18,6858,b6c5fb9d-22e4-41c1-bec6-551df2841904,38.9530825,-106.9914475
2021-02-19,5957,b6c5fb9d-22e4-41c1-bec6-551df2841904,38.9530825,-106.9914475
2021-02-20,6031,b6c5fb9d-22e4-41c1-bec6-551df2841904,38.9530825,-106.9914475
2021-02-21,5704,b6c5fb9d-22e4-41c1-bec6-551df2841904,38.9530825,-106.9914475
2021-02-22,7423,b6c5fb9d-22e4-41c1-bec6-551df2841904,38.9530825,-106.9914475
2021-02-23,7673,b6c5fb9d-22e4-41c1-bec6-551df2841904,38.9530825,-106.9914475
2021-02-24,8067,b6c5fb9d-22e4-41c1-bec6-551df2841904,38.9530825,-106.9914475
2021-02-25,7809,b6c5fb9d-22e4-41c1-bec6-551df2841904,38.9530825,-106.9914475
2021-02-26,8292,b6c5fb9d-22e4-41c1-bec6-551df2841904,38.9530825,-106.9914475
2021-02-27,3293,b6c5fb9d-22e4-41c1-bec6-551df2841904,38.9530825,-106.9914475
2021-02-28,6834,b6c5fb9d-22e4-41c1-bec6-551df2841904,38.9530825,-106.9914475
2021-03-01,6722,b6c5fb9d-22e4-41c1-bec6-551df2841904,38.9530825,-106.9914475
2021-03-02,7851,b6c5fb9d-22e4-41c1-bec6-551df2841904,38.9530825,-106.9914475
2021-03-03,7781,b6c5fb9d-22e4-41c1-bec6-551df2841904,38.9530825,-106.9914475
2021-03-04,4156,b6c5fb9d-22e4-41c1-bec6-551df2841904,38.9530825,-106.9914475
2021-03-05,7406,b6c5fb9d-22e4-41c1-bec6-551df2841904,38.9530825,-106.9914475
2021-03-06,6847,b6c5fb9d-22e4-41c1-bec6-551df2841904,38.9530825,-106.9914475
2021-03-07,7299,b6c5fb9d-22e4-41c1-bec6-551df2841904,38.9530825,-106.9914475
2021-03-08,4873,b6c5fb9d-22e4-41c1-bec6-551df2841904,38.9530825,-106.9914475
2021-03-09,5587,b6c5fb9d-22e4-41c1-bec6-551df2841904,38.9530825,-106.9914475
2021-03-10,2613,b6c5fb9d-22e4-41c1-bec6-551df2841904,38.9530825,-106.9914475
2021-03-11,5623,b6c5fb9d-22e4-41c1-bec6-551df2841904,38.9530825,-106.9914475
2021-03-12,7318,b6c5fb9d-22e4-41c1-bec6-551df2841904,38.9530825,-106.9914475
2021-03-13,7022,b6c5fb9d-22e4-41c1-bec6-551df2841904,38.9530825,-106.9914475
2021-03-14,5149,b6c5fb9d-22e4-41c1-bec6-551df2841904,38.9530825,-106.9914475
2021-03-15,1012,b6c5fb9d-22e4-41c1-bec6-551df2841904,38.9530825,-106.9914475
2021-03-16,3371,b6c5fb9d-22e4-41c1-bec6-551df2841904,38.9530825,-106.9914475
2021-03-17,2305,b6c5fb9d-22e4-41c1-bec6-551df2841904,38.9530825,-106.9914475
2021-03-18,7539,b6c5fb9d-22e4-41c1-bec6-551df2841904,38.9530825,-106.9914475
2021-03-19,8302,b6c5fb9d-22e4-41c1-bec6-551df2841904,38.9530825,-106.9914475
2021-03-20,3181,b6c5fb9d-22e4-41c1-bec6-551df2841904,38.9530825,-106.9914475
2021-03-21,5971,b6c5fb9d-22e4-41c1-bec6-551df2841904,38.9530825,-106.9914475
2021-03-22,1255,b6c5fb9d-22e4-41c1-bec6-551df2841904,38.9530825,-106.9914475
2021-03-23,7117,b6c5fb9d-22e4-41c1-bec6-551df2841904,38.9530825,-106.9914475
2021-03-24,3527,b6c5fb9d-22e4-41c1-bec6-551df2841904,38.9530825,-106.9914475
2021-03-25,4713,b6c5fb9d-22e4-41c1-bec6-551df2841904,38.9530825,-106.9914475
2021-03-26,2152,b6c5fb9d-22e4-41c1-bec6-551df2841904,38.9530825,-106.9914475
2021-03-27,6757,b6c5fb9d-22e4-41c1-bec6-551df2841904,38.9530825,-106.9914475
2021-03-28,8066,b6c5fb9d-22e4-41c1-bec6-551df2841904,38.9530825,-106.9914475
2021-03-29,6417,b6c5fb9d-22e4-41c1-bec6-551df2841904,38.9530825,-106.9914475
2021-03-30,6723,b6c5fb9d-22e4-41c1-bec6-551df2841904,38.9530825,-106.9914475
2021-03-31,6612,b6c5fb9d-22e4-41c1-bec6-551df2841904,38.9530825,-106.9914475
2021-04-01,8417,b6c5fb9d-22e4-41c1-bec6-551df2841904,38.9530825,-106.9914475
2021-04-02,8826,b6c5fb9d-22e4-41c1-bec6-551df2841904,38.9530825,-106.9914475
2021-04-03,9045,b6c5fb9d-22e4-41c1-bec6-551df2841904,38.9530825,-106.9914475
2021-04-04,3341,b6c5fb9d-22e4-41c1-bec6-551df2841904,38.9530825,-106.9914475
2021-04-05,7633,b6c5fb9d-22e4-41c1-bec6-551df2841904,38.9530825,-106.9914475
2021-04-06,5521,b6c5fb9d-22e4-41c1-bec6-551df2841904,38.9530825,-106.9914475
2021-04-07,6690,b6c5fb9d-22e4-41c1-bec6-551df2841904,38.9530825,-106.9914475
2021-04-08,9083,b6c5fb9d-22e4-41c1-bec6-551df2841904,38.9530825,-106.9914475
2021-04-09,8232,b6c5fb9d-22e4-41c1-bec6-551df2841904,38.9530825,-106.9914475
2021-04-10,8968,b6c5fb9d-22e4-41c1-bec6-551df2841904,38.9530825,-106.9914475
2021-04-11,8405,b6c5fb9d-22e4-41c1-bec6-551df2841904,38.9530825,-106.9914475
2021-04-12,8318,b6c5fb9d-22e4-41c1-bec6-551df2841904,38.9530825,-106.9914475
2021-04-13,4407,b6c5fb9d-22e4-41c1-bec6-551df2841904,38.9530825,-106.9914475
2021-04-14,6698,b6c5fb9d-22e4-41c1-bec6-551df2841904,38.9530825,-106.9914475
2021-04-15,5784,b6c5fb9d-22e4-41c1-bec6-551df2841904,38.9530825,-106.9914475
2021-04-16,1709,b6c5fb9d-22e4-41c1-bec6-551df2841904,38.9530825,-106.9914475
2021-04-17,4123,b6c5fb9d-22e4-41c1-bec6-551df2841904,38.9530825,-106.9914475
2021-04-18,6296,b6c5fb9d-22e4-41c1-bec6-551df2841904,38.9530825,-106.9914475
2021-04-19,7805,b6c5fb9d-22e4-41c1-bec6-551df2841904,38.9530825,-106.9914475
2021-04-20,5873,b6c5fb9d-22e4-41c1-bec6-551df2841904,38.9530825,-106.9914475
2021-04-21,4718,b6c5fb9d-22e4-41c1-bec6-551df2841904,38.9530825,-106.9914475
2021-04-22,2845,b6c5fb9d-22e4-41c1-bec6-551df2841904,38.9530825,-106.9914475
2021-04-23,3677,b6c5fb9d-22e4-41c1-bec6-551df2841904,38.9530825,-106.9914475
2021-04-24,5571,b6c5fb9d-22e4-41c1-bec6-551df2841904,38.9530825,-106.9914475
2021-04-25,4414,b6c5fb9d-22e4-41c1-bec6-551df2841904,38.9530825,-106.9914475
2021-04-26,2167,b6c5fb9d-22e4-41c1-bec6-551df2841904,38.9530825,-106.9914475
2021-04-27,3894,b6c5fb9d-22e4-41c1-bec6-551df2841904,38.9530825,-106.9914475
2021-04-28,2974,b6c5fb9d-22e4-41c1-bec6-551df2841904,38.9530825,-106.9914475
2021-04-29,5116,b6c5fb9d-22e4-41c1-bec6-551df2841904,38.9530825,-106.9914475
2021-04-30,5108,b6c5fb9d-22e4-41c1-bec6-551df2841904,38.9530825,-106.9914475
2021-05-01,3938,b6c5fb9d-22e4-41c1-bec6-551df2841904,38.9530825,-106.9914475
2021-05-02,2647,b6c5fb9d-22e4-41c1-bec6-551df2841904,38.9530825,-106.9914475
2021-05-03,3332,b6c5fb9d-22e4-41c1-bec6-551df2841904,38.9530825,-106.9914475
2021-05-04,1224,b6c5fb9d-22e4-41c1-bec6-551df2841904,38.9530825,-106.9914475
2021-05-05,1010,b6c5fb9d-22e4-41c1-bec6-551df2841904,38.9530825,-106.9914475
2021-05-06,-2596,b6c5fb9d-22e4-41c1-bec6-551df2841904,38.9530825,-106.9914475
2021-05-07,1409,b6c5fb9d-22e4-41c1-bec6-551df2841904,38.9530825,-106.9914475
2021-05-08,4049,b6c5fb9d-22e4-41c1-bec6-551df2841904,38.9530825,-106.9914475
2021-05-09,4185,b6c5fb9d-22e4-41c1-bec6-551df2841904,38.9530825,-106.9914475
2021-05-10,5654,b6c5fb9d-22e4-41c1-bec6-551df2841904,38.9530825,-106.9914475
2021-05-11,5535,b6c5fb9d-22e4-41c1-bec6-551df2841904,38.9530825,-106.9914475
2021-05-12,-3740,b6c5fb9d-22e4-41c1-bec6-551df2841904,38.9530825,-106.9914475
2021-05-13,693,b6c5fb9d-22e4-41c1-bec6-551df2841904,38.9530825,-106.9914475
2021-05-14,-2704,b6c5fb9d-22e4-41c1-bec6-551df2841904,38.9530825,-106.9914475
2021-05-15,2053,b6c5fb9d-22e4-41c1-bec6-551df2841904,38.9530825,-106.9914475
2021-05-16,-530,b6c5fb9d-22e4-41c1-bec6-551df2841904,38.9530825,-106.9914475
2021-05-17,3516,b6c5fb9d-22e4-41c1-bec6-551df2841904,38.9530825,-106.9914475
2021-05-18,1453,b6c5fb9d-22e4-41c1-bec6-551df2841904,38.9530825,-106.9914475
2021-05-19,-4089,b6c5fb9d-22e4-41c1-bec6-551df2841904,38.9530825,-106.9914475
2021-05-20,34,b6c5fb9d-22e4-41c1-bec6-551df2841904,38.9530825,-106.9914475
2021-05-21,3711,b6c5fb9d-22e4-41c1-bec6-551df2841904,38.9530825,-106.9914475
2021-05-22,85,b6c5fb9d-22e4-41c1-bec6-551df2841904,38.9530825,-106.9914475
2021-05-23,2131,b6c5fb9d-22e4-41c1-bec6-551df2841904,38.9530825,-106.9914475
2021-05-24,-4992,b6c5fb9d-22e4-41c1-bec6-551df2841904,38.9530825,-106.9914475
2021-05-25,-749,b6c5fb9d-22e4-41c1-bec6-551df2841904,38.9530825,-106.9914475
2021-05-26,2586,b6c5fb9d-22e4-41c1-bec6-551df2841904,38.9530825,-106.9914475
2021-05-27,-4066,b6c5fb9d-22e4-41c1-bec6-551df2841904,38.9530825,-106.9914475
2021-05-28,-4174,b6c5fb9d-22e4-41c1-bec6-551df2841904,38.9530825,-106.9914475
2021-05-29,2913,b6c5fb9d-22e4-41c1-bec6-551df2841904,38.9530825,-106.9914475
2021-05-30,3258,b6c5fb9d-22e4-41c1-bec6-551df2841904,38.9530825,-106.9914475
2021-05-31,-4654,b6c5fb9d-22e4-41c1-bec6-551df2841904,38.9530825,-106.9914475
2021-06-01,188,b6c5fb9d-22e4-41c1-bec6-551df2841904,38.9530825,-106.9914475
2021-06-02,-3262,b6c5fb9d-22e4-41c1-bec6-551df2841904,38.9530825,-106.9914475
2021-06-03,-2050,b6c5fb9d-22e4-41c1-bec6-551df2841904,38.9530825,-106.9914475
2021-06-04,-4733,b6c5fb9d-22e4-41c1-bec6-551df2841904,38.9530825,-106.9914475
2021-06-05,-2567,b6c5fb9d-22e4-41c1-bec6-551df2841904,38.9530825,-106.9914475
2021-06-06,-4139,b6c5fb9d-22e4-41c1-bec6-551df2841904,38.9530825,-106.9914475
2021-06-07,1511,b6c5fb9d-22e4-41c1-bec6-551df2841904,38.9530825,-106.9914475
2021-06-08,-3693,b6c5fb9d-22e4-41c1-bec6-551df2841904,38.9530825,-106.9914475
2021-06-09,-4390,b6c5fb9d-22e4-41c1-bec6-551df2841904,38.9530825,-106.9914475
2021-06-10,3357,b6c5fb9d-22e4-41c1-bec6-551df2841904,38.9530825,-106.9914475
2021-06-11,-4392,b6c5fb9d-22e4-41c1-bec6-551df2841904,38.9530825,-106.9914475
2021-06-12,-2586,b6c5fb9d-22e4-41c1-bec6-551df2841904,38.9530825,-106.9914475
2021-06-13,-4260,b6c5fb9d-22e4-41c1-bec6-551df2841904,38.9530825,-106.9914475
2021-06-14,-3659,b6c5fb9d-22e4-41c1-bec6-551df2841904,38.9530825,-106.9914475
2021-06-15,-3324,b6c5fb9d-22e4-41c1-bec6-551df2841904,38.9530825,-106.9914475
2021-06-16,-3717,b6c5fb9d-22e4-41c1-bec6-551df2841904,38.9530825,-106.9914475
2021-06-17,-2844,b6c5fb9d-22e4-41c1-bec6-551df2841904,38.9530825,-106.9914475
2021-06-18,1497,b6c5fb9d-22e4-41c1-bec6-551df2841904,38.9530825,-106.9914475
2021-06-19,2384,b6c5fb9d-22e4-41c1-bec6-551df2841904,38.9530825,-106.9914475
2021-06-20,-3772,b6c5fb9d-22e4-41c1-bec6-551df2841904,38.9530825,-106.9914475
2021-06-21,-4096,b6c5fb9d-22e4-41c1-bec6-551df2841904,38.9530825,-106.9914475
2021-06-22,-3989,b6c5fb9d-22e4-41c1-bec6-551df2841904,38.9530825,-106.9914475
2021-06-23,-614,b6c5fb9d-22e4-41c1-bec6-551df2841904,38.9530825,-106.9914475
2021-06-24,2367,b6c5fb9d-22e4-41c1-bec6-551df2841904,38.9530825,-106.9914475
2021-06-25,1194,b6c5fb9d-22e4-41c1-bec6-551df2841904,38.9530825,-106.9914475
2021-06-26,-242,b6c5fb9d-22e4-41c1-bec6-551df2841904,38.9530825,-106.9914475
2021-06-27,-2392,b6c5fb9d-22e4-41c1-bec6-551df2841904,38.9530825,-106.9914475
2021-06-28,2070,b6c5fb9d-22e4-41c1-bec6-551df2841904,38.9530825,-106.9914475
2021-06-29,-3695,b6c5fb9d-22e4-41c1-bec6-551df2841904,38.9530825,-106.9914475
2021-06-30,675,b6c5fb9d-22e4-41c1-bec6-551df2841904,38.9530825,-106.9914475
2021-07-01,702,b6c5fb9d-22e4-41c1-bec6-551df2841904,38.9530825,-106.9914475
2021-07-02,-2821,b6c5fb9d-22e4-41c1-bec6-551df2841904,38.9530825,-106.9914475
2021-07-03,-2731,b6c5fb9d-22e4-41c1-bec6-551df2841904,38.9530825,-106.9914475
2021-07-04,-3976,b6c5fb9d-22e4-41c1-bec6-551df2841904,38.9530825,-106.9914475
2021-07-05,2800,b6c5fb9d-22e4-41c1-bec6-551df2841904,38.9530825,-106.9914475
2021-07-06,-3831,b6c5fb9d-22e4-41c1-bec6-551df2841904,38.9530825,-106.9914475
2021-07-07,-3938,b6c5fb9d-22e4-41c1-bec6-551df2841904,38.9530825,-106.9914475
2021-07-08,-3704,b6c5fb9d-22e4-41c1-bec6-551df2841904,38.9530825,-106.9914475
2021-07-09,-3981,b6c5fb9d-22e4-41c1-bec6-551df2841904,38.9530825,-106.9914475
2021-07-10,-3495,b6c5fb9d-22e4-41c1-bec6-551df2841904,38.9530825,-106.9914475
2021-07-11,-2217,b6c5fb9d-22e4-41c1-bec6-551df2841904,38.9530825,-106.9914475
2021-07-12,-339,b6c5fb9d-22e4-41c1-bec6-551df2841904,38.9530825,-106.9914475
2021-07-13,-227,b6c5fb9d-22e4-41c1-bec6-551df2841904,38.9530825,-106.9914475
2021-07-14,2133,b6c5fb9d-22e4-41c1-bec6-551df2841904,38.9530825,-106.9914475
2021-07-15,-1997,b6c5fb9d-22e4-41c1-bec6-551df2841904,38.9530825,-106.9914475
2021-07-16,-122,b6c5fb9d-22e4-41c1-bec6-551df2841904,38.9530825,-106.9914475
2021-07-17,-3602,b6c5fb9d-22e4-41c1-bec6-551df2841904,38.9530825,-106.9914475
2021-07-18,-2860,b6c5fb9d-22e4-41c1-bec6-551df2841904,38.9530825,-106.9914475
2021-07-19,-3007,b6c5fb9d-22e4-41c1-bec6-551df2841904,38.9530825,-106.9914475
2021-07-20,1542,b6c5fb9d-22e4-41c1-bec6-551df2841904,38.9530825,-106.9914475
2021-07-21,275,b6c5fb9d-22e4-41c1-bec6-551df2841904,38.9530825,-106.9914475
2021-07-22,-3800,b6c5fb9d-22e4-41c1-bec6-551df2841904,38.9530825,-106.9914475
2021-07-23,1164,b6c5fb9d-22e4-41c1-bec6-551df2841904,38.9530825,-106.9914475
2021-07-24,-23,b6c5fb9d-22e4-41c1-bec6-551df2841904,38.9530825,-106.9914475
2021-07-25,-1295,b6c5fb9d-22e4-41c1-bec6-551df2841904,38.9530825,-106.9914475
2021-07-26,-3103,b6c5fb9d-22e4-41c1-bec6-551df2841904,38.9530825,-106.9914475
2021-07-27,-3796,b6c5fb9d-22e4-41c1-bec6-551df2841904,38.9530825,-106.9914475
2021-07-28,-2305,b6c5fb9d-22e4-41c1-bec6-551df2841904,38.9530825,-106.9914475
2021-07-29,-3857,b6c5fb9d-22e4-41c1-bec6-551df2841904,38.9530825,-106.9914475
2021-07-30,-3131,b6c5fb9d-22e4-41c1-bec6-551df2841904,38.9530825,-106.9914475
2021-07-31,-1816,b6c5fb9d-22e4-41c1-bec6-551df2841904,38.9530825,-106.9914475
2021-08-01,459,b6c5fb9d-22e4-41c1-bec6-551df2841904,38.9530825,-106.9914475
2021-08-02,1442,b6c5fb9d-22e4-41c1-bec6-551df2841904,38.9530825,-106.9914475
2021-08-03,4683,b6c5fb9d-22e4-41c1-bec6-551df2841904,38.9530825,-106.9914475
2021-08-04,-2838,b6c5fb9d-22e4-41c1-bec6-551df2841904,38.9530825,-106.9914475
2021-08-05,-3246,b6c5fb9d-22e4-41c1-bec6-551df2841904,38.9530825,-106.9914475
2021-08-06,-1810,b6c5fb9d-22e4-41c1-bec6-551df2841904,38.9530825,-106.9914475
2021-08-07,-1754,b6c5fb9d-22e4-41c1-bec6-551df2841904,38.9530825,-106.9914475
2021-08-08,-2299,b6c5fb9d-22e4-41c1-bec6-551df2841904,38.9530825,-106.9914475
2021-08-09,-3208,b6c5fb9d-22e4-41c1-bec6-551df2841904,38.9530825,-106.9914475
2021-08-10,-2168,b6c5fb9d-22e4-41c1-bec6-551df2841904,38.9530825,-106.9914475
2021-08-11,-3033,b6c5fb9d-22e4-41c1-bec6-551df2841904,38.9530825,-106.9914475
2021-08-12,-3446,b6c5fb9d-22e4-41c1-bec6-551df2841904,38.9530825,-106.9914475
2021-08-13,901,b6c5fb9d-22e4-41c1-bec6-551df2841904,38.9530825,-106.9914475
2021-08-14,-952,b6c5fb9d-22e4-41c1-bec6-551df2841904,38.9530825,-106.9914475
2021-08-15,-1873,b6c5fb9d-22e4-41c1-bec6-551df2841904,38.9530825,-106.9914475
2021-08-16,969,b6c5fb9d-22e4-41c1-bec6-551df2841904,38.9530825,-106.9914475
2021-08-17,-586,b6c5fb9d-22e4-41c1-bec6-551df2841904,38.9530825,-106.9914475
2021-08-18,-1656,b6c5fb9d-22e4-41c1-bec6-551df2841904,38.9530825,-106.9914475
2021-08-19,-17,b6c5fb9d-22e4-41c1-bec6-551df2841904,38.9530825,-106.9914475
2021-08-20,-1849,b6c5fb9d-22e4-41c1-bec6-551df2841904,38.9530825,-106.9914475
2021-08-21,-829,b6c5fb9d-22e4-41c1-bec6-551df2841904,38.9530825,-106.9914475
2021-08-22,-3277,b6c5fb9d-22e4-41c1-bec6-551df2841904,38.9530825,-106.9914475
2021-08-23,-4066,b6c5fb9d-22e4-41c1-bec6-551df2841904,38.9530825,-106.9914475
2021-08-24,-4185,b6c5fb9d-22e4-41c1-bec6-551df2841904,38.9530825,-106.9914475
2021-08-25,-4390,b6c5fb9d-22e4-41c1-bec6-551df2841904,38.9530825,-106.9914475
2021-08-26,6482,b6c5fb9d-22e4-41c1-bec6-551df2841904,38.9530825,-106.9914475
2021-08-27,-3539,b6c5fb9d-22e4-41c1-bec6-551df2841904,38.9530825,-106.9914475
2021-08-28,-4431,b6c5fb9d-22e4-41c1-bec6-551df2841904,38.9530825,-106.9914475
2021-08-29,-3160,b6c5fb9d-22e4-41c1-bec6-551df2841904,38.9530825,-106.9914475
2021-08-30,-4531,b6c5fb9d-22e4-41c1-bec6-551df2841904,38.9530825,-106.9914475
2021-08-31,-1136,b6c5fb9d-22e4-41c1-bec6-551df2841904,38.9530825,-106.9914475
2021-09-01,2392,b6c5fb9d-22e4-41c1-bec6-551df2841904,38.9530825,-106.9914475
2021-09-02,-911,b6c5fb9d-22e4-41c1-bec6-551df2841904,38.9530825,-106.9914475
2021-09-03,1976,b6c5fb9d-22e4-41c1-bec6-551df2841904,38.9530825,-106.9914475
2021-09-04,-4570,b6c5fb9d-22e4-41c1-bec6-551df2841904,38.9530825,-106.9914475
2021-09-05,-3421,b6c5fb9d-22e4-41c1-bec6-551df2841904,38.9530825,-106.9914475
2021-09-06,-4654,b6c5fb9d-22e4-41c1-bec6-551df2841904,38.9530825,-106.9914475
2021-09-07,-3459,b6c5fb9d-22e4-41c1-bec6-551df2841904,38.9530825,-106.9914475
2021-09-08,-3804,b6c5fb9d-22e4-41c1-bec6-551df2841904,38.9530825,-106.9914475
2021-09-09,-4474,b6c5fb9d-22e4-41c1-bec6-551df2841904,38.9530825,-106.9914475
2021-09-10,-3695,b6c5fb9d-22e4-41c1-bec6-551df2841904,38.9530825,-106.9914475
2021-09-11,1231,b6c5fb9d-22e4-41c1-bec6-551df2841904,38.9530825,-106.9914475
2021-09-12,-413,b6c5fb9d-22e4-41c1-bec6-551df2841904,38.9530825,-106.9914475
2021-09-13,51,b6c5fb9d-22e4-41c1-bec6-551df2841904,38.9530825,-106.9914475
2021-09-14,2697,b6c5fb9d-22e4-41c1-bec6-551df2841904,38.9530825,-106.9914475
2021-09-15,-5210,b6c5fb9d-22e4-41c1-bec6-551df2841904,38.9530825,-106.9914475
2021-09-16,-3832,b6c5fb9d-22e4-41c1-bec6-551df2841904,38.9530825,-106.9914475
2021-09-17,-5022,b6c5fb9d-22e4-41c1-bec6-551df2841904,38.9530825,-106.9914475
2021-09-18,-1857,b6c5fb9d-22e4-41c1-bec6-551df2841904,38.9530825,-106.9914475
2021-09-19,782,b6c5fb9d-22e4-41c1-bec6-551df2841904,38.9530825,-106.9914475
2021-09-20,-2345,b6c5fb9d-22e4-41c1-bec6-551df2841904,38.9530825,-106.9914475
2021-09-21,-3221,b6c5fb9d-22e4-41c1-bec6-551df2841904,38.9530825,-106.9914475
2021-09-23,-3748,b6c5fb9d-22e4-41c1-bec6-551df2841904,38.9530825,-106.9914475
2021-09-24,-5244,b6c5fb9d-22e4-41c1-bec6-551df2841904,38.9530825,-106.9914475
2021-09-25,-4722,b6c5fb9d-22e4-41c1-bec6-551df2841904,38.9530825,-106.9914475
2021-09-26,-4912,b6c5fb9d-22e4-41c1-bec6-551df2841904,38.9530825,-106.9914475
2021-09-27,2004,b6c5fb9d-22e4-41c1-bec6-551df2841904,38.9530825,-106.9914475
2021-09-28,2080,b6c5fb9d-22e4-41c1-bec6-551df2841904,38.9530825,-106.9914475
2021-09-29,3148,b6c5fb9d-22e4-41c1-bec6-551df2841904,38.9530825,-106.9914475
2021-09-30,1501,b6c5fb9d-22e4-41c1-bec6-551df2841904,38.9530825,-106.9914475
2021-10-01,-282,b6c5fb9d-22e4-41c1-bec6-551df2841904,38.9530825,-106.9914475
2021-10-02,-1449,b6c5fb9d-22e4-41c1-bec6-551df2841904,38.9530825,-106.9914475
2021-10-03,-1109,b6c5fb9d-22e4-41c1-bec6-551df2841904,38.9530825,-106.9914475
2021-10-04,-4831,b6c5fb9d-22e4-41c1-bec6-551df2841904,38.9530825,-106.9914475
2021-10-05,-4853,b6c5fb9d-22e4-41c1-bec6-551df2841904,38.9530825,-106.9914475
2021-10-06,-3645,b6c5fb9d-22e4-41c1-bec6-551df2841904,38.9530825,-106.9914475
2021-10-07,-4266,b6c5fb9d-22e4-41c1-bec6-551df2841904,38.9530825,-106.9914475
2021-10-08,3295,b6c5fb9d-22e4-41c1-bec6-551df2841904,38.9530825,-106.9914475
2021-10-09,4265,b6c5fb9d-22e4-41c1-bec6-551df2841904,38.9530825,-106.9914475
2021-10-10,-4622,b6c5fb9d-22e4-41c1-bec6-551df2841904,38.9530825,-106.9914475
2021-10-11,-4540,b6c5fb9d-22e4-41c1-bec6-551df2841904,38.9530825,-106.9914475
2021-10-12,4193,b6c5fb9d-22e4-41c1-bec6-551df2841904,38.9530825,-106.9914475
2021-10-13,1740,b6c5fb9d-22e4-41c1-bec6-551df2841904,38.9530825,-106.9914475
2021-10-14,2550,b6c5fb9d-22e4-41c1-bec6-551df2841904,38.9530825,-106.9914475
2021-10-15,5330,b6c5fb9d-22e4-41c1-bec6-551df2841904,38.9530825,-106.9914475
2021-10-16,-1300,b6c5fb9d-22e4-41c1-bec6-551df2841904,38.9530825,-106.9914475
2021-10-17,-3554,b6c5fb9d-22e4-41c1-bec6-551df2841904,38.9530825,-106.9914475
2021-10-18,-1677,b6c5fb9d-22e4-41c1-bec6-551df2841904,38.9530825,-106.9914475
2021-10-19,-1151,b6c5fb9d-22e4-41c1-bec6-551df2841904,38.9530825,-106.9914475
2021-10-20,-4294,b6c5fb9d-22e4-41c1-bec6-551df2841904,38.9530825,-106.9914475
2021-10-21,-87,b6c5fb9d-22e4-41c1-bec6-551df2841904,38.9530825,-106.9914475
2021-10-22,-2448,b6c5fb9d-22e4-41c1-bec6-551df2841904,38.9530825,-106.9914475
2021-10-23,-1301,b6c5fb9d-22e4-41c1-bec6-551df2841904,38.9530825,-106.9914475
2021-10-24,5158,b6c5fb9d-22e4-41c1-bec6-551df2841904,38.9530825,-106.9914475
2021-10-25,-2872,b6c5fb9d-22e4-41c1-bec6-551df2841904,38.9530825,-106.9914475
2021-10-26,2810,b6c5fb9d-22e4-41c1-bec6-551df2841904,38.9530825,-106.9914475
2021-10-27,3316,b6c5fb9d-22e4-41c1-bec6-551df2841904,38.9530825,-106.9914475
2021-10-28,1261,b6c5fb9d-22e4-41c1-bec6-551df2841904,38.9530825,-106.9914475
2021-10-29,-4359,b6c5fb9d-22e4-41c1-bec6-551df2841904,38.9530825,-106.9914475
2021-10-30,-3590,b6c5fb9d-22e4-41c1-bec6-551df2841904,38.9530825,-106.9914475
2021-10-31,-13,b6c5fb9d-22e4-41c1-bec6-551df2841904,38.9530825,-106.9914475
2021-11-01,230,b6c5fb9d-22e4-41c1-bec6-551df2841904,38.9530825,-106.9914475
2021-11-02,5412,b6c5fb9d-22e4-41c1-bec6-551df2841904,38.9530825,-106.9914475
2021-11-03,1218,b6c5fb9d-22e4-41c1-bec6-551df2841904,38.9530825,-106.9914475
2021-11-04,-2497,b6c5fb9d-22e4-41c1-bec6-551df2841904,38.9530825,-106.9914475
2021-11-05,-4179,b6c5fb9d-22e4-41c1-bec6-551df2841904,38.9530825,-106.9914475
2021-11-06,-3594,b6c5fb9d-22e4-41c1-bec6-551df2841904,38.9530825,-106.9914475
2021-11-07,-4680,b6c5fb9d-22e4-41c1-bec6-551df2841904,38.9530825,-106.9914475
2021-11-08,-59,b6c5fb9d-22e4-41c1-bec6-551df2841904,38.9530825,-106.9914475
2021-11-09,2262,b6c5fb9d-22e4-41c1-bec6-551df2841904,38.9530825,-106.9914475
2021-11-10,3508,b6c5fb9d-22e4-41c1-bec6-551df2841904,38.9530825,-106.9914475
2021-11-11,5801,b6c5fb9d-22e4-41c1-bec6-551df2841904,38.9530825,-106.9914475
2021-11-12,4144,b6c5fb9d-22e4-41c1-bec6-551df2841904,38.9530825,-106.9914475
2021-11-13,4941,b6c5fb9d-22e4-41c1-bec6-551df2841904,38.9530825,-106.9914475
2021-11-14,293,b6c5fb9d-22e4-41c1-bec6-551df2841904,38.9530825,-106.9914475
2021-11-15,763,b6c5fb9d-22e4-41c1-bec6-551df2841904,38.9530825,-106.9914475
2021-11-16,674,b6c5fb9d-22e4-41c1-bec6-551df2841904,38.9530825,-106.9914475
2021-11-17,288,b6c5fb9d-22e4-41c1-bec6-551df2841904,38.9530825,-106.9914475
2021-11-18,-2118,b6c5fb9d-22e4-41c1-bec6-551df2841904,38.9530825,-106.9914475
2021-11-19,1728,b6c5fb9d-22e4-41c1-bec6-551df2841904,38.9530825,-106.9914475
2021-11-20,85,b6c5fb9d-22e4-41c1-bec6-551df2841904,38.9530825,-106.9914475
2021-11-21,-1650,b6c5fb9d-22e4-41c1-bec6-551df2841904,38.9530825,-106.9914475
2021-11-22,-2162,b6c5fb9d-22e4-41c1-bec6-551df2841904,38.9530825,-106.9914475
2021-11-23,-533,b6c5fb9d-22e4-41c1-bec6-551df2841904,38.9530825,-106.9914475
2021-11-24,2635,b6c5fb9d-22e4-41c1-bec6-551df2841904,38.9530825,-106.9914475
2021-11-25,5516,b6c5fb9d-22e4-41c1-bec6-551df2841904,38.9530825,-106.9914475
2021-11-26,4086,b6c5fb9d-22e4-41c1-bec6-551df2841904,38.9530825,-106.9914475
2021-11-27,-1419,b6c5fb9d-22e4-41c1-bec6-551df2841904,38.9530825,-106.9914475
2021-11-28,634,b6c5fb9d-22e4-41c1-bec6-551df2841904,38.9530825,-106.9914475
2021-11-29,-2504,b6c5fb9d-22e4-41c1-bec6-551df2841904,38.9530825,-106.9914475
2021-11-30,-3044,b6c5fb9d-22e4-41c1-bec6-551df2841904,38.9530825,-106.9914475
2021-12-01,-1624,b6c5fb9d-22e4-41c1-bec6-551df2841904,38.9530825,-106.9914475
2021-12-02,-3911,b6c5fb9d-22e4-41c1-bec6-551df2841904,38.9530825,-106.9914475
2021-12-03,-3311,b6c5fb9d-22e4-41c1-bec6-551df2841904,38.9530825,-106.9914475
2021-12-04,-3262,b6c5fb9d-22e4-41c1-bec6-551df2841904,38.9530825,-106.9914475
2021-12-05,-1156,b6c5fb9d-22e4-41c1-bec6-551df2841904,38.9530825,-106.9914475
2021-12-06,1453,b6c5fb9d-22e4-41c1-bec6-551df2841904,38.9530825,-106.9914475
2021-12-07,1202,b6c5fb9d-22e4-41c1-bec6-551df2841904,38.9530825,-106.9914475
2021-12-08,3153,b6c5fb9d-22e4-41c1-bec6-551df2841904,38.9530825,-106.9914475
2021-12-09,4650,b6c5fb9d-22e4-41c1-bec6-551df2841904,38.9530825,-106.9914475
2021-12-10,4489,b6c5fb9d-22e4-41c1-bec6-551df2841904,38.9530825,-106.9914475
2021-12-11,6432,b6c5fb9d-22e4-41c1-bec6-551df2841904,38.9530825,-106.9914475
2021-12-12,6343,b6c5fb9d-22e4-41c1-bec6-551df2841904,38.9530825,-106.9914475
2021-12-13,8197,b6c5fb9d-22e4-41c1-bec6-551df2841904,38.9530825,-106.9914475
2021-12-14,2636,b6c5fb9d-22e4-41c1-bec6-551df2841904,38.9530825,-106.9914475
2021-12-15,4608,b6c5fb9d-22e4-41c1-bec6-551df2841904,38.9530825,-106.9914475
2021-12-16,5945,b6c5fb9d-22e4-41c1-bec6-551df2841904,38.9530825,-106.9914475
2021-12-17,5196,b6c5fb9d-22e4-41c1-bec6-551df2841904,38.9530825,-106.9914475
2021-12-18,6771,b6c5fb9d-22e4-41c1-bec6-551df2841904,38.9530825,-106.9914475
2021-12-19,6067,b6c5fb9d-22e4-41c1-bec6-551df2841904,38.9530825,-106.9914475
2021-12-20,7961,b6c5fb9d-22e4-41c1-bec6-551df2841904,38.9530825,-106.9914475
2021-12-21,6896,b6c5fb9d-22e4-41c1-bec6-551df2841904,38.9530825,-106.9914475
2021-12-22,7807,b6c5fb9d-22e4-41c1-bec6-551df2841904,38.9530825,-106.9914475
2021-12-23,2154,b6c5fb9d-22e4-41c1-bec6-551df2841904,38.9530825,-106.9914475
2021-12-24,3979,b6c5fb9d-22e4-41c1-bec6-551df2841904,38.9530825,-106.9914475
2021-12-25,3132,b6c5fb9d-22e4-41c1-bec6-551df2841904,38.9530825,-106.9914475
2021-12-26,3511,b6c5fb9d-22e4-41c1-bec6-551df2841904,38.9530825,-106.9914475
2021-12-27,2585,b6c5fb9d-22e4-41c1-bec6-551df2841904,38.9530825,-106.9914475
2021-12-28,3219,b6c5fb9d-22e4-41c1-bec6-551df2841904,38.9530825,-106.9914475
2021-12-29,5029,b6c5fb9d-22e4-41c1-bec6-551df2841904,38.9530825,-106.9914475
2021-12-30,2052,b6c5fb9d-22e4-41c1-bec6-551df2841904,38.9530825,-106.9914475
