date,mod10a1_ndsi,cell_id,latitude,longitude
2020-01-01,-2239,f093fba9-60c0-4c1a-8968-0a53a3c0868a,36.35047,-118.7683605
2020-01-02,562,f093fba9-60c0-4c1a-8968-0a53a3c0868a,36.35047,-118.7683605
2020-01-03,-978,f093fba9-60c0-4c1a-8968-0a53a3c0868a,36.35047,-118.7683605
2020-01-04,-1357,f093fba9-60c0-4c1a-8968-0a53a3c0868a,36.35047,-118.7683605
2020-01-05,-1783,f093fba9-60c0-4c1a-8968-0a53a3c0868a,36.35047,-118.7683605
2020-01-06,-3383,f093fba9-60c0-4c1a-8968-0a53a3c0868a,36.35047,-118.7683605
2020-01-07,-2089,f093fba9-60c0-4c1a-8968-0a53a3c0868a,36.35047,-118.7683605
2020-01-08,-3929,f093fba9-60c0-4c1a-8968-0a53a3c0868a,36.35047,-118.7683605
2020-01-09,-301,f093fba9-60c0-4c1a-8968-0a53a3c0868a,36.35047,-118.7683605
2020-01-10,-3760,f093fba9-60c0-4c1a-8968-0a53a3c0868a,36.35047,-118.7683605
2020-01-11,-2214,f093fba9-60c0-4c1a-8968-0a53a3c0868a,36.35047,-118.7683605
2020-01-12,-2348,f093fba9-60c0-4c1a-8968-0a53a3c0868a,36.35047,-118.7683605
2020-01-13,-2785,f093fba9-60c0-4c1a-8968-0a53a3c0868a,36.35047,-118.7683605
2020-01-14,-3392,f093fba9-60c0-4c1a-8968-0a53a3c0868a,36.35047,-118.7683605
2020-01-15,-2348,f093fba9-60c0-4c1a-8968-0a53a3c0868a,36.35047,-118.7683605
2020-01-16,-771,f093fba9-60c0-4c1a-8968-0a53a3c0868a,36.35047,-118.7683605
2020-01-17,5735,f093fba9-60c0-4c1a-8968-0a53a3c0868a,36.35047,-118.7683605
2020-01-18,-170,f093fba9-60c0-4c1a-8968-0a53a3c0868a,36.35047,-118.7683605
2020-01-19,1894,f093fba9-60c0-4c1a-8968-0a53a3c0868a,36.35047,-118.7683605
2020-01-20,2023,f093fba9-60c0-4c1a-8968-0a53a3c0868a,36.35047,-118.7683605
2020-01-21,-1104,f093fba9-60c0-4c1a-8968-0a53a3c0868a,36.35047,-118.7683605
2020-01-22,-2563,f093fba9-60c0-4c1a-8968-0a53a3c0868a,36.35047,-118.7683605
2020-01-23,-3021,f093fba9-60c0-4c1a-8968-0a53a3c0868a,36.35047,-118.7683605
2020-01-24,300,f093fba9-60c0-4c1a-8968-0a53a3c0868a,36.35047,-118.7683605
2020-01-25,35,f093fba9-60c0-4c1a-8968-0a53a3c0868a,36.35047,-118.7683605
2020-01-26,-3372,f093fba9-60c0-4c1a-8968-0a53a3c0868a,36.35047,-118.7683605
2020-01-27,-1348,f093fba9-60c0-4c1a-8968-0a53a3c0868a,36.35047,-118.7683605
2020-01-28,-3206,f093fba9-60c0-4c1a-8968-0a53a3c0868a,36.35047,-118.7683605
2020-01-29,-2018,f093fba9-60c0-4c1a-8968-0a53a3c0868a,36.35047,-118.7683605
2020-01-30,1041,f093fba9-60c0-4c1a-8968-0a53a3c0868a,36.35047,-118.7683605
2020-01-31,-3896,f093fba9-60c0-4c1a-8968-0a53a3c0868a,36.35047,-118.7683605
2020-02-01,-1810,f093fba9-60c0-4c1a-8968-0a53a3c0868a,36.35047,-118.7683605
2020-02-02,-3287,f093fba9-60c0-4c1a-8968-0a53a3c0868a,36.35047,-118.7683605
2020-02-03,-2415,f093fba9-60c0-4c1a-8968-0a53a3c0868a,36.35047,-118.7683605
2020-02-04,-3785,f093fba9-60c0-4c1a-8968-0a53a3c0868a,36.35047,-118.7683605
2020-02-05,-2071,f093fba9-60c0-4c1a-8968-0a53a3c0868a,36.35047,-118.7683605
2020-02-06,-2522,f093fba9-60c0-4c1a-8968-0a53a3c0868a,36.35047,-118.7683605
2020-02-07,-3719,f093fba9-60c0-4c1a-8968-0a53a3c0868a,36.35047,-118.7683605
2020-02-08,-2179,f093fba9-60c0-4c1a-8968-0a53a3c0868a,36.35047,-118.7683605
2020-02-09,1292,f093fba9-60c0-4c1a-8968-0a53a3c0868a,36.35047,-118.7683605
2020-02-10,-1004,f093fba9-60c0-4c1a-8968-0a53a3c0868a,36.35047,-118.7683605
2020-02-11,-3426,f093fba9-60c0-4c1a-8968-0a53a3c0868a,36.35047,-118.7683605
2020-02-12,-3085,f093fba9-60c0-4c1a-8968-0a53a3c0868a,36.35047,-118.7683605
2020-02-13,-3159,f093fba9-60c0-4c1a-8968-0a53a3c0868a,36.35047,-118.7683605
2020-02-14,-3504,f093fba9-60c0-4c1a-8968-0a53a3c0868a,36.35047,-118.7683605
2020-02-15,-1136,f093fba9-60c0-4c1a-8968-0a53a3c0868a,36.35047,-118.7683605
2020-02-16,-3959,f093fba9-60c0-4c1a-8968-0a53a3c0868a,36.35047,-118.7683605
2020-02-17,-776,f093fba9-60c0-4c1a-8968-0a53a3c0868a,36.35047,-118.7683605
2020-02-18,-3035,f093fba9-60c0-4c1a-8968-0a53a3c0868a,36.35047,-118.7683605
2020-02-19,-2362,f093fba9-60c0-4c1a-8968-0a53a3c0868a,36.35047,-118.7683605
2020-02-20,-3829,f093fba9-60c0-4c1a-8968-0a53a3c0868a,36.35047,-118.7683605
2020-02-21,-124,f093fba9-60c0-4c1a-8968-0a53a3c0868a,36.35047,-118.7683605
2020-02-22,4372,f093fba9-60c0-4c1a-8968-0a53a3c0868a,36.35047,-118.7683605
2020-02-23,-518,f093fba9-60c0-4c1a-8968-0a53a3c0868a,36.35047,-118.7683605
2020-02-24,-3221,f093fba9-60c0-4c1a-8968-0a53a3c0868a,36.35047,-118.7683605
2020-02-25,-4097,f093fba9-60c0-4c1a-8968-0a53a3c0868a,36.35047,-118.7683605
2020-02-26,-2467,f093fba9-60c0-4c1a-8968-0a53a3c0868a,36.35047,-118.7683605
2020-02-27,-2929,f093fba9-60c0-4c1a-8968-0a53a3c0868a,36.35047,-118.7683605
2020-02-28,-2964,f093fba9-60c0-4c1a-8968-0a53a3c0868a,36.35047,-118.7683605
2020-02-29,-1755,f093fba9-60c0-4c1a-8968-0a53a3c0868a,36.35047,-118.7683605
2020-03-01,1558,f093fba9-60c0-4c1a-8968-0a53a3c0868a,36.35047,-118.7683605
2020-03-02,-3332,f093fba9-60c0-4c1a-8968-0a53a3c0868a,36.35047,-118.7683605
2020-03-03,-3785,f093fba9-60c0-4c1a-8968-0a53a3c0868a,36.35047,-118.7683605
2020-03-04,-1508,f093fba9-60c0-4c1a-8968-0a53a3c0868a,36.35047,-118.7683605
2020-03-05,-2496,f093fba9-60c0-4c1a-8968-0a53a3c0868a,36.35047,-118.7683605
2020-03-06,-2184,f093fba9-60c0-4c1a-8968-0a53a3c0868a,36.35047,-118.7683605
2020-03-07,2038,f093fba9-60c0-4c1a-8968-0a53a3c0868a,36.35047,-118.7683605
2020-03-08,-77,f093fba9-60c0-4c1a-8968-0a53a3c0868a,36.35047,-118.7683605
2020-03-09,-989,f093fba9-60c0-4c1a-8968-0a53a3c0868a,36.35047,-118.7683605
2020-03-10,-864,f093fba9-60c0-4c1a-8968-0a53a3c0868a,36.35047,-118.7683605
2020-03-11,146,f093fba9-60c0-4c1a-8968-0a53a3c0868a,36.35047,-118.7683605
2020-03-12,2008,f093fba9-60c0-4c1a-8968-0a53a3c0868a,36.35047,-118.7683605
2020-03-13,1157,f093fba9-60c0-4c1a-8968-0a53a3c0868a,36.35047,-118.7683605
2020-03-14,200,f093fba9-60c0-4c1a-8968-0a53a3c0868a,36.35047,-118.7683605
2020-03-15,2306,f093fba9-60c0-4c1a-8968-0a53a3c0868a,36.35047,-118.7683605
2020-03-16,1435,f093fba9-60c0-4c1a-8968-0a53a3c0868a,36.35047,-118.7683605
2020-03-17,865,f093fba9-60c0-4c1a-8968-0a53a3c0868a,36.35047,-118.7683605
2020-03-18,-2505,f093fba9-60c0-4c1a-8968-0a53a3c0868a,36.35047,-118.7683605
2020-03-19,1913,f093fba9-60c0-4c1a-8968-0a53a3c0868a,36.35047,-118.7683605
2020-03-20,-855,f093fba9-60c0-4c1a-8968-0a53a3c0868a,36.35047,-118.7683605
2020-03-21,-547,f093fba9-60c0-4c1a-8968-0a53a3c0868a,36.35047,-118.7683605
2020-03-22,-814,f093fba9-60c0-4c1a-8968-0a53a3c0868a,36.35047,-118.7683605
2020-03-23,745,f093fba9-60c0-4c1a-8968-0a53a3c0868a,36.35047,-118.7683605
2020-03-24,1229,f093fba9-60c0-4c1a-8968-0a53a3c0868a,36.35047,-118.7683605
2020-03-25,3088,f093fba9-60c0-4c1a-8968-0a53a3c0868a,36.35047,-118.7683605
2020-03-26,2329,f093fba9-60c0-4c1a-8968-0a53a3c0868a,36.35047,-118.7683605
2020-03-27,-515,f093fba9-60c0-4c1a-8968-0a53a3c0868a,36.35047,-118.7683605
2020-03-28,1994,f093fba9-60c0-4c1a-8968-0a53a3c0868a,36.35047,-118.7683605
2020-03-29,1163,f093fba9-60c0-4c1a-8968-0a53a3c0868a,36.35047,-118.7683605
2020-03-30,-3188,f093fba9-60c0-4c1a-8968-0a53a3c0868a,36.35047,-118.7683605
2020-03-31,-2561,f093fba9-60c0-4c1a-8968-0a53a3c0868a,36.35047,-118.7683605
2020-04-01,-2659,f093fba9-60c0-4c1a-8968-0a53a3c0868a,36.35047,-118.7683605
2020-04-02,-3170,f093fba9-60c0-4c1a-8968-0a53a3c0868a,36.35047,-118.7683605
2020-04-03,-2603,f093fba9-60c0-4c1a-8968-0a53a3c0868a,36.35047,-118.7683605
2020-04-04,-3271,f093fba9-60c0-4c1a-8968-0a53a3c0868a,36.35047,-118.7683605
2020-04-05,3392,f093fba9-60c0-4c1a-8968-0a53a3c0868a,36.35047,-118.7683605
2020-04-06,4438,f093fba9-60c0-4c1a-8968-0a53a3c0868a,36.35047,-118.7683605
2020-04-07,153,f093fba9-60c0-4c1a-8968-0a53a3c0868a,36.35047,-118.7683605
2020-04-08,4213,f093fba9-60c0-4c1a-8968-0a53a3c0868a,36.35047,-118.7683605
2020-04-09,2153,f093fba9-60c0-4c1a-8968-0a53a3c0868a,36.35047,-118.7683605
2020-04-10,793,f093fba9-60c0-4c1a-8968-0a53a3c0868a,36.35047,-118.7683605
2020-04-11,247,f093fba9-60c0-4c1a-8968-0a53a3c0868a,36.35047,-118.7683605
2020-04-12,-2418,f093fba9-60c0-4c1a-8968-0a53a3c0868a,36.35047,-118.7683605
2020-04-13,-1011,f093fba9-60c0-4c1a-8968-0a53a3c0868a,36.35047,-118.7683605
2020-04-14,-576,f093fba9-60c0-4c1a-8968-0a53a3c0868a,36.35047,-118.7683605
2020-04-15,-3391,f093fba9-60c0-4c1a-8968-0a53a3c0868a,36.35047,-118.7683605
2020-04-16,-450,f093fba9-60c0-4c1a-8968-0a53a3c0868a,36.35047,-118.7683605
2020-04-17,5405,f093fba9-60c0-4c1a-8968-0a53a3c0868a,36.35047,-118.7683605
2020-04-18,1649,f093fba9-60c0-4c1a-8968-0a53a3c0868a,36.35047,-118.7683605
2020-04-19,427,f093fba9-60c0-4c1a-8968-0a53a3c0868a,36.35047,-118.7683605
2020-04-20,5877,f093fba9-60c0-4c1a-8968-0a53a3c0868a,36.35047,-118.7683605
2020-04-21,-277,f093fba9-60c0-4c1a-8968-0a53a3c0868a,36.35047,-118.7683605
2020-04-22,-3286,f093fba9-60c0-4c1a-8968-0a53a3c0868a,36.35047,-118.7683605
2020-04-23,-2107,f093fba9-60c0-4c1a-8968-0a53a3c0868a,36.35047,-118.7683605
2020-04-24,-3389,f093fba9-60c0-4c1a-8968-0a53a3c0868a,36.35047,-118.7683605
2020-04-25,-2680,f093fba9-60c0-4c1a-8968-0a53a3c0868a,36.35047,-118.7683605
2020-04-26,-1007,f093fba9-60c0-4c1a-8968-0a53a3c0868a,36.35047,-118.7683605
2020-04-27,-3200,f093fba9-60c0-4c1a-8968-0a53a3c0868a,36.35047,-118.7683605
2020-04-28,-2546,f093fba9-60c0-4c1a-8968-0a53a3c0868a,36.35047,-118.7683605
2020-04-29,1579,f093fba9-60c0-4c1a-8968-0a53a3c0868a,36.35047,-118.7683605
2020-04-30,-868,f093fba9-60c0-4c1a-8968-0a53a3c0868a,36.35047,-118.7683605
2020-05-01,-3521,f093fba9-60c0-4c1a-8968-0a53a3c0868a,36.35047,-118.7683605
2020-05-02,-2570,f093fba9-60c0-4c1a-8968-0a53a3c0868a,36.35047,-118.7683605
2020-05-03,-3209,f093fba9-60c0-4c1a-8968-0a53a3c0868a,36.35047,-118.7683605
2020-05-04,-3025,f093fba9-60c0-4c1a-8968-0a53a3c0868a,36.35047,-118.7683605
2020-05-05,-2680,f093fba9-60c0-4c1a-8968-0a53a3c0868a,36.35047,-118.7683605
2020-05-06,-2514,f093fba9-60c0-4c1a-8968-0a53a3c0868a,36.35047,-118.7683605
2020-05-07,-1471,f093fba9-60c0-4c1a-8968-0a53a3c0868a,36.35047,-118.7683605
2020-05-08,-3583,f093fba9-60c0-4c1a-8968-0a53a3c0868a,36.35047,-118.7683605
2020-05-09,-2382,f093fba9-60c0-4c1a-8968-0a53a3c0868a,36.35047,-118.7683605
2020-05-10,-3181,f093fba9-60c0-4c1a-8968-0a53a3c0868a,36.35047,-118.7683605
2020-05-11,-2829,f093fba9-60c0-4c1a-8968-0a53a3c0868a,36.35047,-118.7683605
2020-05-12,-783,f093fba9-60c0-4c1a-8968-0a53a3c0868a,36.35047,-118.7683605
2020-05-13,1486,f093fba9-60c0-4c1a-8968-0a53a3c0868a,36.35047,-118.7683605
2020-05-14,-675,f093fba9-60c0-4c1a-8968-0a53a3c0868a,36.35047,-118.7683605
2020-05-15,-3166,f093fba9-60c0-4c1a-8968-0a53a3c0868a,36.35047,-118.7683605
2020-05-16,303,f093fba9-60c0-4c1a-8968-0a53a3c0868a,36.35047,-118.7683605
2020-05-17,-3250,f093fba9-60c0-4c1a-8968-0a53a3c0868a,36.35047,-118.7683605
2020-05-18,-293,f093fba9-60c0-4c1a-8968-0a53a3c0868a,36.35047,-118.7683605
2020-05-19,814,f093fba9-60c0-4c1a-8968-0a53a3c0868a,36.35047,-118.7683605
2020-05-20,-1677,f093fba9-60c0-4c1a-8968-0a53a3c0868a,36.35047,-118.7683605
2020-05-21,-2489,f093fba9-60c0-4c1a-8968-0a53a3c0868a,36.35047,-118.7683605
2020-05-22,-2822,f093fba9-60c0-4c1a-8968-0a53a3c0868a,36.35047,-118.7683605
2020-05-23,-1717,f093fba9-60c0-4c1a-8968-0a53a3c0868a,36.35047,-118.7683605
2020-05-24,-3638,f093fba9-60c0-4c1a-8968-0a53a3c0868a,36.35047,-118.7683605
2020-05-25,-2490,f093fba9-60c0-4c1a-8968-0a53a3c0868a,36.35047,-118.7683605
2020-05-26,-3398,f093fba9-60c0-4c1a-8968-0a53a3c0868a,36.35047,-118.7683605
2020-05-27,-2621,f093fba9-60c0-4c1a-8968-0a53a3c0868a,36.35047,-118.7683605
2020-05-28,-3115,f093fba9-60c0-4c1a-8968-0a53a3c0868a,36.35047,-118.7683605
2020-05-29,-3313,f093fba9-60c0-4c1a-8968-0a53a3c0868a,36.35047,-118.7683605
2020-05-30,3890,f093fba9-60c0-4c1a-8968-0a53a3c0868a,36.35047,-118.7683605
2020-05-31,-3506,f093fba9-60c0-4c1a-8968-0a53a3c0868a,36.35047,-118.7683605
2020-06-01,2394,f093fba9-60c0-4c1a-8968-0a53a3c0868a,36.35047,-118.7683605
2020-06-02,-929,f093fba9-60c0-4c1a-8968-0a53a3c0868a,36.35047,-118.7683605
2020-06-03,-2516,f093fba9-60c0-4c1a-8968-0a53a3c0868a,36.35047,-118.7683605
2020-06-04,-3124,f093fba9-60c0-4c1a-8968-0a53a3c0868a,36.35047,-118.7683605
2020-06-05,4380,f093fba9-60c0-4c1a-8968-0a53a3c0868a,36.35047,-118.7683605
2020-06-06,873,f093fba9-60c0-4c1a-8968-0a53a3c0868a,36.35047,-118.7683605
2020-06-07,-1028,f093fba9-60c0-4c1a-8968-0a53a3c0868a,36.35047,-118.7683605
2020-06-08,-2083,f093fba9-60c0-4c1a-8968-0a53a3c0868a,36.35047,-118.7683605
2020-06-09,-3831,f093fba9-60c0-4c1a-8968-0a53a3c0868a,36.35047,-118.7683605
2020-06-10,-2994,f093fba9-60c0-4c1a-8968-0a53a3c0868a,36.35047,-118.7683605
2020-06-11,-3813,f093fba9-60c0-4c1a-8968-0a53a3c0868a,36.35047,-118.7683605
2020-06-12,-2894,f093fba9-60c0-4c1a-8968-0a53a3c0868a,36.35047,-118.7683605
2020-06-13,-2672,f093fba9-60c0-4c1a-8968-0a53a3c0868a,36.35047,-118.7683605
2020-06-14,-3493,f093fba9-60c0-4c1a-8968-0a53a3c0868a,36.35047,-118.7683605
2020-06-15,-2899,f093fba9-60c0-4c1a-8968-0a53a3c0868a,36.35047,-118.7683605
2020-06-16,-2969,f093fba9-60c0-4c1a-8968-0a53a3c0868a,36.35047,-118.7683605
2020-06-17,-2728,f093fba9-60c0-4c1a-8968-0a53a3c0868a,36.35047,-118.7683605
2020-06-18,-3753,f093fba9-60c0-4c1a-8968-0a53a3c0868a,36.35047,-118.7683605
2020-06-19,-2768,f093fba9-60c0-4c1a-8968-0a53a3c0868a,36.35047,-118.7683605
2020-06-20,-3632,f093fba9-60c0-4c1a-8968-0a53a3c0868a,36.35047,-118.7683605
2020-06-21,-2988,f093fba9-60c0-4c1a-8968-0a53a3c0868a,36.35047,-118.7683605
2020-06-22,-3386,f093fba9-60c0-4c1a-8968-0a53a3c0868a,36.35047,-118.7683605
2020-06-23,-3647,f093fba9-60c0-4c1a-8968-0a53a3c0868a,36.35047,-118.7683605
2020-06-24,2578,f093fba9-60c0-4c1a-8968-0a53a3c0868a,36.35047,-118.7683605
2020-06-25,-3667,f093fba9-60c0-4c1a-8968-0a53a3c0868a,36.35047,-118.7683605
2020-06-26,-2385,f093fba9-60c0-4c1a-8968-0a53a3c0868a,36.35047,-118.7683605
2020-06-27,-3842,f093fba9-60c0-4c1a-8968-0a53a3c0868a,36.35047,-118.7683605
2020-06-28,-2947,f093fba9-60c0-4c1a-8968-0a53a3c0868a,36.35047,-118.7683605
2020-06-29,-3560,f093fba9-60c0-4c1a-8968-0a53a3c0868a,36.35047,-118.7683605
2020-06-30,-3392,f093fba9-60c0-4c1a-8968-0a53a3c0868a,36.35047,-118.7683605
2020-07-01,-3349,f093fba9-60c0-4c1a-8968-0a53a3c0868a,36.35047,-118.7683605
2020-07-02,-3759,f093fba9-60c0-4c1a-8968-0a53a3c0868a,36.35047,-118.7683605
2020-07-03,-2442,f093fba9-60c0-4c1a-8968-0a53a3c0868a,36.35047,-118.7683605
2020-07-04,-4064,f093fba9-60c0-4c1a-8968-0a53a3c0868a,36.35047,-118.7683605
2020-07-05,-3189,f093fba9-60c0-4c1a-8968-0a53a3c0868a,36.35047,-118.7683605
2020-07-06,-3803,f093fba9-60c0-4c1a-8968-0a53a3c0868a,36.35047,-118.7683605
2020-07-07,-3619,f093fba9-60c0-4c1a-8968-0a53a3c0868a,36.35047,-118.7683605
2020-07-08,-3418,f093fba9-60c0-4c1a-8968-0a53a3c0868a,36.35047,-118.7683605
2020-07-09,-3901,f093fba9-60c0-4c1a-8968-0a53a3c0868a,36.35047,-118.7683605
2020-07-10,-2409,f093fba9-60c0-4c1a-8968-0a53a3c0868a,36.35047,-118.7683605
2020-07-11,-3981,f093fba9-60c0-4c1a-8968-0a53a3c0868a,36.35047,-118.7683605
2020-07-12,-2797,f093fba9-60c0-4c1a-8968-0a53a3c0868a,36.35047,-118.7683605
2020-07-13,-3798,f093fba9-60c0-4c1a-8968-0a53a3c0868a,36.35047,-118.7683605
2020-07-14,-3317,f093fba9-60c0-4c1a-8968-0a53a3c0868a,36.35047,-118.7683605
2020-07-15,-3641,f093fba9-60c0-4c1a-8968-0a53a3c0868a,36.35047,-118.7683605
2020-07-16,-3409,f093fba9-60c0-4c1a-8968-0a53a3c0868a,36.35047,-118.7683605
2020-07-17,-3290,f093fba9-60c0-4c1a-8968-0a53a3c0868a,36.35047,-118.7683605
2020-07-18,-3812,f093fba9-60c0-4c1a-8968-0a53a3c0868a,36.35047,-118.7683605
2020-07-19,-2428,f093fba9-60c0-4c1a-8968-0a53a3c0868a,36.35047,-118.7683605
2020-07-20,-4012,f093fba9-60c0-4c1a-8968-0a53a3c0868a,36.35047,-118.7683605
2020-07-21,2748,f093fba9-60c0-4c1a-8968-0a53a3c0868a,36.35047,-118.7683605
2020-07-22,-3843,f093fba9-60c0-4c1a-8968-0a53a3c0868a,36.35047,-118.7683605
2020-07-23,-3540,f093fba9-60c0-4c1a-8968-0a53a3c0868a,36.35047,-118.7683605
2020-07-24,-3516,f093fba9-60c0-4c1a-8968-0a53a3c0868a,36.35047,-118.7683605
2020-07-25,-3641,f093fba9-60c0-4c1a-8968-0a53a3c0868a,36.35047,-118.7683605
2020-07-26,-2587,f093fba9-60c0-4c1a-8968-0a53a3c0868a,36.35047,-118.7683605
2020-07-27,-3890,f093fba9-60c0-4c1a-8968-0a53a3c0868a,36.35047,-118.7683605
2020-07-28,-2979,f093fba9-60c0-4c1a-8968-0a53a3c0868a,36.35047,-118.7683605
2020-07-29,-4017,f093fba9-60c0-4c1a-8968-0a53a3c0868a,36.35047,-118.7683605
2020-07-30,-3611,f093fba9-60c0-4c1a-8968-0a53a3c0868a,36.35047,-118.7683605
2020-07-31,-3906,f093fba9-60c0-4c1a-8968-0a53a3c0868a,36.35047,-118.7683605
2020-08-01,-3694,f093fba9-60c0-4c1a-8968-0a53a3c0868a,36.35047,-118.7683605
2020-08-02,-3457,f093fba9-60c0-4c1a-8968-0a53a3c0868a,36.35047,-118.7683605
2020-08-03,-721,f093fba9-60c0-4c1a-8968-0a53a3c0868a,36.35047,-118.7683605
2020-08-04,-2737,f093fba9-60c0-4c1a-8968-0a53a3c0868a,36.35047,-118.7683605
2020-08-05,-4007,f093fba9-60c0-4c1a-8968-0a53a3c0868a,36.35047,-118.7683605
2020-08-06,-3297,f093fba9-60c0-4c1a-8968-0a53a3c0868a,36.35047,-118.7683605
2020-08-07,-3677,f093fba9-60c0-4c1a-8968-0a53a3c0868a,36.35047,-118.7683605
2020-08-08,-3426,f093fba9-60c0-4c1a-8968-0a53a3c0868a,36.35047,-118.7683605
2020-08-09,-3448,f093fba9-60c0-4c1a-8968-0a53a3c0868a,36.35047,-118.7683605
2020-08-10,-4003,f093fba9-60c0-4c1a-8968-0a53a3c0868a,36.35047,-118.7683605
2020-08-11,-2390,f093fba9-60c0-4c1a-8968-0a53a3c0868a,36.35047,-118.7683605
2020-08-12,-4156,f093fba9-60c0-4c1a-8968-0a53a3c0868a,36.35047,-118.7683605
2020-08-13,1688,f093fba9-60c0-4c1a-8968-0a53a3c0868a,36.35047,-118.7683605
2020-08-14,-4019,f093fba9-60c0-4c1a-8968-0a53a3c0868a,36.35047,-118.7683605
2020-08-15,-1662,f093fba9-60c0-4c1a-8968-0a53a3c0868a,36.35047,-118.7683605
2020-08-16,-3727,f093fba9-60c0-4c1a-8968-0a53a3c0868a,36.35047,-118.7683605
2020-08-17,-1413,f093fba9-60c0-4c1a-8968-0a53a3c0868a,36.35047,-118.7683605
2020-08-18,-334,f093fba9-60c0-4c1a-8968-0a53a3c0868a,36.35047,-118.7683605
2020-08-19,-1739,f093fba9-60c0-4c1a-8968-0a53a3c0868a,36.35047,-118.7683605
2020-08-20,1300,f093fba9-60c0-4c1a-8968-0a53a3c0868a,36.35047,-118.7683605
2020-08-21,-4123,f093fba9-60c0-4c1a-8968-0a53a3c0868a,36.35047,-118.7683605
2020-08-22,-1358,f093fba9-60c0-4c1a-8968-0a53a3c0868a,36.35047,-118.7683605
2020-08-23,-2016,f093fba9-60c0-4c1a-8968-0a53a3c0868a,36.35047,-118.7683605
2020-08-24,-2322,f093fba9-60c0-4c1a-8968-0a53a3c0868a,36.35047,-118.7683605
2020-08-25,-2222,f093fba9-60c0-4c1a-8968-0a53a3c0868a,36.35047,-118.7683605
2020-08-26,-3495,f093fba9-60c0-4c1a-8968-0a53a3c0868a,36.35047,-118.7683605
2020-08-27,-1173,f093fba9-60c0-4c1a-8968-0a53a3c0868a,36.35047,-118.7683605
2020-08-28,-3575,f093fba9-60c0-4c1a-8968-0a53a3c0868a,36.35047,-118.7683605
2020-08-29,-1205,f093fba9-60c0-4c1a-8968-0a53a3c0868a,36.35047,-118.7683605
2020-08-30,-2716,f093fba9-60c0-4c1a-8968-0a53a3c0868a,36.35047,-118.7683605
2020-08-31,-2129,f093fba9-60c0-4c1a-8968-0a53a3c0868a,36.35047,-118.7683605
2020-09-01,-2729,f093fba9-60c0-4c1a-8968-0a53a3c0868a,36.35047,-118.7683605
2020-09-02,-3162,f093fba9-60c0-4c1a-8968-0a53a3c0868a,36.35047,-118.7683605
2020-09-03,-1536,f093fba9-60c0-4c1a-8968-0a53a3c0868a,36.35047,-118.7683605
2020-09-04,-727,f093fba9-60c0-4c1a-8968-0a53a3c0868a,36.35047,-118.7683605
2020-09-05,-737,f093fba9-60c0-4c1a-8968-0a53a3c0868a,36.35047,-118.7683605
2020-09-06,-3148,f093fba9-60c0-4c1a-8968-0a53a3c0868a,36.35047,-118.7683605
2020-09-07,1837,f093fba9-60c0-4c1a-8968-0a53a3c0868a,36.35047,-118.7683605
2020-09-08,1311,f093fba9-60c0-4c1a-8968-0a53a3c0868a,36.35047,-118.7683605
2020-09-09,-427,f093fba9-60c0-4c1a-8968-0a53a3c0868a,36.35047,-118.7683605
2020-09-10,1434,f093fba9-60c0-4c1a-8968-0a53a3c0868a,36.35047,-118.7683605
2020-09-11,1232,f093fba9-60c0-4c1a-8968-0a53a3c0868a,36.35047,-118.7683605
2020-09-12,2402,f093fba9-60c0-4c1a-8968-0a53a3c0868a,36.35047,-118.7683605
2020-09-13,2406,f093fba9-60c0-4c1a-8968-0a53a3c0868a,36.35047,-118.7683605
2020-09-14,4100,f093fba9-60c0-4c1a-8968-0a53a3c0868a,36.35047,-118.7683605
2020-09-15,2669,f093fba9-60c0-4c1a-8968-0a53a3c0868a,36.35047,-118.7683605
2020-09-16,3557,f093fba9-60c0-4c1a-8968-0a53a3c0868a,36.35047,-118.7683605
2020-09-17,2821,f093fba9-60c0-4c1a-8968-0a53a3c0868a,36.35047,-118.7683605
2020-09-18,1807,f093fba9-60c0-4c1a-8968-0a53a3c0868a,36.35047,-118.7683605
2020-09-19,28,f093fba9-60c0-4c1a-8968-0a53a3c0868a,36.35047,-118.7683605
2020-09-20,2956,f093fba9-60c0-4c1a-8968-0a53a3c0868a,36.35047,-118.7683605
2020-09-21,933,f093fba9-60c0-4c1a-8968-0a53a3c0868a,36.35047,-118.7683605
2020-09-22,-3304,f093fba9-60c0-4c1a-8968-0a53a3c0868a,36.35047,-118.7683605
2020-09-23,2385,f093fba9-60c0-4c1a-8968-0a53a3c0868a,36.35047,-118.7683605
2020-09-24,751,f093fba9-60c0-4c1a-8968-0a53a3c0868a,36.35047,-118.7683605
2020-09-25,2068,f093fba9-60c0-4c1a-8968-0a53a3c0868a,36.35047,-118.7683605
2020-09-26,683,f093fba9-60c0-4c1a-8968-0a53a3c0868a,36.35047,-118.7683605
2020-09-27,2412,f093fba9-60c0-4c1a-8968-0a53a3c0868a,36.35047,-118.7683605
2020-09-28,3248,f093fba9-60c0-4c1a-8968-0a53a3c0868a,36.35047,-118.7683605
2020-09-29,814,f093fba9-60c0-4c1a-8968-0a53a3c0868a,36.35047,-118.7683605
2020-09-30,2344,f093fba9-60c0-4c1a-8968-0a53a3c0868a,36.35047,-118.7683605
2020-10-01,764,f093fba9-60c0-4c1a-8968-0a53a3c0868a,36.35047,-118.7683605
2020-10-02,3781,f093fba9-60c0-4c1a-8968-0a53a3c0868a,36.35047,-118.7683605
2020-10-03,2444,f093fba9-60c0-4c1a-8968-0a53a3c0868a,36.35047,-118.7683605
2020-10-04,3044,f093fba9-60c0-4c1a-8968-0a53a3c0868a,36.35047,-118.7683605
2020-10-05,2700,f093fba9-60c0-4c1a-8968-0a53a3c0868a,36.35047,-118.7683605
2020-10-06,2727,f093fba9-60c0-4c1a-8968-0a53a3c0868a,36.35047,-118.7683605
2020-10-07,2786,f093fba9-60c0-4c1a-8968-0a53a3c0868a,36.35047,-118.7683605
2020-10-08,1963,f093fba9-60c0-4c1a-8968-0a53a3c0868a,36.35047,-118.7683605
2020-10-09,3087,f093fba9-60c0-4c1a-8968-0a53a3c0868a,36.35047,-118.7683605
2020-10-10,-409,f093fba9-60c0-4c1a-8968-0a53a3c0868a,36.35047,-118.7683605
2020-10-11,-1402,f093fba9-60c0-4c1a-8968-0a53a3c0868a,36.35047,-118.7683605
2020-10-12,-1431,f093fba9-60c0-4c1a-8968-0a53a3c0868a,36.35047,-118.7683605
2020-10-13,-1812,f093fba9-60c0-4c1a-8968-0a53a3c0868a,36.35047,-118.7683605
2020-10-14,3303,f093fba9-60c0-4c1a-8968-0a53a3c0868a,36.35047,-118.7683605
2020-10-15,-1256,f093fba9-60c0-4c1a-8968-0a53a3c0868a,36.35047,-118.7683605
2020-10-16,-194,f093fba9-60c0-4c1a-8968-0a53a3c0868a,36.35047,-118.7683605
2020-10-17,-1969,f093fba9-60c0-4c1a-8968-0a53a3c0868a,36.35047,-118.7683605
2020-10-18,-2311,f093fba9-60c0-4c1a-8968-0a53a3c0868a,36.35047,-118.7683605
2020-10-19,-2856,f093fba9-60c0-4c1a-8968-0a53a3c0868a,36.35047,-118.7683605
2020-10-20,-1791,f093fba9-60c0-4c1a-8968-0a53a3c0868a,36.35047,-118.7683605
2020-10-21,-667,f093fba9-60c0-4c1a-8968-0a53a3c0868a,36.35047,-118.7683605
2020-10-22,-2864,f093fba9-60c0-4c1a-8968-0a53a3c0868a,36.35047,-118.7683605
2020-10-23,-594,f093fba9-60c0-4c1a-8968-0a53a3c0868a,36.35047,-118.7683605
2020-10-24,-3438,f093fba9-60c0-4c1a-8968-0a53a3c0868a,36.35047,-118.7683605
2020-10-25,-1559,f093fba9-60c0-4c1a-8968-0a53a3c0868a,36.35047,-118.7683605
2020-10-26,-675,f093fba9-60c0-4c1a-8968-0a53a3c0868a,36.35047,-118.7683605
2020-10-27,-264,f093fba9-60c0-4c1a-8968-0a53a3c0868a,36.35047,-118.7683605
2020-10-28,-1766,f093fba9-60c0-4c1a-8968-0a53a3c0868a,36.35047,-118.7683605
2020-10-29,-4012,f093fba9-60c0-4c1a-8968-0a53a3c0868a,36.35047,-118.7683605
2020-10-30,165,f093fba9-60c0-4c1a-8968-0a53a3c0868a,36.35047,-118.7683605
2020-10-31,-2775,f093fba9-60c0-4c1a-8968-0a53a3c0868a,36.35047,-118.7683605
2020-11-01,-1245,f093fba9-60c0-4c1a-8968-0a53a3c0868a,36.35047,-118.7683605
2020-11-02,-2341,f093fba9-60c0-4c1a-8968-0a53a3c0868a,36.35047,-118.7683605
2020-11-03,-1137,f093fba9-60c0-4c1a-8968-0a53a3c0868a,36.35047,-118.7683605
2020-11-04,-2229,f093fba9-60c0-4c1a-8968-0a53a3c0868a,36.35047,-118.7683605
2020-11-05,-2522,f093fba9-60c0-4c1a-8968-0a53a3c0868a,36.35047,-118.7683605
2020-11-06,-1763,f093fba9-60c0-4c1a-8968-0a53a3c0868a,36.35047,-118.7683605
2020-11-07,1114,f093fba9-60c0-4c1a-8968-0a53a3c0868a,36.35047,-118.7683605
2020-11-08,4675,f093fba9-60c0-4c1a-8968-0a53a3c0868a,36.35047,-118.7683605
2020-11-09,3548,f093fba9-60c0-4c1a-8968-0a53a3c0868a,36.35047,-118.7683605
2020-11-10,-544,f093fba9-60c0-4c1a-8968-0a53a3c0868a,36.35047,-118.7683605
2020-11-11,-3586,f093fba9-60c0-4c1a-8968-0a53a3c0868a,36.35047,-118.7683605
2020-11-12,-1194,f093fba9-60c0-4c1a-8968-0a53a3c0868a,36.35047,-118.7683605
2020-11-13,-2969,f093fba9-60c0-4c1a-8968-0a53a3c0868a,36.35047,-118.7683605
2020-11-14,-4097,f093fba9-60c0-4c1a-8968-0a53a3c0868a,36.35047,-118.7683605
2020-11-15,-1830,f093fba9-60c0-4c1a-8968-0a53a3c0868a,36.35047,-118.7683605
2020-11-16,-4301,f093fba9-60c0-4c1a-8968-0a53a3c0868a,36.35047,-118.7683605
2020-11-17,1487,f093fba9-60c0-4c1a-8968-0a53a3c0868a,36.35047,-118.7683605
2020-11-18,1647,f093fba9-60c0-4c1a-8968-0a53a3c0868a,36.35047,-118.7683605
2020-11-19,-2466,f093fba9-60c0-4c1a-8968-0a53a3c0868a,36.35047,-118.7683605
2020-11-20,2727,f093fba9-60c0-4c1a-8968-0a53a3c0868a,36.35047,-118.7683605
2020-11-21,-3373,f093fba9-60c0-4c1a-8968-0a53a3c0868a,36.35047,-118.7683605
2020-11-22,-3255,f093fba9-60c0-4c1a-8968-0a53a3c0868a,36.35047,-118.7683605
2020-11-23,-3658,f093fba9-60c0-4c1a-8968-0a53a3c0868a,36.35047,-118.7683605
2020-11-24,-1720,f093fba9-60c0-4c1a-8968-0a53a3c0868a,36.35047,-118.7683605
2020-11-25,-4240,f093fba9-60c0-4c1a-8968-0a53a3c0868a,36.35047,-118.7683605
2020-11-26,-1934,f093fba9-60c0-4c1a-8968-0a53a3c0868a,36.35047,-118.7683605
2020-11-27,-3612,f093fba9-60c0-4c1a-8968-0a53a3c0868a,36.35047,-118.7683605
2020-11-28,-3047,f093fba9-60c0-4c1a-8968-0a53a3c0868a,36.35047,-118.7683605
2020-11-29,-3492,f093fba9-60c0-4c1a-8968-0a53a3c0868a,36.35047,-118.7683605
2020-11-30,-2372,f093fba9-60c0-4c1a-8968-0a53a3c0868a,36.35047,-118.7683605
2020-12-01,-1570,f093fba9-60c0-4c1a-8968-0a53a3c0868a,36.35047,-118.7683605
2020-12-02,-4198,f093fba9-60c0-4c1a-8968-0a53a3c0868a,36.35047,-118.7683605
2020-12-03,-2101,f093fba9-60c0-4c1a-8968-0a53a3c0868a,36.35047,-118.7683605
2020-12-04,-2854,f093fba9-60c0-4c1a-8968-0a53a3c0868a,36.35047,-118.7683605
2020-12-05,-1209,f093fba9-60c0-4c1a-8968-0a53a3c0868a,36.35047,-118.7683605
2020-12-06,-90,f093fba9-60c0-4c1a-8968-0a53a3c0868a,36.35047,-118.7683605
2020-12-07,-3141,f093fba9-60c0-4c1a-8968-0a53a3c0868a,36.35047,-118.7683605
2020-12-08,-880,f093fba9-60c0-4c1a-8968-0a53a3c0868a,36.35047,-118.7683605
2020-12-09,-22,f093fba9-60c0-4c1a-8968-0a53a3c0868a,36.35047,-118.7683605
2020-12-10,-1973,f093fba9-60c0-4c1a-8968-0a53a3c0868a,36.35047,-118.7683605
2020-12-11,-3371,f093fba9-60c0-4c1a-8968-0a53a3c0868a,36.35047,-118.7683605
2020-12-12,659,f093fba9-60c0-4c1a-8968-0a53a3c0868a,36.35047,-118.7683605
2020-12-13,1372,f093fba9-60c0-4c1a-8968-0a53a3c0868a,36.35047,-118.7683605
2020-12-14,-2628,f093fba9-60c0-4c1a-8968-0a53a3c0868a,36.35047,-118.7683605
2020-12-15,-2385,f093fba9-60c0-4c1a-8968-0a53a3c0868a,36.35047,-118.7683605
2020-12-16,-2517,f093fba9-60c0-4c1a-8968-0a53a3c0868a,36.35047,-118.7683605
2020-12-17,1669,f093fba9-60c0-4c1a-8968-0a53a3c0868a,36.35047,-118.7683605
2020-12-18,-2768,f093fba9-60c0-4c1a-8968-0a53a3c0868a,36.35047,-118.7683605
2020-12-19,-2496,f093fba9-60c0-4c1a-8968-0a53a3c0868a,36.35047,-118.7683605
2020-12-20,-3927,f093fba9-60c0-4c1a-8968-0a53a3c0868a,36.35047,-118.7683605
2020-12-21,-2858,f093fba9-60c0-4c1a-8968-0a53a3c0868a,36.35047,-118.7683605
2020-12-22,-3397,f093fba9-60c0-4c1a-8968-0a53a3c0868a,36.35047,-118.7683605
2020-12-23,-3184,f093fba9-60c0-4c1a-8968-0a53a3c0868a,36.35047,-118.7683605
2020-12-24,2450,f093fba9-60c0-4c1a-8968-0a53a3c0868a,36.35047,-118.7683605
2020-12-25,1972,f093fba9-60c0-4c1a-8968-0a53a3c0868a,36.35047,-118.7683605
2020-12-26,-723,f093fba9-60c0-4c1a-8968-0a53a3c0868a,36.35047,-118.7683605
2020-12-27,412,f093fba9-60c0-4c1a-8968-0a53a3c0868a,36.35047,-118.7683605
2020-12-28,516,f093fba9-60c0-4c1a-8968-0a53a3c0868a,36.35047,-118.7683605
2020-12-29,-3159,f093fba9-60c0-4c1a-8968-0a53a3c0868a,36.35047,-118.7683605
2020-12-30,-568,f093fba9-60c0-4c1a-8968-0a53a3c0868a,36.35047,-118.7683605
2020-12-31,-2114,f093fba9-60c0-4c1a-8968-0a53a3c0868a,36.35047,-118.7683605
2021-01-01,-3728,f093fba9-60c0-4c1a-8968-0a53a3c0868a,36.35047,-118.7683605
2021-01-02,211,f093fba9-60c0-4c1a-8968-0a53a3c0868a,36.35047,-118.7683605
2021-01-03,-526,f093fba9-60c0-4c1a-8968-0a53a3c0868a,36.35047,-118.7683605
2021-01-04,1513,f093fba9-60c0-4c1a-8968-0a53a3c0868a,36.35047,-118.7683605
2021-01-05,-3122,f093fba9-60c0-4c1a-8968-0a53a3c0868a,36.35047,-118.7683605
2021-01-06,-892,f093fba9-60c0-4c1a-8968-0a53a3c0868a,36.35047,-118.7683605
2021-01-07,2450,f093fba9-60c0-4c1a-8968-0a53a3c0868a,36.35047,-118.7683605
2021-01-08,-1420,f093fba9-60c0-4c1a-8968-0a53a3c0868a,36.35047,-118.7683605
2021-01-09,-2006,f093fba9-60c0-4c1a-8968-0a53a3c0868a,36.35047,-118.7683605
2021-01-10,-4278,f093fba9-60c0-4c1a-8968-0a53a3c0868a,36.35047,-118.7683605
2021-01-11,-457,f093fba9-60c0-4c1a-8968-0a53a3c0868a,36.35047,-118.7683605
2021-01-12,4047,f093fba9-60c0-4c1a-8968-0a53a3c0868a,36.35047,-118.7683605
2021-01-13,-1452,f093fba9-60c0-4c1a-8968-0a53a3c0868a,36.35047,-118.7683605
2021-01-14,-2493,f093fba9-60c0-4c1a-8968-0a53a3c0868a,36.35047,-118.7683605
2021-01-15,-3636,f093fba9-60c0-4c1a-8968-0a53a3c0868a,36.35047,-118.7683605
2021-01-16,-1985,f093fba9-60c0-4c1a-8968-0a53a3c0868a,36.35047,-118.7683605
2021-01-17,-3593,f093fba9-60c0-4c1a-8968-0a53a3c0868a,36.35047,-118.7683605
2021-01-18,-1888,f093fba9-60c0-4c1a-8968-0a53a3c0868a,36.35047,-118.7683605
2021-01-19,-4063,f093fba9-60c0-4c1a-8968-0a53a3c0868a,36.35047,-118.7683605
2021-01-20,-2593,f093fba9-60c0-4c1a-8968-0a53a3c0868a,36.35047,-118.7683605
2021-01-21,-3954,f093fba9-60c0-4c1a-8968-0a53a3c0868a,36.35047,-118.7683605
2021-01-22,1817,f093fba9-60c0-4c1a-8968-0a53a3c0868a,36.35047,-118.7683605
2021-01-23,1721,f093fba9-60c0-4c1a-8968-0a53a3c0868a,36.35047,-118.7683605
2021-01-24,-2107,f093fba9-60c0-4c1a-8968-0a53a3c0868a,36.35047,-118.7683605
2021-01-25,3659,f093fba9-60c0-4c1a-8968-0a53a3c0868a,36.35047,-118.7683605
2021-01-26,6539,f093fba9-60c0-4c1a-8968-0a53a3c0868a,36.35047,-118.7683605
2021-01-27,1630,f093fba9-60c0-4c1a-8968-0a53a3c0868a,36.35047,-118.7683605
2021-01-28,1195,f093fba9-60c0-4c1a-8968-0a53a3c0868a,36.35047,-118.7683605
2021-01-29,1146,f093fba9-60c0-4c1a-8968-0a53a3c0868a,36.35047,-118.7683605
2021-01-30,-1327,f093fba9-60c0-4c1a-8968-0a53a3c0868a,36.35047,-118.7683605
2021-01-31,-30,f093fba9-60c0-4c1a-8968-0a53a3c0868a,36.35047,-118.7683605
2021-02-01,-1882,f093fba9-60c0-4c1a-8968-0a53a3c0868a,36.35047,-118.7683605
2021-02-02,-3627,f093fba9-60c0-4c1a-8968-0a53a3c0868a,36.35047,-118.7683605
2021-02-03,-158,f093fba9-60c0-4c1a-8968-0a53a3c0868a,36.35047,-118.7683605
2021-02-04,-3575,f093fba9-60c0-4c1a-8968-0a53a3c0868a,36.35047,-118.7683605
2021-02-05,-1495,f093fba9-60c0-4c1a-8968-0a53a3c0868a,36.35047,-118.7683605
2021-02-06,-3840,f093fba9-60c0-4c1a-8968-0a53a3c0868a,36.35047,-118.7683605
2021-02-07,-2879,f093fba9-60c0-4c1a-8968-0a53a3c0868a,36.35047,-118.7683605
2021-02-08,-479,f093fba9-60c0-4c1a-8968-0a53a3c0868a,36.35047,-118.7683605
2021-02-09,-1791,f093fba9-60c0-4c1a-8968-0a53a3c0868a,36.35047,-118.7683605
2021-02-10,-3142,f093fba9-60c0-4c1a-8968-0a53a3c0868a,36.35047,-118.7683605
2021-02-11,-1319,f093fba9-60c0-4c1a-8968-0a53a3c0868a,36.35047,-118.7683605
2021-02-12,-294,f093fba9-60c0-4c1a-8968-0a53a3c0868a,36.35047,-118.7683605
2021-02-13,1864,f093fba9-60c0-4c1a-8968-0a53a3c0868a,36.35047,-118.7683605
2021-02-14,-1388,f093fba9-60c0-4c1a-8968-0a53a3c0868a,36.35047,-118.7683605
2021-02-15,111,f093fba9-60c0-4c1a-8968-0a53a3c0868a,36.35047,-118.7683605
2021-02-16,-1619,f093fba9-60c0-4c1a-8968-0a53a3c0868a,36.35047,-118.7683605
2021-02-17,-2504,f093fba9-60c0-4c1a-8968-0a53a3c0868a,36.35047,-118.7683605
2021-02-19,-561,f093fba9-60c0-4c1a-8968-0a53a3c0868a,36.35047,-118.7683605
2021-02-20,-2682,f093fba9-60c0-4c1a-8968-0a53a3c0868a,36.35047,-118.7683605
2021-02-21,-1878,f093fba9-60c0-4c1a-8968-0a53a3c0868a,36.35047,-118.7683605
2021-02-22,-3668,f093fba9-60c0-4c1a-8968-0a53a3c0868a,36.35047,-118.7683605
2021-02-23,-2151,f093fba9-60c0-4c1a-8968-0a53a3c0868a,36.35047,-118.7683605
2021-02-24,-3374,f093fba9-60c0-4c1a-8968-0a53a3c0868a,36.35047,-118.7683605
2021-02-25,-3625,f093fba9-60c0-4c1a-8968-0a53a3c0868a,36.35047,-118.7683605
2021-02-26,-3385,f093fba9-60c0-4c1a-8968-0a53a3c0868a,36.35047,-118.7683605
2021-02-27,-4021,f093fba9-60c0-4c1a-8968-0a53a3c0868a,36.35047,-118.7683605
2021-02-28,-1987,f093fba9-60c0-4c1a-8968-0a53a3c0868a,36.35047,-118.7683605
2021-03-01,-3712,f093fba9-60c0-4c1a-8968-0a53a3c0868a,36.35047,-118.7683605
2021-03-02,-2476,f093fba9-60c0-4c1a-8968-0a53a3c0868a,36.35047,-118.7683605
2021-03-03,2367,f093fba9-60c0-4c1a-8968-0a53a3c0868a,36.35047,-118.7683605
2021-03-04,-2776,f093fba9-60c0-4c1a-8968-0a53a3c0868a,36.35047,-118.7683605
2021-03-05,-2776,f093fba9-60c0-4c1a-8968-0a53a3c0868a,36.35047,-118.7683605
2021-03-06,-3139,f093fba9-60c0-4c1a-8968-0a53a3c0868a,36.35047,-118.7683605
2021-03-07,1196,f093fba9-60c0-4c1a-8968-0a53a3c0868a,36.35047,-118.7683605
2021-03-08,-3969,f093fba9-60c0-4c1a-8968-0a53a3c0868a,36.35047,-118.7683605
2021-03-09,648,f093fba9-60c0-4c1a-8968-0a53a3c0868a,36.35047,-118.7683605
2021-03-10,3744,f093fba9-60c0-4c1a-8968-0a53a3c0868a,36.35047,-118.7683605
2021-03-11,2333,f093fba9-60c0-4c1a-8968-0a53a3c0868a,36.35047,-118.7683605
2021-03-12,162,f093fba9-60c0-4c1a-8968-0a53a3c0868a,36.35047,-118.7683605
2021-03-13,-3385,f093fba9-60c0-4c1a-8968-0a53a3c0868a,36.35047,-118.7683605
2021-03-14,-446,f093fba9-60c0-4c1a-8968-0a53a3c0868a,36.35047,-118.7683605
2021-03-15,1434,f093fba9-60c0-4c1a-8968-0a53a3c0868a,36.35047,-118.7683605
2021-03-16,-391,f093fba9-60c0-4c1a-8968-0a53a3c0868a,36.35047,-118.7683605
2021-03-17,-930,f093fba9-60c0-4c1a-8968-0a53a3c0868a,36.35047,-118.7683605
2021-03-18,-2343,f093fba9-60c0-4c1a-8968-0a53a3c0868a,36.35047,-118.7683605
2021-03-19,-1265,f093fba9-60c0-4c1a-8968-0a53a3c0868a,36.35047,-118.7683605
2021-03-20,-281,f093fba9-60c0-4c1a-8968-0a53a3c0868a,36.35047,-118.7683605
2021-03-21,-2372,f093fba9-60c0-4c1a-8968-0a53a3c0868a,36.35047,-118.7683605
2021-03-22,-3390,f093fba9-60c0-4c1a-8968-0a53a3c0868a,36.35047,-118.7683605
2021-03-23,-69,f093fba9-60c0-4c1a-8968-0a53a3c0868a,36.35047,-118.7683605
2021-03-24,16,f093fba9-60c0-4c1a-8968-0a53a3c0868a,36.35047,-118.7683605
2021-03-25,-2156,f093fba9-60c0-4c1a-8968-0a53a3c0868a,36.35047,-118.7683605
2021-03-26,-3040,f093fba9-60c0-4c1a-8968-0a53a3c0868a,36.35047,-118.7683605
2021-03-27,-3266,f093fba9-60c0-4c1a-8968-0a53a3c0868a,36.35047,-118.7683605
2021-03-28,-3461,f093fba9-60c0-4c1a-8968-0a53a3c0868a,36.35047,-118.7683605
2021-03-29,-3721,f093fba9-60c0-4c1a-8968-0a53a3c0868a,36.35047,-118.7683605
2021-03-30,-3084,f093fba9-60c0-4c1a-8968-0a53a3c0868a,36.35047,-118.7683605
2021-03-31,-4017,f093fba9-60c0-4c1a-8968-0a53a3c0868a,36.35047,-118.7683605
2021-04-01,-1242,f093fba9-60c0-4c1a-8968-0a53a3c0868a,36.35047,-118.7683605
2021-04-02,-3697,f093fba9-60c0-4c1a-8968-0a53a3c0868a,36.35047,-118.7683605
2021-04-03,-2895,f093fba9-60c0-4c1a-8968-0a53a3c0868a,36.35047,-118.7683605
2021-04-04,-3332,f093fba9-60c0-4c1a-8968-0a53a3c0868a,36.35047,-118.7683605
2021-04-05,-3120,f093fba9-60c0-4c1a-8968-0a53a3c0868a,36.35047,-118.7683605
2021-04-06,-3024,f093fba9-60c0-4c1a-8968-0a53a3c0868a,36.35047,-118.7683605
2021-04-07,-3131,f093fba9-60c0-4c1a-8968-0a53a3c0868a,36.35047,-118.7683605
2021-04-08,-1988,f093fba9-60c0-4c1a-8968-0a53a3c0868a,36.35047,-118.7683605
2021-04-09,-3661,f093fba9-60c0-4c1a-8968-0a53a3c0868a,36.35047,-118.7683605
2021-04-10,-1433,f093fba9-60c0-4c1a-8968-0a53a3c0868a,36.35047,-118.7683605
2021-04-11,-3605,f093fba9-60c0-4c1a-8968-0a53a3c0868a,36.35047,-118.7683605
2021-04-12,-2948,f093fba9-60c0-4c1a-8968-0a53a3c0868a,36.35047,-118.7683605
2021-04-13,-3153,f093fba9-60c0-4c1a-8968-0a53a3c0868a,36.35047,-118.7683605
2021-04-14,-3267,f093fba9-60c0-4c1a-8968-0a53a3c0868a,36.35047,-118.7683605
2021-04-15,-3017,f093fba9-60c0-4c1a-8968-0a53a3c0868a,36.35047,-118.7683605
2021-04-16,-3610,f093fba9-60c0-4c1a-8968-0a53a3c0868a,36.35047,-118.7683605
2021-04-17,1037,f093fba9-60c0-4c1a-8968-0a53a3c0868a,36.35047,-118.7683605
2021-04-18,-3913,f093fba9-60c0-4c1a-8968-0a53a3c0868a,36.35047,-118.7683605
2021-04-19,-3038,f093fba9-60c0-4c1a-8968-0a53a3c0868a,36.35047,-118.7683605
2021-04-20,-3174,f093fba9-60c0-4c1a-8968-0a53a3c0868a,36.35047,-118.7683605
2021-04-21,-62,f093fba9-60c0-4c1a-8968-0a53a3c0868a,36.35047,-118.7683605
2021-04-22,-3439,f093fba9-60c0-4c1a-8968-0a53a3c0868a,36.35047,-118.7683605
2021-04-23,-3819,f093fba9-60c0-4c1a-8968-0a53a3c0868a,36.35047,-118.7683605
2021-04-24,-1404,f093fba9-60c0-4c1a-8968-0a53a3c0868a,36.35047,-118.7683605
2021-04-25,5384,f093fba9-60c0-4c1a-8968-0a53a3c0868a,36.35047,-118.7683605
2021-04-26,1768,f093fba9-60c0-4c1a-8968-0a53a3c0868a,36.35047,-118.7683605
2021-04-27,-365,f093fba9-60c0-4c1a-8968-0a53a3c0868a,36.35047,-118.7683605
2021-04-28,-3334,f093fba9-60c0-4c1a-8968-0a53a3c0868a,36.35047,-118.7683605
2021-04-29,-2631,f093fba9-60c0-4c1a-8968-0a53a3c0868a,36.35047,-118.7683605
2021-04-30,-3568,f093fba9-60c0-4c1a-8968-0a53a3c0868a,36.35047,-118.7683605
2021-05-01,-2798,f093fba9-60c0-4c1a-8968-0a53a3c0868a,36.35047,-118.7683605
2021-05-02,-3626,f093fba9-60c0-4c1a-8968-0a53a3c0868a,36.35047,-118.7683605
2021-05-03,-2596,f093fba9-60c0-4c1a-8968-0a53a3c0868a,36.35047,-118.7683605
2021-05-04,-3730,f093fba9-60c0-4c1a-8968-0a53a3c0868a,36.35047,-118.7683605
2021-05-05,-2777,f093fba9-60c0-4c1a-8968-0a53a3c0868a,36.35047,-118.7683605
2021-05-06,-3100,f093fba9-60c0-4c1a-8968-0a53a3c0868a,36.35047,-118.7683605
2021-05-07,-3259,f093fba9-60c0-4c1a-8968-0a53a3c0868a,36.35047,-118.7683605
2021-05-08,-3332,f093fba9-60c0-4c1a-8968-0a53a3c0868a,36.35047,-118.7683605
2021-05-09,-3519,f093fba9-60c0-4c1a-8968-0a53a3c0868a,36.35047,-118.7683605
2021-05-10,-2112,f093fba9-60c0-4c1a-8968-0a53a3c0868a,36.35047,-118.7683605
2021-05-11,-3803,f093fba9-60c0-4c1a-8968-0a53a3c0868a,36.35047,-118.7683605
2021-05-12,-2780,f093fba9-60c0-4c1a-8968-0a53a3c0868a,36.35047,-118.7683605
2021-05-13,-3770,f093fba9-60c0-4c1a-8968-0a53a3c0868a,36.35047,-118.7683605
2021-05-14,-3169,f093fba9-60c0-4c1a-8968-0a53a3c0868a,36.35047,-118.7683605
2021-05-15,-3577,f093fba9-60c0-4c1a-8968-0a53a3c0868a,36.35047,-118.7683605
2021-05-16,-860,f093fba9-60c0-4c1a-8968-0a53a3c0868a,36.35047,-118.7683605
2021-05-17,-2671,f093fba9-60c0-4c1a-8968-0a53a3c0868a,36.35047,-118.7683605
2021-05-18,-3953,f093fba9-60c0-4c1a-8968-0a53a3c0868a,36.35047,-118.7683605
2021-05-19,-2776,f093fba9-60c0-4c1a-8968-0a53a3c0868a,36.35047,-118.7683605
2021-05-20,-3886,f093fba9-60c0-4c1a-8968-0a53a3c0868a,36.35047,-118.7683605
2021-05-21,-490,f093fba9-60c0-4c1a-8968-0a53a3c0868a,36.35047,-118.7683605
2021-05-22,-727,f093fba9-60c0-4c1a-8968-0a53a3c0868a,36.35047,-118.7683605
2021-05-23,-3329,f093fba9-60c0-4c1a-8968-0a53a3c0868a,36.35047,-118.7683605
2021-05-24,-3441,f093fba9-60c0-4c1a-8968-0a53a3c0868a,36.35047,-118.7683605
2021-05-25,-3678,f093fba9-60c0-4c1a-8968-0a53a3c0868a,36.35047,-118.7683605
2021-05-26,-2786,f093fba9-60c0-4c1a-8968-0a53a3c0868a,36.35047,-118.7683605
2021-05-27,-3829,f093fba9-60c0-4c1a-8968-0a53a3c0868a,36.35047,-118.7683605
2021-05-28,-3034,f093fba9-60c0-4c1a-8968-0a53a3c0868a,36.35047,-118.7683605
2021-05-29,-3005,f093fba9-60c0-4c1a-8968-0a53a3c0868a,36.35047,-118.7683605
2021-05-30,-3137,f093fba9-60c0-4c1a-8968-0a53a3c0868a,36.35047,-118.7683605
2021-05-31,-3652,f093fba9-60c0-4c1a-8968-0a53a3c0868a,36.35047,-118.7683605
2021-06-01,-3708,f093fba9-60c0-4c1a-8968-0a53a3c0868a,36.35047,-118.7683605
2021-06-02,-3099,f093fba9-60c0-4c1a-8968-0a53a3c0868a,36.35047,-118.7683605
2021-06-03,5294,f093fba9-60c0-4c1a-8968-0a53a3c0868a,36.35047,-118.7683605
2021-06-04,-2540,f093fba9-60c0-4c1a-8968-0a53a3c0868a,36.35047,-118.7683605
2021-06-05,-4102,f093fba9-60c0-4c1a-8968-0a53a3c0868a,36.35047,-118.7683605
2021-06-06,-3209,f093fba9-60c0-4c1a-8968-0a53a3c0868a,36.35047,-118.7683605
2021-06-07,3561,f093fba9-60c0-4c1a-8968-0a53a3c0868a,36.35047,-118.7683605
2021-06-08,-3389,f093fba9-60c0-4c1a-8968-0a53a3c0868a,36.35047,-118.7683605
2021-06-09,-3625,f093fba9-60c0-4c1a-8968-0a53a3c0868a,36.35047,-118.7683605
2021-06-10,-3748,f093fba9-60c0-4c1a-8968-0a53a3c0868a,36.35047,-118.7683605
2021-06-11,-2659,f093fba9-60c0-4c1a-8968-0a53a3c0868a,36.35047,-118.7683605
2021-06-12,-4069,f093fba9-60c0-4c1a-8968-0a53a3c0868a,36.35047,-118.7683605
2021-06-13,-3212,f093fba9-60c0-4c1a-8968-0a53a3c0868a,36.35047,-118.7683605
2021-06-14,-3951,f093fba9-60c0-4c1a-8968-0a53a3c0868a,36.35047,-118.7683605
2021-06-15,-3242,f093fba9-60c0-4c1a-8968-0a53a3c0868a,36.35047,-118.7683605
2021-06-16,-2828,f093fba9-60c0-4c1a-8968-0a53a3c0868a,36.35047,-118.7683605
2021-06-17,-3184,f093fba9-60c0-4c1a-8968-0a53a3c0868a,36.35047,-118.7683605
2021-06-18,-554,f093fba9-60c0-4c1a-8968-0a53a3c0868a,36.35047,-118.7683605
2021-06-19,-3805,f093fba9-60c0-4c1a-8968-0a53a3c0868a,36.35047,-118.7683605
2021-06-20,-2529,f093fba9-60c0-4c1a-8968-0a53a3c0868a,36.35047,-118.7683605
2021-06-21,-4193,f093fba9-60c0-4c1a-8968-0a53a3c0868a,36.35047,-118.7683605
2021-06-22,-3719,f093fba9-60c0-4c1a-8968-0a53a3c0868a,36.35047,-118.7683605
2021-06-23,-3859,f093fba9-60c0-4c1a-8968-0a53a3c0868a,36.35047,-118.7683605
2021-06-24,-3894,f093fba9-60c0-4c1a-8968-0a53a3c0868a,36.35047,-118.7683605
2021-06-25,-3467,f093fba9-60c0-4c1a-8968-0a53a3c0868a,36.35047,-118.7683605
2021-06-26,-3949,f093fba9-60c0-4c1a-8968-0a53a3c0868a,36.35047,-118.7683605
2021-06-27,-2730,f093fba9-60c0-4c1a-8968-0a53a3c0868a,36.35047,-118.7683605
2021-06-28,-4065,f093fba9-60c0-4c1a-8968-0a53a3c0868a,36.35047,-118.7683605
2021-06-29,389,f093fba9-60c0-4c1a-8968-0a53a3c0868a,36.35047,-118.7683605
2021-06-30,-1631,f093fba9-60c0-4c1a-8968-0a53a3c0868a,36.35047,-118.7683605
2021-07-01,-3493,f093fba9-60c0-4c1a-8968-0a53a3c0868a,36.35047,-118.7683605
2021-07-02,-3905,f093fba9-60c0-4c1a-8968-0a53a3c0868a,36.35047,-118.7683605
2021-07-03,-3011,f093fba9-60c0-4c1a-8968-0a53a3c0868a,36.35047,-118.7683605
2021-07-04,-3664,f093fba9-60c0-4c1a-8968-0a53a3c0868a,36.35047,-118.7683605
2021-07-05,-4097,f093fba9-60c0-4c1a-8968-0a53a3c0868a,36.35047,-118.7683605
2021-07-06,-2596,f093fba9-60c0-4c1a-8968-0a53a3c0868a,36.35047,-118.7683605
2021-07-07,-4271,f093fba9-60c0-4c1a-8968-0a53a3c0868a,36.35047,-118.7683605
2021-07-08,-3073,f093fba9-60c0-4c1a-8968-0a53a3c0868a,36.35047,-118.7683605
2021-07-09,-3612,f093fba9-60c0-4c1a-8968-0a53a3c0868a,36.35047,-118.7683605
2021-07-10,-3486,f093fba9-60c0-4c1a-8968-0a53a3c0868a,36.35047,-118.7683605
2021-07-11,-3268,f093fba9-60c0-4c1a-8968-0a53a3c0868a,36.35047,-118.7683605
2021-07-12,-3736,f093fba9-60c0-4c1a-8968-0a53a3c0868a,36.35047,-118.7683605
2021-07-13,551,f093fba9-60c0-4c1a-8968-0a53a3c0868a,36.35047,-118.7683605
2021-07-14,-3955,f093fba9-60c0-4c1a-8968-0a53a3c0868a,36.35047,-118.7683605
2021-07-15,-2512,f093fba9-60c0-4c1a-8968-0a53a3c0868a,36.35047,-118.7683605
2021-07-16,-4151,f093fba9-60c0-4c1a-8968-0a53a3c0868a,36.35047,-118.7683605
2021-07-17,-3444,f093fba9-60c0-4c1a-8968-0a53a3c0868a,36.35047,-118.7683605
2021-07-18,-823,f093fba9-60c0-4c1a-8968-0a53a3c0868a,36.35047,-118.7683605
2021-07-19,-3648,f093fba9-60c0-4c1a-8968-0a53a3c0868a,36.35047,-118.7683605
2021-07-20,-3797,f093fba9-60c0-4c1a-8968-0a53a3c0868a,36.35047,-118.7683605
2021-07-21,-4057,f093fba9-60c0-4c1a-8968-0a53a3c0868a,36.35047,-118.7683605
2021-07-22,-2753,f093fba9-60c0-4c1a-8968-0a53a3c0868a,36.35047,-118.7683605
2021-07-23,-4035,f093fba9-60c0-4c1a-8968-0a53a3c0868a,36.35047,-118.7683605
2021-07-24,-2609,f093fba9-60c0-4c1a-8968-0a53a3c0868a,36.35047,-118.7683605
2021-07-25,-3632,f093fba9-60c0-4c1a-8968-0a53a3c0868a,36.35047,-118.7683605
2021-07-26,-2245,f093fba9-60c0-4c1a-8968-0a53a3c0868a,36.35047,-118.7683605
2021-07-27,-4038,f093fba9-60c0-4c1a-8968-0a53a3c0868a,36.35047,-118.7683605
2021-07-28,-3811,f093fba9-60c0-4c1a-8968-0a53a3c0868a,36.35047,-118.7683605
2021-07-29,945,f093fba9-60c0-4c1a-8968-0a53a3c0868a,36.35047,-118.7683605
2021-07-30,-1018,f093fba9-60c0-4c1a-8968-0a53a3c0868a,36.35047,-118.7683605
2021-07-31,-1954,f093fba9-60c0-4c1a-8968-0a53a3c0868a,36.35047,-118.7683605
2021-08-01,-4132,f093fba9-60c0-4c1a-8968-0a53a3c0868a,36.35047,-118.7683605
2021-08-02,-4063,f093fba9-60c0-4c1a-8968-0a53a3c0868a,36.35047,-118.7683605
2021-08-03,-4128,f093fba9-60c0-4c1a-8968-0a53a3c0868a,36.35047,-118.7683605
2021-08-04,-4122,f093fba9-60c0-4c1a-8968-0a53a3c0868a,36.35047,-118.7683605
2021-08-05,-3511,f093fba9-60c0-4c1a-8968-0a53a3c0868a,36.35047,-118.7683605
2021-08-06,-4178,f093fba9-60c0-4c1a-8968-0a53a3c0868a,36.35047,-118.7683605
2021-08-07,-2584,f093fba9-60c0-4c1a-8968-0a53a3c0868a,36.35047,-118.7683605
2021-08-08,-4047,f093fba9-60c0-4c1a-8968-0a53a3c0868a,36.35047,-118.7683605
2021-08-09,-2651,f093fba9-60c0-4c1a-8968-0a53a3c0868a,36.35047,-118.7683605
2021-08-10,-4383,f093fba9-60c0-4c1a-8968-0a53a3c0868a,36.35047,-118.7683605
2021-08-11,-3860,f093fba9-60c0-4c1a-8968-0a53a3c0868a,36.35047,-118.7683605
2021-08-12,-3110,f093fba9-60c0-4c1a-8968-0a53a3c0868a,36.35047,-118.7683605
2021-08-13,-3635,f093fba9-60c0-4c1a-8968-0a53a3c0868a,36.35047,-118.7683605
2021-08-14,-2127,f093fba9-60c0-4c1a-8968-0a53a3c0868a,36.35047,-118.7683605
2021-08-15,2827,f093fba9-60c0-4c1a-8968-0a53a3c0868a,36.35047,-118.7683605
2021-08-16,-594,f093fba9-60c0-4c1a-8968-0a53a3c0868a,36.35047,-118.7683605
2021-08-17,-4171,f093fba9-60c0-4c1a-8968-0a53a3c0868a,36.35047,-118.7683605
2021-08-18,-3786,f093fba9-60c0-4c1a-8968-0a53a3c0868a,36.35047,-118.7683605
2021-08-19,-3332,f093fba9-60c0-4c1a-8968-0a53a3c0868a,36.35047,-118.7683605
2021-08-20,-1607,f093fba9-60c0-4c1a-8968-0a53a3c0868a,36.35047,-118.7683605
2021-08-21,-2198,f093fba9-60c0-4c1a-8968-0a53a3c0868a,36.35047,-118.7683605
2021-08-22,-2939,f093fba9-60c0-4c1a-8968-0a53a3c0868a,36.35047,-118.7683605
2021-08-23,-882,f093fba9-60c0-4c1a-8968-0a53a3c0868a,36.35047,-118.7683605
2021-08-24,-4401,f093fba9-60c0-4c1a-8968-0a53a3c0868a,36.35047,-118.7683605
2021-08-25,-2804,f093fba9-60c0-4c1a-8968-0a53a3c0868a,36.35047,-118.7683605
2021-08-26,-4333,f093fba9-60c0-4c1a-8968-0a53a3c0868a,36.35047,-118.7683605
2021-08-27,-3522,f093fba9-60c0-4c1a-8968-0a53a3c0868a,36.35047,-118.7683605
2021-08-28,-3715,f093fba9-60c0-4c1a-8968-0a53a3c0868a,36.35047,-118.7683605
2021-08-29,-3924,f093fba9-60c0-4c1a-8968-0a53a3c0868a,36.35047,-118.7683605
2021-08-30,-2216,f093fba9-60c0-4c1a-8968-0a53a3c0868a,36.35047,-118.7683605
2021-08-31,-4284,f093fba9-60c0-4c1a-8968-0a53a3c0868a,36.35047,-118.7683605
2021-09-01,-3333,f093fba9-60c0-4c1a-8968-0a53a3c0868a,36.35047,-118.7683605
2021-09-02,-4257,f093fba9-60c0-4c1a-8968-0a53a3c0868a,36.35047,-118.7683605
2021-09-03,-2867,f093fba9-60c0-4c1a-8968-0a53a3c0868a,36.35047,-118.7683605
2021-09-04,-4138,f093fba9-60c0-4c1a-8968-0a53a3c0868a,36.35047,-118.7683605
2021-09-05,-4178,f093fba9-60c0-4c1a-8968-0a53a3c0868a,36.35047,-118.7683605
2021-09-06,-3587,f093fba9-60c0-4c1a-8968-0a53a3c0868a,36.35047,-118.7683605
2021-09-07,-3940,f093fba9-60c0-4c1a-8968-0a53a3c0868a,36.35047,-118.7683605
2021-09-08,-2257,f093fba9-60c0-4c1a-8968-0a53a3c0868a,36.35047,-118.7683605
2021-09-09,-3679,f093fba9-60c0-4c1a-8968-0a53a3c0868a,36.35047,-118.7683605
2021-09-10,-1024,f093fba9-60c0-4c1a-8968-0a53a3c0868a,36.35047,-118.7683605
2021-09-11,-3945,f093fba9-60c0-4c1a-8968-0a53a3c0868a,36.35047,-118.7683605
2021-09-12,-1960,f093fba9-60c0-4c1a-8968-0a53a3c0868a,36.35047,-118.7683605
2021-09-13,779,f093fba9-60c0-4c1a-8968-0a53a3c0868a,36.35047,-118.7683605
2021-09-14,1500,f093fba9-60c0-4c1a-8968-0a53a3c0868a,36.35047,-118.7683605
2021-09-15,1787,f093fba9-60c0-4c1a-8968-0a53a3c0868a,36.35047,-118.7683605
2021-09-16,870,f093fba9-60c0-4c1a-8968-0a53a3c0868a,36.35047,-118.7683605
2021-09-17,2253,f093fba9-60c0-4c1a-8968-0a53a3c0868a,36.35047,-118.7683605
2021-09-18,-3820,f093fba9-60c0-4c1a-8968-0a53a3c0868a,36.35047,-118.7683605
2021-09-19,-24,f093fba9-60c0-4c1a-8968-0a53a3c0868a,36.35047,-118.7683605
2021-09-20,-516,f093fba9-60c0-4c1a-8968-0a53a3c0868a,36.35047,-118.7683605
2021-09-21,1903,f093fba9-60c0-4c1a-8968-0a53a3c0868a,36.35047,-118.7683605
2021-09-23,618,f093fba9-60c0-4c1a-8968-0a53a3c0868a,36.35047,-118.7683605
2021-09-24,3177,f093fba9-60c0-4c1a-8968-0a53a3c0868a,36.35047,-118.7683605
2021-09-25,894,f093fba9-60c0-4c1a-8968-0a53a3c0868a,36.35047,-118.7683605
2021-09-26,3094,f093fba9-60c0-4c1a-8968-0a53a3c0868a,36.35047,-118.7683605
2021-09-27,-652,f093fba9-60c0-4c1a-8968-0a53a3c0868a,36.35047,-118.7683605
2021-09-28,338,f093fba9-60c0-4c1a-8968-0a53a3c0868a,36.35047,-118.7683605
2021-09-29,-1253,f093fba9-60c0-4c1a-8968-0a53a3c0868a,36.35047,-118.7683605
2021-09-30,-1005,f093fba9-60c0-4c1a-8968-0a53a3c0868a,36.35047,-118.7683605
2021-10-01,2930,f093fba9-60c0-4c1a-8968-0a53a3c0868a,36.35047,-118.7683605
2021-10-02,-179,f093fba9-60c0-4c1a-8968-0a53a3c0868a,36.35047,-118.7683605
2021-10-03,3459,f093fba9-60c0-4c1a-8968-0a53a3c0868a,36.35047,-118.7683605
2021-10-04,-2068,f093fba9-60c0-4c1a-8968-0a53a3c0868a,36.35047,-118.7683605
2021-10-05,363,f093fba9-60c0-4c1a-8968-0a53a3c0868a,36.35047,-118.7683605
2021-10-06,330,f093fba9-60c0-4c1a-8968-0a53a3c0868a,36.35047,-118.7683605
2021-10-07,-2209,f093fba9-60c0-4c1a-8968-0a53a3c0868a,36.35047,-118.7683605
2021-10-08,2200,f093fba9-60c0-4c1a-8968-0a53a3c0868a,36.35047,-118.7683605
2021-10-09,-2610,f093fba9-60c0-4c1a-8968-0a53a3c0868a,36.35047,-118.7683605
2021-10-10,-1201,f093fba9-60c0-4c1a-8968-0a53a3c0868a,36.35047,-118.7683605
2021-10-11,3242,f093fba9-60c0-4c1a-8968-0a53a3c0868a,36.35047,-118.7683605
2021-10-12,-2677,f093fba9-60c0-4c1a-8968-0a53a3c0868a,36.35047,-118.7683605
2021-10-13,-2936,f093fba9-60c0-4c1a-8968-0a53a3c0868a,36.35047,-118.7683605
2021-10-14,-3134,f093fba9-60c0-4c1a-8968-0a53a3c0868a,36.35047,-118.7683605
2021-10-15,-3860,f093fba9-60c0-4c1a-8968-0a53a3c0868a,36.35047,-118.7683605
2021-10-16,-4303,f093fba9-60c0-4c1a-8968-0a53a3c0868a,36.35047,-118.7683605
2021-10-17,-1057,f093fba9-60c0-4c1a-8968-0a53a3c0868a,36.35047,-118.7683605
2021-10-18,-993,f093fba9-60c0-4c1a-8968-0a53a3c0868a,36.35047,-118.7683605
2021-10-19,-3199,f093fba9-60c0-4c1a-8968-0a53a3c0868a,36.35047,-118.7683605
2021-10-20,1121,f093fba9-60c0-4c1a-8968-0a53a3c0868a,36.35047,-118.7683605
2021-10-21,-1433,f093fba9-60c0-4c1a-8968-0a53a3c0868a,36.35047,-118.7683605
2021-10-22,-2688,f093fba9-60c0-4c1a-8968-0a53a3c0868a,36.35047,-118.7683605
2021-10-23,1767,f093fba9-60c0-4c1a-8968-0a53a3c0868a,36.35047,-118.7683605
2021-10-24,2769,f093fba9-60c0-4c1a-8968-0a53a3c0868a,36.35047,-118.7683605
2021-10-25,5488,f093fba9-60c0-4c1a-8968-0a53a3c0868a,36.35047,-118.7683605
2021-10-26,-1974,f093fba9-60c0-4c1a-8968-0a53a3c0868a,36.35047,-118.7683605
2021-10-27,-3820,f093fba9-60c0-4c1a-8968-0a53a3c0868a,36.35047,-118.7683605
2021-10-28,-2615,f093fba9-60c0-4c1a-8968-0a53a3c0868a,36.35047,-118.7683605
2021-10-29,-3071,f093fba9-60c0-4c1a-8968-0a53a3c0868a,36.35047,-118.7683605
2021-10-30,-457,f093fba9-60c0-4c1a-8968-0a53a3c0868a,36.35047,-118.7683605
2021-10-31,-3013,f093fba9-60c0-4c1a-8968-0a53a3c0868a,36.35047,-118.7683605
2021-11-01,1428,f093fba9-60c0-4c1a-8968-0a53a3c0868a,36.35047,-118.7683605
2021-11-02,-2043,f093fba9-60c0-4c1a-8968-0a53a3c0868a,36.35047,-118.7683605
2021-11-03,-4115,f093fba9-60c0-4c1a-8968-0a53a3c0868a,36.35047,-118.7683605
2021-11-04,-2628,f093fba9-60c0-4c1a-8968-0a53a3c0868a,36.35047,-118.7683605
2021-11-05,-4302,f093fba9-60c0-4c1a-8968-0a53a3c0868a,36.35047,-118.7683605
2021-11-06,-2034,f093fba9-60c0-4c1a-8968-0a53a3c0868a,36.35047,-118.7683605
2021-11-07,-1852,f093fba9-60c0-4c1a-8968-0a53a3c0868a,36.35047,-118.7683605
2021-11-08,-3817,f093fba9-60c0-4c1a-8968-0a53a3c0868a,36.35047,-118.7683605
2021-11-09,842,f093fba9-60c0-4c1a-8968-0a53a3c0868a,36.35047,-118.7683605
2021-11-10,-2968,f093fba9-60c0-4c1a-8968-0a53a3c0868a,36.35047,-118.7683605
2021-11-11,-1555,f093fba9-60c0-4c1a-8968-0a53a3c0868a,36.35047,-118.7683605
2021-11-12,-4270,f093fba9-60c0-4c1a-8968-0a53a3c0868a,36.35047,-118.7683605
2021-11-13,-2855,f093fba9-60c0-4c1a-8968-0a53a3c0868a,36.35047,-118.7683605
2021-11-14,-4078,f093fba9-60c0-4c1a-8968-0a53a3c0868a,36.35047,-118.7683605
2021-11-15,-2544,f093fba9-60c0-4c1a-8968-0a53a3c0868a,36.35047,-118.7683605
2021-11-16,-2540,f093fba9-60c0-4c1a-8968-0a53a3c0868a,36.35047,-118.7683605
2021-11-17,-4255,f093fba9-60c0-4c1a-8968-0a53a3c0868a,36.35047,-118.7683605
2021-11-18,-572,f093fba9-60c0-4c1a-8968-0a53a3c0868a,36.35047,-118.7683605
2021-11-19,-3455,f093fba9-60c0-4c1a-8968-0a53a3c0868a,36.35047,-118.7683605
2021-11-20,-65,f093fba9-60c0-4c1a-8968-0a53a3c0868a,36.35047,-118.7683605
2021-11-21,-4130,f093fba9-60c0-4c1a-8968-0a53a3c0868a,36.35047,-118.7683605
2021-11-22,-2130,f093fba9-60c0-4c1a-8968-0a53a3c0868a,36.35047,-118.7683605
2021-11-23,-3744,f093fba9-60c0-4c1a-8968-0a53a3c0868a,36.35047,-118.7683605
2021-11-24,-3240,f093fba9-60c0-4c1a-8968-0a53a3c0868a,36.35047,-118.7683605
2021-11-25,-2387,f093fba9-60c0-4c1a-8968-0a53a3c0868a,36.35047,-118.7683605
2021-11-26,-4176,f093fba9-60c0-4c1a-8968-0a53a3c0868a,36.35047,-118.7683605
2021-11-27,-2548,f093fba9-60c0-4c1a-8968-0a53a3c0868a,36.35047,-118.7683605
2021-11-28,-4258,f093fba9-60c0-4c1a-8968-0a53a3c0868a,36.35047,-118.7683605
2021-11-29,-2050,f093fba9-60c0-4c1a-8968-0a53a3c0868a,36.35047,-118.7683605
2021-11-30,-3963,f093fba9-60c0-4c1a-8968-0a53a3c0868a,36.35047,-118.7683605
2021-12-01,-3518,f093fba9-60c0-4c1a-8968-0a53a3c0868a,36.35047,-118.7683605
2021-12-02,-3320,f093fba9-60c0-4c1a-8968-0a53a3c0868a,36.35047,-118.7683605
2021-12-03,-2343,f093fba9-60c0-4c1a-8968-0a53a3c0868a,36.35047,-118.7683605
2021-12-04,-130,f093fba9-60c0-4c1a-8968-0a53a3c0868a,36.35047,-118.7683605
2021-12-05,-4130,f093fba9-60c0-4c1a-8968-0a53a3c0868a,36.35047,-118.7683605
2021-12-06,572,f093fba9-60c0-4c1a-8968-0a53a3c0868a,36.35047,-118.7683605
2021-12-07,-3294,f093fba9-60c0-4c1a-8968-0a53a3c0868a,36.35047,-118.7683605
2021-12-08,-3241,f093fba9-60c0-4c1a-8968-0a53a3c0868a,36.35047,-118.7683605
2021-12-09,4105,f093fba9-60c0-4c1a-8968-0a53a3c0868a,36.35047,-118.7683605
2021-12-10,-2553,f093fba9-60c0-4c1a-8968-0a53a3c0868a,36.35047,-118.7683605
2021-12-11,-1812,f093fba9-60c0-4c1a-8968-0a53a3c0868a,36.35047,-118.7683605
2021-12-12,-4202,f093fba9-60c0-4c1a-8968-0a53a3c0868a,36.35047,-118.7683605
2021-12-13,2813,f093fba9-60c0-4c1a-8968-0a53a3c0868a,36.35047,-118.7683605
2021-12-14,4696,f093fba9-60c0-4c1a-8968-0a53a3c0868a,36.35047,-118.7683605
2021-12-15,6356,f093fba9-60c0-4c1a-8968-0a53a3c0868a,36.35047,-118.7683605
2021-12-16,4184,f093fba9-60c0-4c1a-8968-0a53a3c0868a,36.35047,-118.7683605
2021-12-17,-504,f093fba9-60c0-4c1a-8968-0a53a3c0868a,36.35047,-118.7683605
2021-12-18,-523,f093fba9-60c0-4c1a-8968-0a53a3c0868a,36.35047,-118.7683605
2021-12-19,-2666,f093fba9-60c0-4c1a-8968-0a53a3c0868a,36.35047,-118.7683605
2021-12-20,623,f093fba9-60c0-4c1a-8968-0a53a3c0868a,36.35047,-118.7683605
2021-12-21,-1817,f093fba9-60c0-4c1a-8968-0a53a3c0868a,36.35047,-118.7683605
2021-12-22,739,f093fba9-60c0-4c1a-8968-0a53a3c0868a,36.35047,-118.7683605
2021-12-23,4944,f093fba9-60c0-4c1a-8968-0a53a3c0868a,36.35047,-118.7683605
2021-12-24,2862,f093fba9-60c0-4c1a-8968-0a53a3c0868a,36.35047,-118.7683605
2021-12-25,-1944,f093fba9-60c0-4c1a-8968-0a53a3c0868a,36.35047,-118.7683605
2021-12-26,3222,f093fba9-60c0-4c1a-8968-0a53a3c0868a,36.35047,-118.7683605
2021-12-27,1159,f093fba9-60c0-4c1a-8968-0a53a3c0868a,36.35047,-118.7683605
2021-12-28,6084,f093fba9-60c0-4c1a-8968-0a53a3c0868a,36.35047,-118.7683605
2021-12-29,1559,f093fba9-60c0-4c1a-8968-0a53a3c0868a,36.35047,-118.7683605
2021-12-30,-1296,f093fba9-60c0-4c1a-8968-0a53a3c0868a,36.35047,-118.7683605
