date,mod10a1_ndsi,cell_id,latitude,longitude
2020-01-01,4941,d2622ab0-c850-4d5d-8ddd-0277b736a8ae,47.801853,-123.3497685
2020-01-02,4894,d2622ab0-c850-4d5d-8ddd-0277b736a8ae,47.801853,-123.3497685
2020-01-03,2214,d2622ab0-c850-4d5d-8ddd-0277b736a8ae,47.801853,-123.3497685
2020-01-04,3232,d2622ab0-c850-4d5d-8ddd-0277b736a8ae,47.801853,-123.3497685
2020-01-05,3134,d2622ab0-c850-4d5d-8ddd-0277b736a8ae,47.801853,-123.3497685
2020-01-06,3370,d2622ab0-c850-4d5d-8ddd-0277b736a8ae,47.801853,-123.3497685
2020-01-07,3363,d2622ab0-c850-4d5d-8ddd-0277b736a8ae,47.801853,-123.3497685
2020-01-08,1357,d2622ab0-c850-4d5d-8ddd-0277b736a8ae,47.801853,-123.3497685
2020-01-09,3759,d2622ab0-c850-4d5d-8ddd-0277b736a8ae,47.801853,-123.3497685
2020-01-10,4457,d2622ab0-c850-4d5d-8ddd-0277b736a8ae,47.801853,-123.3497685
2020-01-11,2420,d2622ab0-c850-4d5d-8ddd-0277b736a8ae,47.801853,-123.3497685
2020-01-12,2351,d2622ab0-c850-4d5d-8ddd-0277b736a8ae,47.801853,-123.3497685
2020-01-13,4286,d2622ab0-c850-4d5d-8ddd-0277b736a8ae,47.801853,-123.3497685
2020-01-14,1434,d2622ab0-c850-4d5d-8ddd-0277b736a8ae,47.801853,-123.3497685
2020-01-15,3621,d2622ab0-c850-4d5d-8ddd-0277b736a8ae,47.801853,-123.3497685
2020-01-16,2145,d2622ab0-c850-4d5d-8ddd-0277b736a8ae,47.801853,-123.3497685
2020-01-17,2709,d2622ab0-c850-4d5d-8ddd-0277b736a8ae,47.801853,-123.3497685
2020-01-18,2908,d2622ab0-c850-4d5d-8ddd-0277b736a8ae,47.801853,-123.3497685
2020-01-19,3867,d2622ab0-c850-4d5d-8ddd-0277b736a8ae,47.801853,-123.3497685
2020-01-20,1835,d2622ab0-c850-4d5d-8ddd-0277b736a8ae,47.801853,-123.3497685
2020-01-21,3263,d2622ab0-c850-4d5d-8ddd-0277b736a8ae,47.801853,-123.3497685
2020-01-22,4670,d2622ab0-c850-4d5d-8ddd-0277b736a8ae,47.801853,-123.3497685
2020-01-23,2875,d2622ab0-c850-4d5d-8ddd-0277b736a8ae,47.801853,-123.3497685
2020-01-24,6068,d2622ab0-c850-4d5d-8ddd-0277b736a8ae,47.801853,-123.3497685
2020-01-25,8897,d2622ab0-c850-4d5d-8ddd-0277b736a8ae,47.801853,-123.3497685
2020-01-26,2931,d2622ab0-c850-4d5d-8ddd-0277b736a8ae,47.801853,-123.3497685
2020-01-27,6132,d2622ab0-c850-4d5d-8ddd-0277b736a8ae,47.801853,-123.3497685
2020-01-28,6756,d2622ab0-c850-4d5d-8ddd-0277b736a8ae,47.801853,-123.3497685
2020-01-29,4244,d2622ab0-c850-4d5d-8ddd-0277b736a8ae,47.801853,-123.3497685
2020-01-30,1389,d2622ab0-c850-4d5d-8ddd-0277b736a8ae,47.801853,-123.3497685
2020-01-31,2962,d2622ab0-c850-4d5d-8ddd-0277b736a8ae,47.801853,-123.3497685
2020-02-01,3668,d2622ab0-c850-4d5d-8ddd-0277b736a8ae,47.801853,-123.3497685
2020-02-02,6331,d2622ab0-c850-4d5d-8ddd-0277b736a8ae,47.801853,-123.3497685
2020-02-03,4065,d2622ab0-c850-4d5d-8ddd-0277b736a8ae,47.801853,-123.3497685
2020-02-04,3225,d2622ab0-c850-4d5d-8ddd-0277b736a8ae,47.801853,-123.3497685
2020-02-05,3655,d2622ab0-c850-4d5d-8ddd-0277b736a8ae,47.801853,-123.3497685
2020-02-06,3326,d2622ab0-c850-4d5d-8ddd-0277b736a8ae,47.801853,-123.3497685
2020-02-07,2574,d2622ab0-c850-4d5d-8ddd-0277b736a8ae,47.801853,-123.3497685
2020-02-08,2338,d2622ab0-c850-4d5d-8ddd-0277b736a8ae,47.801853,-123.3497685
2020-02-09,5036,d2622ab0-c850-4d5d-8ddd-0277b736a8ae,47.801853,-123.3497685
2020-02-10,7621,d2622ab0-c850-4d5d-8ddd-0277b736a8ae,47.801853,-123.3497685
2020-02-11,1439,d2622ab0-c850-4d5d-8ddd-0277b736a8ae,47.801853,-123.3497685
2020-02-12,8324,d2622ab0-c850-4d5d-8ddd-0277b736a8ae,47.801853,-123.3497685
2020-02-13,1221,d2622ab0-c850-4d5d-8ddd-0277b736a8ae,47.801853,-123.3497685
2020-02-14,2396,d2622ab0-c850-4d5d-8ddd-0277b736a8ae,47.801853,-123.3497685
2020-02-15,2788,d2622ab0-c850-4d5d-8ddd-0277b736a8ae,47.801853,-123.3497685
2020-02-16,3360,d2622ab0-c850-4d5d-8ddd-0277b736a8ae,47.801853,-123.3497685
2020-02-17,6787,d2622ab0-c850-4d5d-8ddd-0277b736a8ae,47.801853,-123.3497685
2020-02-18,7102,d2622ab0-c850-4d5d-8ddd-0277b736a8ae,47.801853,-123.3497685
2020-02-19,8246,d2622ab0-c850-4d5d-8ddd-0277b736a8ae,47.801853,-123.3497685
2020-02-20,6713,d2622ab0-c850-4d5d-8ddd-0277b736a8ae,47.801853,-123.3497685
2020-02-21,7722,d2622ab0-c850-4d5d-8ddd-0277b736a8ae,47.801853,-123.3497685
2020-02-22,3566,d2622ab0-c850-4d5d-8ddd-0277b736a8ae,47.801853,-123.3497685
2020-02-23,4793,d2622ab0-c850-4d5d-8ddd-0277b736a8ae,47.801853,-123.3497685
2020-02-24,4711,d2622ab0-c850-4d5d-8ddd-0277b736a8ae,47.801853,-123.3497685
2020-02-25,3483,d2622ab0-c850-4d5d-8ddd-0277b736a8ae,47.801853,-123.3497685
2020-02-26,8276,d2622ab0-c850-4d5d-8ddd-0277b736a8ae,47.801853,-123.3497685
2020-02-27,2882,d2622ab0-c850-4d5d-8ddd-0277b736a8ae,47.801853,-123.3497685
2020-02-28,7267,d2622ab0-c850-4d5d-8ddd-0277b736a8ae,47.801853,-123.3497685
2020-02-29,3293,d2622ab0-c850-4d5d-8ddd-0277b736a8ae,47.801853,-123.3497685
2020-03-01,6772,d2622ab0-c850-4d5d-8ddd-0277b736a8ae,47.801853,-123.3497685
2020-03-02,2147,d2622ab0-c850-4d5d-8ddd-0277b736a8ae,47.801853,-123.3497685
2020-03-03,1723,d2622ab0-c850-4d5d-8ddd-0277b736a8ae,47.801853,-123.3497685
2020-03-04,6689,d2622ab0-c850-4d5d-8ddd-0277b736a8ae,47.801853,-123.3497685
2020-03-05,1918,d2622ab0-c850-4d5d-8ddd-0277b736a8ae,47.801853,-123.3497685
2020-03-06,3508,d2622ab0-c850-4d5d-8ddd-0277b736a8ae,47.801853,-123.3497685
2020-03-07,3492,d2622ab0-c850-4d5d-8ddd-0277b736a8ae,47.801853,-123.3497685
2020-03-08,6937,d2622ab0-c850-4d5d-8ddd-0277b736a8ae,47.801853,-123.3497685
2020-03-09,7143,d2622ab0-c850-4d5d-8ddd-0277b736a8ae,47.801853,-123.3497685
2020-03-10,2367,d2622ab0-c850-4d5d-8ddd-0277b736a8ae,47.801853,-123.3497685
2020-03-11,6854,d2622ab0-c850-4d5d-8ddd-0277b736a8ae,47.801853,-123.3497685
2020-03-12,7570,d2622ab0-c850-4d5d-8ddd-0277b736a8ae,47.801853,-123.3497685
2020-03-13,3877,d2622ab0-c850-4d5d-8ddd-0277b736a8ae,47.801853,-123.3497685
2020-03-14,4410,d2622ab0-c850-4d5d-8ddd-0277b736a8ae,47.801853,-123.3497685
2020-03-15,7354,d2622ab0-c850-4d5d-8ddd-0277b736a8ae,47.801853,-123.3497685
2020-03-16,7434,d2622ab0-c850-4d5d-8ddd-0277b736a8ae,47.801853,-123.3497685
2020-03-17,4692,d2622ab0-c850-4d5d-8ddd-0277b736a8ae,47.801853,-123.3497685
2020-03-18,7361,d2622ab0-c850-4d5d-8ddd-0277b736a8ae,47.801853,-123.3497685
2020-03-19,8744,d2622ab0-c850-4d5d-8ddd-0277b736a8ae,47.801853,-123.3497685
2020-03-20,8911,d2622ab0-c850-4d5d-8ddd-0277b736a8ae,47.801853,-123.3497685
2020-03-21,8146,d2622ab0-c850-4d5d-8ddd-0277b736a8ae,47.801853,-123.3497685
2020-03-22,6258,d2622ab0-c850-4d5d-8ddd-0277b736a8ae,47.801853,-123.3497685
2020-03-23,1595,d2622ab0-c850-4d5d-8ddd-0277b736a8ae,47.801853,-123.3497685
2020-03-24,5863,d2622ab0-c850-4d5d-8ddd-0277b736a8ae,47.801853,-123.3497685
2020-03-25,1378,d2622ab0-c850-4d5d-8ddd-0277b736a8ae,47.801853,-123.3497685
2020-03-26,6013,d2622ab0-c850-4d5d-8ddd-0277b736a8ae,47.801853,-123.3497685
2020-03-27,2823,d2622ab0-c850-4d5d-8ddd-0277b736a8ae,47.801853,-123.3497685
2020-03-28,2083,d2622ab0-c850-4d5d-8ddd-0277b736a8ae,47.801853,-123.3497685
2020-03-29,5552,d2622ab0-c850-4d5d-8ddd-0277b736a8ae,47.801853,-123.3497685
2020-03-30,5664,d2622ab0-c850-4d5d-8ddd-0277b736a8ae,47.801853,-123.3497685
2020-03-31,2117,d2622ab0-c850-4d5d-8ddd-0277b736a8ae,47.801853,-123.3497685
2020-04-01,2080,d2622ab0-c850-4d5d-8ddd-0277b736a8ae,47.801853,-123.3497685
2020-04-02,1614,d2622ab0-c850-4d5d-8ddd-0277b736a8ae,47.801853,-123.3497685
2020-04-03,1688,d2622ab0-c850-4d5d-8ddd-0277b736a8ae,47.801853,-123.3497685
2020-04-04,6222,d2622ab0-c850-4d5d-8ddd-0277b736a8ae,47.801853,-123.3497685
2020-04-05,1896,d2622ab0-c850-4d5d-8ddd-0277b736a8ae,47.801853,-123.3497685
2020-04-06,7341,d2622ab0-c850-4d5d-8ddd-0277b736a8ae,47.801853,-123.3497685
2020-04-07,8707,d2622ab0-c850-4d5d-8ddd-0277b736a8ae,47.801853,-123.3497685
2020-04-08,6951,d2622ab0-c850-4d5d-8ddd-0277b736a8ae,47.801853,-123.3497685
2020-04-09,8976,d2622ab0-c850-4d5d-8ddd-0277b736a8ae,47.801853,-123.3497685
2020-04-10,4307,d2622ab0-c850-4d5d-8ddd-0277b736a8ae,47.801853,-123.3497685
2020-04-11,7416,d2622ab0-c850-4d5d-8ddd-0277b736a8ae,47.801853,-123.3497685
2020-04-12,8662,d2622ab0-c850-4d5d-8ddd-0277b736a8ae,47.801853,-123.3497685
2020-04-13,8513,d2622ab0-c850-4d5d-8ddd-0277b736a8ae,47.801853,-123.3497685
2020-04-14,8965,d2622ab0-c850-4d5d-8ddd-0277b736a8ae,47.801853,-123.3497685
2020-04-15,7567,d2622ab0-c850-4d5d-8ddd-0277b736a8ae,47.801853,-123.3497685
2020-04-16,8163,d2622ab0-c850-4d5d-8ddd-0277b736a8ae,47.801853,-123.3497685
2020-04-17,5108,d2622ab0-c850-4d5d-8ddd-0277b736a8ae,47.801853,-123.3497685
2020-04-18,1548,d2622ab0-c850-4d5d-8ddd-0277b736a8ae,47.801853,-123.3497685
2020-04-19,1303,d2622ab0-c850-4d5d-8ddd-0277b736a8ae,47.801853,-123.3497685
2020-04-20,4381,d2622ab0-c850-4d5d-8ddd-0277b736a8ae,47.801853,-123.3497685
2020-04-21,9007,d2622ab0-c850-4d5d-8ddd-0277b736a8ae,47.801853,-123.3497685
2020-04-22,6249,d2622ab0-c850-4d5d-8ddd-0277b736a8ae,47.801853,-123.3497685
2020-04-23,2246,d2622ab0-c850-4d5d-8ddd-0277b736a8ae,47.801853,-123.3497685
2020-04-24,859,d2622ab0-c850-4d5d-8ddd-0277b736a8ae,47.801853,-123.3497685
2020-04-25,6469,d2622ab0-c850-4d5d-8ddd-0277b736a8ae,47.801853,-123.3497685
2020-04-26,4838,d2622ab0-c850-4d5d-8ddd-0277b736a8ae,47.801853,-123.3497685
2020-04-27,1243,d2622ab0-c850-4d5d-8ddd-0277b736a8ae,47.801853,-123.3497685
2020-04-28,4805,d2622ab0-c850-4d5d-8ddd-0277b736a8ae,47.801853,-123.3497685
2020-04-29,4322,d2622ab0-c850-4d5d-8ddd-0277b736a8ae,47.801853,-123.3497685
2020-04-30,6083,d2622ab0-c850-4d5d-8ddd-0277b736a8ae,47.801853,-123.3497685
2020-05-01,264,d2622ab0-c850-4d5d-8ddd-0277b736a8ae,47.801853,-123.3497685
2020-05-02,6105,d2622ab0-c850-4d5d-8ddd-0277b736a8ae,47.801853,-123.3497685
2020-05-03,2264,d2622ab0-c850-4d5d-8ddd-0277b736a8ae,47.801853,-123.3497685
2020-05-04,5000,d2622ab0-c850-4d5d-8ddd-0277b736a8ae,47.801853,-123.3497685
2020-05-05,3738,d2622ab0-c850-4d5d-8ddd-0277b736a8ae,47.801853,-123.3497685
2020-05-06,3916,d2622ab0-c850-4d5d-8ddd-0277b736a8ae,47.801853,-123.3497685
2020-05-07,8081,d2622ab0-c850-4d5d-8ddd-0277b736a8ae,47.801853,-123.3497685
2020-05-08,7132,d2622ab0-c850-4d5d-8ddd-0277b736a8ae,47.801853,-123.3497685
2020-05-09,9083,d2622ab0-c850-4d5d-8ddd-0277b736a8ae,47.801853,-123.3497685
2020-05-10,8259,d2622ab0-c850-4d5d-8ddd-0277b736a8ae,47.801853,-123.3497685
2020-05-11,736,d2622ab0-c850-4d5d-8ddd-0277b736a8ae,47.801853,-123.3497685
2020-05-12,2189,d2622ab0-c850-4d5d-8ddd-0277b736a8ae,47.801853,-123.3497685
2020-05-13,4256,d2622ab0-c850-4d5d-8ddd-0277b736a8ae,47.801853,-123.3497685
2020-05-14,4104,d2622ab0-c850-4d5d-8ddd-0277b736a8ae,47.801853,-123.3497685
2020-05-15,1276,d2622ab0-c850-4d5d-8ddd-0277b736a8ae,47.801853,-123.3497685
2020-05-16,4984,d2622ab0-c850-4d5d-8ddd-0277b736a8ae,47.801853,-123.3497685
2020-05-17,1374,d2622ab0-c850-4d5d-8ddd-0277b736a8ae,47.801853,-123.3497685
2020-05-18,8377,d2622ab0-c850-4d5d-8ddd-0277b736a8ae,47.801853,-123.3497685
2020-05-19,1171,d2622ab0-c850-4d5d-8ddd-0277b736a8ae,47.801853,-123.3497685
2020-05-20,1449,d2622ab0-c850-4d5d-8ddd-0277b736a8ae,47.801853,-123.3497685
2020-05-21,2703,d2622ab0-c850-4d5d-8ddd-0277b736a8ae,47.801853,-123.3497685
2020-05-22,3372,d2622ab0-c850-4d5d-8ddd-0277b736a8ae,47.801853,-123.3497685
2020-05-23,6583,d2622ab0-c850-4d5d-8ddd-0277b736a8ae,47.801853,-123.3497685
2020-05-24,1424,d2622ab0-c850-4d5d-8ddd-0277b736a8ae,47.801853,-123.3497685
2020-05-25,2007,d2622ab0-c850-4d5d-8ddd-0277b736a8ae,47.801853,-123.3497685
2020-05-26,6077,d2622ab0-c850-4d5d-8ddd-0277b736a8ae,47.801853,-123.3497685
2020-05-27,3834,d2622ab0-c850-4d5d-8ddd-0277b736a8ae,47.801853,-123.3497685
2020-05-28,8551,d2622ab0-c850-4d5d-8ddd-0277b736a8ae,47.801853,-123.3497685
2020-05-29,2850,d2622ab0-c850-4d5d-8ddd-0277b736a8ae,47.801853,-123.3497685
2020-05-30,3418,d2622ab0-c850-4d5d-8ddd-0277b736a8ae,47.801853,-123.3497685
2020-05-31,561,d2622ab0-c850-4d5d-8ddd-0277b736a8ae,47.801853,-123.3497685
2020-06-01,5858,d2622ab0-c850-4d5d-8ddd-0277b736a8ae,47.801853,-123.3497685
2020-06-02,786,d2622ab0-c850-4d5d-8ddd-0277b736a8ae,47.801853,-123.3497685
2020-06-03,4747,d2622ab0-c850-4d5d-8ddd-0277b736a8ae,47.801853,-123.3497685
2020-06-04,1472,d2622ab0-c850-4d5d-8ddd-0277b736a8ae,47.801853,-123.3497685
2020-06-05,4043,d2622ab0-c850-4d5d-8ddd-0277b736a8ae,47.801853,-123.3497685
2020-06-06,4558,d2622ab0-c850-4d5d-8ddd-0277b736a8ae,47.801853,-123.3497685
2020-06-07,3982,d2622ab0-c850-4d5d-8ddd-0277b736a8ae,47.801853,-123.3497685
2020-06-08,1709,d2622ab0-c850-4d5d-8ddd-0277b736a8ae,47.801853,-123.3497685
2020-06-09,2055,d2622ab0-c850-4d5d-8ddd-0277b736a8ae,47.801853,-123.3497685
2020-06-10,2118,d2622ab0-c850-4d5d-8ddd-0277b736a8ae,47.801853,-123.3497685
2020-06-11,5931,d2622ab0-c850-4d5d-8ddd-0277b736a8ae,47.801853,-123.3497685
2020-06-12,2215,d2622ab0-c850-4d5d-8ddd-0277b736a8ae,47.801853,-123.3497685
2020-06-13,2071,d2622ab0-c850-4d5d-8ddd-0277b736a8ae,47.801853,-123.3497685
2020-06-14,1413,d2622ab0-c850-4d5d-8ddd-0277b736a8ae,47.801853,-123.3497685
2020-06-15,1430,d2622ab0-c850-4d5d-8ddd-0277b736a8ae,47.801853,-123.3497685
2020-06-16,1659,d2622ab0-c850-4d5d-8ddd-0277b736a8ae,47.801853,-123.3497685
2020-06-17,2174,d2622ab0-c850-4d5d-8ddd-0277b736a8ae,47.801853,-123.3497685
2020-06-18,4180,d2622ab0-c850-4d5d-8ddd-0277b736a8ae,47.801853,-123.3497685
2020-06-19,2706,d2622ab0-c850-4d5d-8ddd-0277b736a8ae,47.801853,-123.3497685
2020-06-20,1820,d2622ab0-c850-4d5d-8ddd-0277b736a8ae,47.801853,-123.3497685
2020-06-21,-1597,d2622ab0-c850-4d5d-8ddd-0277b736a8ae,47.801853,-123.3497685
2020-06-22,5651,d2622ab0-c850-4d5d-8ddd-0277b736a8ae,47.801853,-123.3497685
2020-06-23,923,d2622ab0-c850-4d5d-8ddd-0277b736a8ae,47.801853,-123.3497685
2020-06-24,2228,d2622ab0-c850-4d5d-8ddd-0277b736a8ae,47.801853,-123.3497685
2020-06-25,60,d2622ab0-c850-4d5d-8ddd-0277b736a8ae,47.801853,-123.3497685
2020-06-26,-698,d2622ab0-c850-4d5d-8ddd-0277b736a8ae,47.801853,-123.3497685
2020-06-27,4355,d2622ab0-c850-4d5d-8ddd-0277b736a8ae,47.801853,-123.3497685
2020-06-28,681,d2622ab0-c850-4d5d-8ddd-0277b736a8ae,47.801853,-123.3497685
2020-06-29,676,d2622ab0-c850-4d5d-8ddd-0277b736a8ae,47.801853,-123.3497685
2020-06-30,1475,d2622ab0-c850-4d5d-8ddd-0277b736a8ae,47.801853,-123.3497685
2020-07-01,3538,d2622ab0-c850-4d5d-8ddd-0277b736a8ae,47.801853,-123.3497685
2020-07-02,-541,d2622ab0-c850-4d5d-8ddd-0277b736a8ae,47.801853,-123.3497685
2020-07-03,4266,d2622ab0-c850-4d5d-8ddd-0277b736a8ae,47.801853,-123.3497685
2020-07-04,75,d2622ab0-c850-4d5d-8ddd-0277b736a8ae,47.801853,-123.3497685
2020-07-05,-486,d2622ab0-c850-4d5d-8ddd-0277b736a8ae,47.801853,-123.3497685
2020-07-06,624,d2622ab0-c850-4d5d-8ddd-0277b736a8ae,47.801853,-123.3497685
2020-07-07,749,d2622ab0-c850-4d5d-8ddd-0277b736a8ae,47.801853,-123.3497685
2020-07-08,934,d2622ab0-c850-4d5d-8ddd-0277b736a8ae,47.801853,-123.3497685
2020-07-09,569,d2622ab0-c850-4d5d-8ddd-0277b736a8ae,47.801853,-123.3497685
2020-07-10,-875,d2622ab0-c850-4d5d-8ddd-0277b736a8ae,47.801853,-123.3497685
2020-07-11,3923,d2622ab0-c850-4d5d-8ddd-0277b736a8ae,47.801853,-123.3497685
2020-07-12,-667,d2622ab0-c850-4d5d-8ddd-0277b736a8ae,47.801853,-123.3497685
2020-07-13,1827,d2622ab0-c850-4d5d-8ddd-0277b736a8ae,47.801853,-123.3497685
2020-07-14,-1764,d2622ab0-c850-4d5d-8ddd-0277b736a8ae,47.801853,-123.3497685
2020-07-15,2176,d2622ab0-c850-4d5d-8ddd-0277b736a8ae,47.801853,-123.3497685
2020-07-16,-1719,d2622ab0-c850-4d5d-8ddd-0277b736a8ae,47.801853,-123.3497685
2020-07-17,-211,d2622ab0-c850-4d5d-8ddd-0277b736a8ae,47.801853,-123.3497685
2020-07-18,-1137,d2622ab0-c850-4d5d-8ddd-0277b736a8ae,47.801853,-123.3497685
2020-07-19,-578,d2622ab0-c850-4d5d-8ddd-0277b736a8ae,47.801853,-123.3497685
2020-07-20,1072,d2622ab0-c850-4d5d-8ddd-0277b736a8ae,47.801853,-123.3497685
2020-07-21,-1474,d2622ab0-c850-4d5d-8ddd-0277b736a8ae,47.801853,-123.3497685
2020-07-22,241,d2622ab0-c850-4d5d-8ddd-0277b736a8ae,47.801853,-123.3497685
2020-07-23,-2752,d2622ab0-c850-4d5d-8ddd-0277b736a8ae,47.801853,-123.3497685
2020-07-24,812,d2622ab0-c850-4d5d-8ddd-0277b736a8ae,47.801853,-123.3497685
2020-07-25,-2441,d2622ab0-c850-4d5d-8ddd-0277b736a8ae,47.801853,-123.3497685
2020-07-26,-1621,d2622ab0-c850-4d5d-8ddd-0277b736a8ae,47.801853,-123.3497685
2020-07-27,-1848,d2622ab0-c850-4d5d-8ddd-0277b736a8ae,47.801853,-123.3497685
2020-07-28,-2721,d2622ab0-c850-4d5d-8ddd-0277b736a8ae,47.801853,-123.3497685
2020-07-29,179,d2622ab0-c850-4d5d-8ddd-0277b736a8ae,47.801853,-123.3497685
2020-07-30,-2753,d2622ab0-c850-4d5d-8ddd-0277b736a8ae,47.801853,-123.3497685
2020-07-31,79,d2622ab0-c850-4d5d-8ddd-0277b736a8ae,47.801853,-123.3497685
2020-08-01,-1051,d2622ab0-c850-4d5d-8ddd-0277b736a8ae,47.801853,-123.3497685
2020-08-02,-739,d2622ab0-c850-4d5d-8ddd-0277b736a8ae,47.801853,-123.3497685
2020-08-03,676,d2622ab0-c850-4d5d-8ddd-0277b736a8ae,47.801853,-123.3497685
2020-08-04,-1994,d2622ab0-c850-4d5d-8ddd-0277b736a8ae,47.801853,-123.3497685
2020-08-05,-1786,d2622ab0-c850-4d5d-8ddd-0277b736a8ae,47.801853,-123.3497685
2020-08-06,-453,d2622ab0-c850-4d5d-8ddd-0277b736a8ae,47.801853,-123.3497685
2020-08-07,-321,d2622ab0-c850-4d5d-8ddd-0277b736a8ae,47.801853,-123.3497685
2020-08-08,-696,d2622ab0-c850-4d5d-8ddd-0277b736a8ae,47.801853,-123.3497685
2020-08-09,-2288,d2622ab0-c850-4d5d-8ddd-0277b736a8ae,47.801853,-123.3497685
2020-08-10,-2247,d2622ab0-c850-4d5d-8ddd-0277b736a8ae,47.801853,-123.3497685
2020-08-11,-2173,d2622ab0-c850-4d5d-8ddd-0277b736a8ae,47.801853,-123.3497685
2020-08-12,-1633,d2622ab0-c850-4d5d-8ddd-0277b736a8ae,47.801853,-123.3497685
2020-08-13,-2874,d2622ab0-c850-4d5d-8ddd-0277b736a8ae,47.801853,-123.3497685
2020-08-14,-398,d2622ab0-c850-4d5d-8ddd-0277b736a8ae,47.801853,-123.3497685
2020-08-15,-3039,d2622ab0-c850-4d5d-8ddd-0277b736a8ae,47.801853,-123.3497685
2020-08-16,-973,d2622ab0-c850-4d5d-8ddd-0277b736a8ae,47.801853,-123.3497685
2020-08-17,-2779,d2622ab0-c850-4d5d-8ddd-0277b736a8ae,47.801853,-123.3497685
2020-08-18,-1608,d2622ab0-c850-4d5d-8ddd-0277b736a8ae,47.801853,-123.3497685
2020-08-19,-2021,d2622ab0-c850-4d5d-8ddd-0277b736a8ae,47.801853,-123.3497685
2020-08-20,2500,d2622ab0-c850-4d5d-8ddd-0277b736a8ae,47.801853,-123.3497685
2020-08-21,3998,d2622ab0-c850-4d5d-8ddd-0277b736a8ae,47.801853,-123.3497685
2020-08-22,-2640,d2622ab0-c850-4d5d-8ddd-0277b736a8ae,47.801853,-123.3497685
2020-08-23,-218,d2622ab0-c850-4d5d-8ddd-0277b736a8ae,47.801853,-123.3497685
2020-08-24,-2990,d2622ab0-c850-4d5d-8ddd-0277b736a8ae,47.801853,-123.3497685
2020-08-25,-1273,d2622ab0-c850-4d5d-8ddd-0277b736a8ae,47.801853,-123.3497685
2020-08-26,-1999,d2622ab0-c850-4d5d-8ddd-0277b736a8ae,47.801853,-123.3497685
2020-08-27,-1679,d2622ab0-c850-4d5d-8ddd-0277b736a8ae,47.801853,-123.3497685
2020-08-28,-1475,d2622ab0-c850-4d5d-8ddd-0277b736a8ae,47.801853,-123.3497685
2020-08-29,-1332,d2622ab0-c850-4d5d-8ddd-0277b736a8ae,47.801853,-123.3497685
2020-08-30,297,d2622ab0-c850-4d5d-8ddd-0277b736a8ae,47.801853,-123.3497685
2020-08-31,-1787,d2622ab0-c850-4d5d-8ddd-0277b736a8ae,47.801853,-123.3497685
2020-09-01,-544,d2622ab0-c850-4d5d-8ddd-0277b736a8ae,47.801853,-123.3497685
2020-09-02,-2900,d2622ab0-c850-4d5d-8ddd-0277b736a8ae,47.801853,-123.3497685
2020-09-03,-531,d2622ab0-c850-4d5d-8ddd-0277b736a8ae,47.801853,-123.3497685
2020-09-04,-1425,d2622ab0-c850-4d5d-8ddd-0277b736a8ae,47.801853,-123.3497685
2020-09-05,-40,d2622ab0-c850-4d5d-8ddd-0277b736a8ae,47.801853,-123.3497685
2020-09-06,-1396,d2622ab0-c850-4d5d-8ddd-0277b736a8ae,47.801853,-123.3497685
2020-09-07,-1952,d2622ab0-c850-4d5d-8ddd-0277b736a8ae,47.801853,-123.3497685
2020-09-08,444,d2622ab0-c850-4d5d-8ddd-0277b736a8ae,47.801853,-123.3497685
2020-09-09,-3143,d2622ab0-c850-4d5d-8ddd-0277b736a8ae,47.801853,-123.3497685
2020-09-10,-1351,d2622ab0-c850-4d5d-8ddd-0277b736a8ae,47.801853,-123.3497685
2020-09-11,-2226,d2622ab0-c850-4d5d-8ddd-0277b736a8ae,47.801853,-123.3497685
2020-09-12,2178,d2622ab0-c850-4d5d-8ddd-0277b736a8ae,47.801853,-123.3497685
2020-09-13,580,d2622ab0-c850-4d5d-8ddd-0277b736a8ae,47.801853,-123.3497685
2020-09-14,3369,d2622ab0-c850-4d5d-8ddd-0277b736a8ae,47.801853,-123.3497685
2020-09-15,2133,d2622ab0-c850-4d5d-8ddd-0277b736a8ae,47.801853,-123.3497685
2020-09-16,1838,d2622ab0-c850-4d5d-8ddd-0277b736a8ae,47.801853,-123.3497685
2020-09-17,3974,d2622ab0-c850-4d5d-8ddd-0277b736a8ae,47.801853,-123.3497685
2020-09-18,4463,d2622ab0-c850-4d5d-8ddd-0277b736a8ae,47.801853,-123.3497685
2020-09-19,782,d2622ab0-c850-4d5d-8ddd-0277b736a8ae,47.801853,-123.3497685
2020-09-20,-578,d2622ab0-c850-4d5d-8ddd-0277b736a8ae,47.801853,-123.3497685
2020-09-21,1994,d2622ab0-c850-4d5d-8ddd-0277b736a8ae,47.801853,-123.3497685
2020-09-22,-926,d2622ab0-c850-4d5d-8ddd-0277b736a8ae,47.801853,-123.3497685
2020-09-23,5086,d2622ab0-c850-4d5d-8ddd-0277b736a8ae,47.801853,-123.3497685
2020-09-24,4760,d2622ab0-c850-4d5d-8ddd-0277b736a8ae,47.801853,-123.3497685
2020-09-25,4017,d2622ab0-c850-4d5d-8ddd-0277b736a8ae,47.801853,-123.3497685
2020-09-26,4074,d2622ab0-c850-4d5d-8ddd-0277b736a8ae,47.801853,-123.3497685
2020-09-27,439,d2622ab0-c850-4d5d-8ddd-0277b736a8ae,47.801853,-123.3497685
2020-09-28,-2514,d2622ab0-c850-4d5d-8ddd-0277b736a8ae,47.801853,-123.3497685
2020-09-29,-2071,d2622ab0-c850-4d5d-8ddd-0277b736a8ae,47.801853,-123.3497685
2020-09-30,-710,d2622ab0-c850-4d5d-8ddd-0277b736a8ae,47.801853,-123.3497685
2020-10-01,3019,d2622ab0-c850-4d5d-8ddd-0277b736a8ae,47.801853,-123.3497685
2020-10-02,-1826,d2622ab0-c850-4d5d-8ddd-0277b736a8ae,47.801853,-123.3497685
2020-10-03,-474,d2622ab0-c850-4d5d-8ddd-0277b736a8ae,47.801853,-123.3497685
2020-10-04,1050,d2622ab0-c850-4d5d-8ddd-0277b736a8ae,47.801853,-123.3497685
2020-10-05,-1337,d2622ab0-c850-4d5d-8ddd-0277b736a8ae,47.801853,-123.3497685
2020-10-06,-1960,d2622ab0-c850-4d5d-8ddd-0277b736a8ae,47.801853,-123.3497685
2020-10-07,-615,d2622ab0-c850-4d5d-8ddd-0277b736a8ae,47.801853,-123.3497685
2020-10-08,3305,d2622ab0-c850-4d5d-8ddd-0277b736a8ae,47.801853,-123.3497685
2020-10-09,987,d2622ab0-c850-4d5d-8ddd-0277b736a8ae,47.801853,-123.3497685
2020-10-10,2304,d2622ab0-c850-4d5d-8ddd-0277b736a8ae,47.801853,-123.3497685
2020-10-11,3824,d2622ab0-c850-4d5d-8ddd-0277b736a8ae,47.801853,-123.3497685
2020-10-12,2343,d2622ab0-c850-4d5d-8ddd-0277b736a8ae,47.801853,-123.3497685
2020-10-13,3364,d2622ab0-c850-4d5d-8ddd-0277b736a8ae,47.801853,-123.3497685
2020-10-14,2246,d2622ab0-c850-4d5d-8ddd-0277b736a8ae,47.801853,-123.3497685
2020-10-15,835,d2622ab0-c850-4d5d-8ddd-0277b736a8ae,47.801853,-123.3497685
2020-10-16,900,d2622ab0-c850-4d5d-8ddd-0277b736a8ae,47.801853,-123.3497685
2020-10-17,1607,d2622ab0-c850-4d5d-8ddd-0277b736a8ae,47.801853,-123.3497685
2020-10-18,683,d2622ab0-c850-4d5d-8ddd-0277b736a8ae,47.801853,-123.3497685
2020-10-19,972,d2622ab0-c850-4d5d-8ddd-0277b736a8ae,47.801853,-123.3497685
2020-10-20,-2435,d2622ab0-c850-4d5d-8ddd-0277b736a8ae,47.801853,-123.3497685
2020-10-21,-221,d2622ab0-c850-4d5d-8ddd-0277b736a8ae,47.801853,-123.3497685
2020-10-22,-1385,d2622ab0-c850-4d5d-8ddd-0277b736a8ae,47.801853,-123.3497685
2020-10-23,2625,d2622ab0-c850-4d5d-8ddd-0277b736a8ae,47.801853,-123.3497685
2020-10-24,-250,d2622ab0-c850-4d5d-8ddd-0277b736a8ae,47.801853,-123.3497685
2020-10-25,-1252,d2622ab0-c850-4d5d-8ddd-0277b736a8ae,47.801853,-123.3497685
2020-10-26,-316,d2622ab0-c850-4d5d-8ddd-0277b736a8ae,47.801853,-123.3497685
2020-10-27,-2352,d2622ab0-c850-4d5d-8ddd-0277b736a8ae,47.801853,-123.3497685
2020-10-28,681,d2622ab0-c850-4d5d-8ddd-0277b736a8ae,47.801853,-123.3497685
2020-10-29,-1579,d2622ab0-c850-4d5d-8ddd-0277b736a8ae,47.801853,-123.3497685
2020-10-30,12,d2622ab0-c850-4d5d-8ddd-0277b736a8ae,47.801853,-123.3497685
2020-10-31,-1259,d2622ab0-c850-4d5d-8ddd-0277b736a8ae,47.801853,-123.3497685
2020-11-01,-2429,d2622ab0-c850-4d5d-8ddd-0277b736a8ae,47.801853,-123.3497685
2020-11-02,1018,d2622ab0-c850-4d5d-8ddd-0277b736a8ae,47.801853,-123.3497685
2020-11-03,5733,d2622ab0-c850-4d5d-8ddd-0277b736a8ae,47.801853,-123.3497685
2020-11-04,3856,d2622ab0-c850-4d5d-8ddd-0277b736a8ae,47.801853,-123.3497685
2020-11-05,4379,d2622ab0-c850-4d5d-8ddd-0277b736a8ae,47.801853,-123.3497685
2020-11-06,7511,d2622ab0-c850-4d5d-8ddd-0277b736a8ae,47.801853,-123.3497685
2020-11-07,1135,d2622ab0-c850-4d5d-8ddd-0277b736a8ae,47.801853,-123.3497685
2020-11-08,7689,d2622ab0-c850-4d5d-8ddd-0277b736a8ae,47.801853,-123.3497685
2020-11-09,4341,d2622ab0-c850-4d5d-8ddd-0277b736a8ae,47.801853,-123.3497685
2020-11-10,4267,d2622ab0-c850-4d5d-8ddd-0277b736a8ae,47.801853,-123.3497685
2020-11-11,8545,d2622ab0-c850-4d5d-8ddd-0277b736a8ae,47.801853,-123.3497685
2020-11-12,2798,d2622ab0-c850-4d5d-8ddd-0277b736a8ae,47.801853,-123.3497685
2020-11-13,3977,d2622ab0-c850-4d5d-8ddd-0277b736a8ae,47.801853,-123.3497685
2020-11-14,4794,d2622ab0-c850-4d5d-8ddd-0277b736a8ae,47.801853,-123.3497685
2020-11-15,3520,d2622ab0-c850-4d5d-8ddd-0277b736a8ae,47.801853,-123.3497685
2020-11-16,4966,d2622ab0-c850-4d5d-8ddd-0277b736a8ae,47.801853,-123.3497685
2020-11-17,4356,d2622ab0-c850-4d5d-8ddd-0277b736a8ae,47.801853,-123.3497685
2020-11-18,1767,d2622ab0-c850-4d5d-8ddd-0277b736a8ae,47.801853,-123.3497685
2020-11-19,2432,d2622ab0-c850-4d5d-8ddd-0277b736a8ae,47.801853,-123.3497685
2020-11-20,1481,d2622ab0-c850-4d5d-8ddd-0277b736a8ae,47.801853,-123.3497685
2020-11-21,7153,d2622ab0-c850-4d5d-8ddd-0277b736a8ae,47.801853,-123.3497685
2020-11-22,3083,d2622ab0-c850-4d5d-8ddd-0277b736a8ae,47.801853,-123.3497685
2020-11-23,5469,d2622ab0-c850-4d5d-8ddd-0277b736a8ae,47.801853,-123.3497685
2020-11-24,2487,d2622ab0-c850-4d5d-8ddd-0277b736a8ae,47.801853,-123.3497685
2020-11-25,5411,d2622ab0-c850-4d5d-8ddd-0277b736a8ae,47.801853,-123.3497685
2020-11-26,6067,d2622ab0-c850-4d5d-8ddd-0277b736a8ae,47.801853,-123.3497685
2020-11-27,4457,d2622ab0-c850-4d5d-8ddd-0277b736a8ae,47.801853,-123.3497685
2020-11-28,7706,d2622ab0-c850-4d5d-8ddd-0277b736a8ae,47.801853,-123.3497685
2020-11-30,3964,d2622ab0-c850-4d5d-8ddd-0277b736a8ae,47.801853,-123.3497685
2020-12-01,7559,d2622ab0-c850-4d5d-8ddd-0277b736a8ae,47.801853,-123.3497685
2020-12-02,6970,d2622ab0-c850-4d5d-8ddd-0277b736a8ae,47.801853,-123.3497685
2020-12-03,5328,d2622ab0-c850-4d5d-8ddd-0277b736a8ae,47.801853,-123.3497685
2020-12-04,7886,d2622ab0-c850-4d5d-8ddd-0277b736a8ae,47.801853,-123.3497685
2020-12-05,7936,d2622ab0-c850-4d5d-8ddd-0277b736a8ae,47.801853,-123.3497685
2020-12-06,6950,d2622ab0-c850-4d5d-8ddd-0277b736a8ae,47.801853,-123.3497685
2020-12-08,797,d2622ab0-c850-4d5d-8ddd-0277b736a8ae,47.801853,-123.3497685
2020-12-09,3220,d2622ab0-c850-4d5d-8ddd-0277b736a8ae,47.801853,-123.3497685
2020-12-11,5291,d2622ab0-c850-4d5d-8ddd-0277b736a8ae,47.801853,-123.3497685
2020-12-12,7064,d2622ab0-c850-4d5d-8ddd-0277b736a8ae,47.801853,-123.3497685
2020-12-13,3325,d2622ab0-c850-4d5d-8ddd-0277b736a8ae,47.801853,-123.3497685
2020-12-14,4814,d2622ab0-c850-4d5d-8ddd-0277b736a8ae,47.801853,-123.3497685
2020-12-15,2449,d2622ab0-c850-4d5d-8ddd-0277b736a8ae,47.801853,-123.3497685
2020-12-16,3043,d2622ab0-c850-4d5d-8ddd-0277b736a8ae,47.801853,-123.3497685
2020-12-17,2474,d2622ab0-c850-4d5d-8ddd-0277b736a8ae,47.801853,-123.3497685
2020-12-18,1744,d2622ab0-c850-4d5d-8ddd-0277b736a8ae,47.801853,-123.3497685
2020-12-19,4109,d2622ab0-c850-4d5d-8ddd-0277b736a8ae,47.801853,-123.3497685
2020-12-20,2312,d2622ab0-c850-4d5d-8ddd-0277b736a8ae,47.801853,-123.3497685
2020-12-22,6787,d2622ab0-c850-4d5d-8ddd-0277b736a8ae,47.801853,-123.3497685
2020-12-23,6494,d2622ab0-c850-4d5d-8ddd-0277b736a8ae,47.801853,-123.3497685
2020-12-25,3717,d2622ab0-c850-4d5d-8ddd-0277b736a8ae,47.801853,-123.3497685
2020-12-26,2828,d2622ab0-c850-4d5d-8ddd-0277b736a8ae,47.801853,-123.3497685
2020-12-27,3485,d2622ab0-c850-4d5d-8ddd-0277b736a8ae,47.801853,-123.3497685
2020-12-28,8514,d2622ab0-c850-4d5d-8ddd-0277b736a8ae,47.801853,-123.3497685
2020-12-29,1198,d2622ab0-c850-4d5d-8ddd-0277b736a8ae,47.801853,-123.3497685
2020-12-30,4661,d2622ab0-c850-4d5d-8ddd-0277b736a8ae,47.801853,-123.3497685
2020-12-31,3229,d2622ab0-c850-4d5d-8ddd-0277b736a8ae,47.801853,-123.3497685
2021-01-02,4183,d2622ab0-c850-4d5d-8ddd-0277b736a8ae,47.801853,-123.3497685
2021-01-03,3371,d2622ab0-c850-4d5d-8ddd-0277b736a8ae,47.801853,-123.3497685
2021-01-05,2972,d2622ab0-c850-4d5d-8ddd-0277b736a8ae,47.801853,-123.3497685
2021-01-06,4355,d2622ab0-c850-4d5d-8ddd-0277b736a8ae,47.801853,-123.3497685
2021-01-07,2575,d2622ab0-c850-4d5d-8ddd-0277b736a8ae,47.801853,-123.3497685
2021-01-08,3094,d2622ab0-c850-4d5d-8ddd-0277b736a8ae,47.801853,-123.3497685
2021-01-09,2256,d2622ab0-c850-4d5d-8ddd-0277b736a8ae,47.801853,-123.3497685
2021-01-10,3627,d2622ab0-c850-4d5d-8ddd-0277b736a8ae,47.801853,-123.3497685
2021-01-11,3980,d2622ab0-c850-4d5d-8ddd-0277b736a8ae,47.801853,-123.3497685
2021-01-12,4093,d2622ab0-c850-4d5d-8ddd-0277b736a8ae,47.801853,-123.3497685
2021-01-13,3590,d2622ab0-c850-4d5d-8ddd-0277b736a8ae,47.801853,-123.3497685
2021-01-14,5253,d2622ab0-c850-4d5d-8ddd-0277b736a8ae,47.801853,-123.3497685
2021-01-15,8916,d2622ab0-c850-4d5d-8ddd-0277b736a8ae,47.801853,-123.3497685
2021-01-16,2965,d2622ab0-c850-4d5d-8ddd-0277b736a8ae,47.801853,-123.3497685
2021-01-17,7090,d2622ab0-c850-4d5d-8ddd-0277b736a8ae,47.801853,-123.3497685
2021-01-18,8694,d2622ab0-c850-4d5d-8ddd-0277b736a8ae,47.801853,-123.3497685
2021-01-19,6176,d2622ab0-c850-4d5d-8ddd-0277b736a8ae,47.801853,-123.3497685
2021-01-20,5732,d2622ab0-c850-4d5d-8ddd-0277b736a8ae,47.801853,-123.3497685
2021-01-21,1217,d2622ab0-c850-4d5d-8ddd-0277b736a8ae,47.801853,-123.3497685
2021-01-22,7383,d2622ab0-c850-4d5d-8ddd-0277b736a8ae,47.801853,-123.3497685
2021-01-23,7453,d2622ab0-c850-4d5d-8ddd-0277b736a8ae,47.801853,-123.3497685
2021-01-24,4690,d2622ab0-c850-4d5d-8ddd-0277b736a8ae,47.801853,-123.3497685
2021-01-25,4860,d2622ab0-c850-4d5d-8ddd-0277b736a8ae,47.801853,-123.3497685
2021-01-26,3430,d2622ab0-c850-4d5d-8ddd-0277b736a8ae,47.801853,-123.3497685
2021-01-27,6913,d2622ab0-c850-4d5d-8ddd-0277b736a8ae,47.801853,-123.3497685
2021-01-28,751,d2622ab0-c850-4d5d-8ddd-0277b736a8ae,47.801853,-123.3497685
2021-01-29,7367,d2622ab0-c850-4d5d-8ddd-0277b736a8ae,47.801853,-123.3497685
2021-01-30,3297,d2622ab0-c850-4d5d-8ddd-0277b736a8ae,47.801853,-123.3497685
2021-01-31,4793,d2622ab0-c850-4d5d-8ddd-0277b736a8ae,47.801853,-123.3497685
2021-02-01,2893,d2622ab0-c850-4d5d-8ddd-0277b736a8ae,47.801853,-123.3497685
2021-02-02,5013,d2622ab0-c850-4d5d-8ddd-0277b736a8ae,47.801853,-123.3497685
2021-02-03,8161,d2622ab0-c850-4d5d-8ddd-0277b736a8ae,47.801853,-123.3497685
2021-02-04,1383,d2622ab0-c850-4d5d-8ddd-0277b736a8ae,47.801853,-123.3497685
2021-02-05,8237,d2622ab0-c850-4d5d-8ddd-0277b736a8ae,47.801853,-123.3497685
2021-02-06,2113,d2622ab0-c850-4d5d-8ddd-0277b736a8ae,47.801853,-123.3497685
2021-02-07,1575,d2622ab0-c850-4d5d-8ddd-0277b736a8ae,47.801853,-123.3497685
2021-02-08,5428,d2622ab0-c850-4d5d-8ddd-0277b736a8ae,47.801853,-123.3497685
2021-02-09,7727,d2622ab0-c850-4d5d-8ddd-0277b736a8ae,47.801853,-123.3497685
2021-02-10,2764,d2622ab0-c850-4d5d-8ddd-0277b736a8ae,47.801853,-123.3497685
2021-02-11,4156,d2622ab0-c850-4d5d-8ddd-0277b736a8ae,47.801853,-123.3497685
2021-02-12,3123,d2622ab0-c850-4d5d-8ddd-0277b736a8ae,47.801853,-123.3497685
2021-02-13,2279,d2622ab0-c850-4d5d-8ddd-0277b736a8ae,47.801853,-123.3497685
2021-02-14,3742,d2622ab0-c850-4d5d-8ddd-0277b736a8ae,47.801853,-123.3497685
2021-02-15,3889,d2622ab0-c850-4d5d-8ddd-0277b736a8ae,47.801853,-123.3497685
2021-02-16,5021,d2622ab0-c850-4d5d-8ddd-0277b736a8ae,47.801853,-123.3497685
2021-02-17,8207,d2622ab0-c850-4d5d-8ddd-0277b736a8ae,47.801853,-123.3497685
2021-02-18,2710,d2622ab0-c850-4d5d-8ddd-0277b736a8ae,47.801853,-123.3497685
2021-02-19,3881,d2622ab0-c850-4d5d-8ddd-0277b736a8ae,47.801853,-123.3497685
2021-02-20,2558,d2622ab0-c850-4d5d-8ddd-0277b736a8ae,47.801853,-123.3497685
2021-02-21,3872,d2622ab0-c850-4d5d-8ddd-0277b736a8ae,47.801853,-123.3497685
2021-02-22,4182,d2622ab0-c850-4d5d-8ddd-0277b736a8ae,47.801853,-123.3497685
2021-02-23,2946,d2622ab0-c850-4d5d-8ddd-0277b736a8ae,47.801853,-123.3497685
2021-02-24,4160,d2622ab0-c850-4d5d-8ddd-0277b736a8ae,47.801853,-123.3497685
2021-02-25,4425,d2622ab0-c850-4d5d-8ddd-0277b736a8ae,47.801853,-123.3497685
2021-02-26,1861,d2622ab0-c850-4d5d-8ddd-0277b736a8ae,47.801853,-123.3497685
2021-02-27,6403,d2622ab0-c850-4d5d-8ddd-0277b736a8ae,47.801853,-123.3497685
2021-02-28,8220,d2622ab0-c850-4d5d-8ddd-0277b736a8ae,47.801853,-123.3497685
2021-03-01,1625,d2622ab0-c850-4d5d-8ddd-0277b736a8ae,47.801853,-123.3497685
2021-03-02,8470,d2622ab0-c850-4d5d-8ddd-0277b736a8ae,47.801853,-123.3497685
2021-03-03,7002,d2622ab0-c850-4d5d-8ddd-0277b736a8ae,47.801853,-123.3497685
2021-03-04,1485,d2622ab0-c850-4d5d-8ddd-0277b736a8ae,47.801853,-123.3497685
2021-03-05,3562,d2622ab0-c850-4d5d-8ddd-0277b736a8ae,47.801853,-123.3497685
2021-03-06,2242,d2622ab0-c850-4d5d-8ddd-0277b736a8ae,47.801853,-123.3497685
2021-03-07,5549,d2622ab0-c850-4d5d-8ddd-0277b736a8ae,47.801853,-123.3497685
2021-03-08,6522,d2622ab0-c850-4d5d-8ddd-0277b736a8ae,47.801853,-123.3497685
2021-03-09,5454,d2622ab0-c850-4d5d-8ddd-0277b736a8ae,47.801853,-123.3497685
2021-03-10,6954,d2622ab0-c850-4d5d-8ddd-0277b736a8ae,47.801853,-123.3497685
2021-03-11,7785,d2622ab0-c850-4d5d-8ddd-0277b736a8ae,47.801853,-123.3497685
2021-03-12,5359,d2622ab0-c850-4d5d-8ddd-0277b736a8ae,47.801853,-123.3497685
2021-03-13,3658,d2622ab0-c850-4d5d-8ddd-0277b736a8ae,47.801853,-123.3497685
2021-03-14,5093,d2622ab0-c850-4d5d-8ddd-0277b736a8ae,47.801853,-123.3497685
2021-03-15,5841,d2622ab0-c850-4d5d-8ddd-0277b736a8ae,47.801853,-123.3497685
2021-03-16,6560,d2622ab0-c850-4d5d-8ddd-0277b736a8ae,47.801853,-123.3497685
2021-03-17,5704,d2622ab0-c850-4d5d-8ddd-0277b736a8ae,47.801853,-123.3497685
2021-03-18,5208,d2622ab0-c850-4d5d-8ddd-0277b736a8ae,47.801853,-123.3497685
2021-03-19,4221,d2622ab0-c850-4d5d-8ddd-0277b736a8ae,47.801853,-123.3497685
2021-03-20,5112,d2622ab0-c850-4d5d-8ddd-0277b736a8ae,47.801853,-123.3497685
2021-03-21,1244,d2622ab0-c850-4d5d-8ddd-0277b736a8ae,47.801853,-123.3497685
2021-03-22,1325,d2622ab0-c850-4d5d-8ddd-0277b736a8ae,47.801853,-123.3497685
2021-03-23,7701,d2622ab0-c850-4d5d-8ddd-0277b736a8ae,47.801853,-123.3497685
2021-03-24,2741,d2622ab0-c850-4d5d-8ddd-0277b736a8ae,47.801853,-123.3497685
2021-03-25,5631,d2622ab0-c850-4d5d-8ddd-0277b736a8ae,47.801853,-123.3497685
2021-03-26,2852,d2622ab0-c850-4d5d-8ddd-0277b736a8ae,47.801853,-123.3497685
2021-03-27,8703,d2622ab0-c850-4d5d-8ddd-0277b736a8ae,47.801853,-123.3497685
2021-03-28,4614,d2622ab0-c850-4d5d-8ddd-0277b736a8ae,47.801853,-123.3497685
2021-03-29,6480,d2622ab0-c850-4d5d-8ddd-0277b736a8ae,47.801853,-123.3497685
2021-03-30,8103,d2622ab0-c850-4d5d-8ddd-0277b736a8ae,47.801853,-123.3497685
2021-03-31,8275,d2622ab0-c850-4d5d-8ddd-0277b736a8ae,47.801853,-123.3497685
2021-04-01,7544,d2622ab0-c850-4d5d-8ddd-0277b736a8ae,47.801853,-123.3497685
2021-04-02,5925,d2622ab0-c850-4d5d-8ddd-0277b736a8ae,47.801853,-123.3497685
2021-04-03,2757,d2622ab0-c850-4d5d-8ddd-0277b736a8ae,47.801853,-123.3497685
2021-04-04,7015,d2622ab0-c850-4d5d-8ddd-0277b736a8ae,47.801853,-123.3497685
2021-04-05,7553,d2622ab0-c850-4d5d-8ddd-0277b736a8ae,47.801853,-123.3497685
2021-04-06,6982,d2622ab0-c850-4d5d-8ddd-0277b736a8ae,47.801853,-123.3497685
2021-04-07,2233,d2622ab0-c850-4d5d-8ddd-0277b736a8ae,47.801853,-123.3497685
2021-04-08,4878,d2622ab0-c850-4d5d-8ddd-0277b736a8ae,47.801853,-123.3497685
2021-04-09,6476,d2622ab0-c850-4d5d-8ddd-0277b736a8ae,47.801853,-123.3497685
2021-04-10,6008,d2622ab0-c850-4d5d-8ddd-0277b736a8ae,47.801853,-123.3497685
2021-04-11,6997,d2622ab0-c850-4d5d-8ddd-0277b736a8ae,47.801853,-123.3497685
2021-04-12,8333,d2622ab0-c850-4d5d-8ddd-0277b736a8ae,47.801853,-123.3497685
2021-04-13,7186,d2622ab0-c850-4d5d-8ddd-0277b736a8ae,47.801853,-123.3497685
2021-04-14,8459,d2622ab0-c850-4d5d-8ddd-0277b736a8ae,47.801853,-123.3497685
2021-04-15,8731,d2622ab0-c850-4d5d-8ddd-0277b736a8ae,47.801853,-123.3497685
2021-04-16,7799,d2622ab0-c850-4d5d-8ddd-0277b736a8ae,47.801853,-123.3497685
2021-04-17,8799,d2622ab0-c850-4d5d-8ddd-0277b736a8ae,47.801853,-123.3497685
2021-04-18,7823,d2622ab0-c850-4d5d-8ddd-0277b736a8ae,47.801853,-123.3497685
2021-04-19,7675,d2622ab0-c850-4d5d-8ddd-0277b736a8ae,47.801853,-123.3497685
2021-04-20,7391,d2622ab0-c850-4d5d-8ddd-0277b736a8ae,47.801853,-123.3497685
2021-04-21,7543,d2622ab0-c850-4d5d-8ddd-0277b736a8ae,47.801853,-123.3497685
2021-04-22,8168,d2622ab0-c850-4d5d-8ddd-0277b736a8ae,47.801853,-123.3497685
2021-04-23,5150,d2622ab0-c850-4d5d-8ddd-0277b736a8ae,47.801853,-123.3497685
2021-04-24,6051,d2622ab0-c850-4d5d-8ddd-0277b736a8ae,47.801853,-123.3497685
2021-04-25,3696,d2622ab0-c850-4d5d-8ddd-0277b736a8ae,47.801853,-123.3497685
2021-04-26,3647,d2622ab0-c850-4d5d-8ddd-0277b736a8ae,47.801853,-123.3497685
2021-04-27,3599,d2622ab0-c850-4d5d-8ddd-0277b736a8ae,47.801853,-123.3497685
2021-04-28,6771,d2622ab0-c850-4d5d-8ddd-0277b736a8ae,47.801853,-123.3497685
2021-04-29,5480,d2622ab0-c850-4d5d-8ddd-0277b736a8ae,47.801853,-123.3497685
2021-04-30,2886,d2622ab0-c850-4d5d-8ddd-0277b736a8ae,47.801853,-123.3497685
2021-05-01,8161,d2622ab0-c850-4d5d-8ddd-0277b736a8ae,47.801853,-123.3497685
2021-05-02,8227,d2622ab0-c850-4d5d-8ddd-0277b736a8ae,47.801853,-123.3497685
2021-05-03,2595,d2622ab0-c850-4d5d-8ddd-0277b736a8ae,47.801853,-123.3497685
2021-05-04,7657,d2622ab0-c850-4d5d-8ddd-0277b736a8ae,47.801853,-123.3497685
2021-05-05,6010,d2622ab0-c850-4d5d-8ddd-0277b736a8ae,47.801853,-123.3497685
2021-05-06,2749,d2622ab0-c850-4d5d-8ddd-0277b736a8ae,47.801853,-123.3497685
2021-05-07,4577,d2622ab0-c850-4d5d-8ddd-0277b736a8ae,47.801853,-123.3497685
2021-05-08,1341,d2622ab0-c850-4d5d-8ddd-0277b736a8ae,47.801853,-123.3497685
2021-05-09,1366,d2622ab0-c850-4d5d-8ddd-0277b736a8ae,47.801853,-123.3497685
2021-05-10,7622,d2622ab0-c850-4d5d-8ddd-0277b736a8ae,47.801853,-123.3497685
2021-05-11,5962,d2622ab0-c850-4d5d-8ddd-0277b736a8ae,47.801853,-123.3497685
2021-05-12,4119,d2622ab0-c850-4d5d-8ddd-0277b736a8ae,47.801853,-123.3497685
2021-05-13,8105,d2622ab0-c850-4d5d-8ddd-0277b736a8ae,47.801853,-123.3497685
2021-05-14,7852,d2622ab0-c850-4d5d-8ddd-0277b736a8ae,47.801853,-123.3497685
2021-05-15,8368,d2622ab0-c850-4d5d-8ddd-0277b736a8ae,47.801853,-123.3497685
2021-05-16,5171,d2622ab0-c850-4d5d-8ddd-0277b736a8ae,47.801853,-123.3497685
2021-05-17,3715,d2622ab0-c850-4d5d-8ddd-0277b736a8ae,47.801853,-123.3497685
2021-05-18,4789,d2622ab0-c850-4d5d-8ddd-0277b736a8ae,47.801853,-123.3497685
2021-05-19,2731,d2622ab0-c850-4d5d-8ddd-0277b736a8ae,47.801853,-123.3497685
2021-05-20,1517,d2622ab0-c850-4d5d-8ddd-0277b736a8ae,47.801853,-123.3497685
2021-05-21,5406,d2622ab0-c850-4d5d-8ddd-0277b736a8ae,47.801853,-123.3497685
2021-05-22,8690,d2622ab0-c850-4d5d-8ddd-0277b736a8ae,47.801853,-123.3497685
2021-05-23,3592,d2622ab0-c850-4d5d-8ddd-0277b736a8ae,47.801853,-123.3497685
2021-05-24,2305,d2622ab0-c850-4d5d-8ddd-0277b736a8ae,47.801853,-123.3497685
2021-05-25,1807,d2622ab0-c850-4d5d-8ddd-0277b736a8ae,47.801853,-123.3497685
2021-05-26,5095,d2622ab0-c850-4d5d-8ddd-0277b736a8ae,47.801853,-123.3497685
2021-05-27,6422,d2622ab0-c850-4d5d-8ddd-0277b736a8ae,47.801853,-123.3497685
2021-05-28,5421,d2622ab0-c850-4d5d-8ddd-0277b736a8ae,47.801853,-123.3497685
2021-05-29,8562,d2622ab0-c850-4d5d-8ddd-0277b736a8ae,47.801853,-123.3497685
2021-05-30,4739,d2622ab0-c850-4d5d-8ddd-0277b736a8ae,47.801853,-123.3497685
2021-05-31,2560,d2622ab0-c850-4d5d-8ddd-0277b736a8ae,47.801853,-123.3497685
2021-06-01,3300,d2622ab0-c850-4d5d-8ddd-0277b736a8ae,47.801853,-123.3497685
2021-06-02,6914,d2622ab0-c850-4d5d-8ddd-0277b736a8ae,47.801853,-123.3497685
2021-06-03,6227,d2622ab0-c850-4d5d-8ddd-0277b736a8ae,47.801853,-123.3497685
2021-06-04,1796,d2622ab0-c850-4d5d-8ddd-0277b736a8ae,47.801853,-123.3497685
2021-06-05,1431,d2622ab0-c850-4d5d-8ddd-0277b736a8ae,47.801853,-123.3497685
2021-06-06,5308,d2622ab0-c850-4d5d-8ddd-0277b736a8ae,47.801853,-123.3497685
2021-06-07,2842,d2622ab0-c850-4d5d-8ddd-0277b736a8ae,47.801853,-123.3497685
2021-06-08,1785,d2622ab0-c850-4d5d-8ddd-0277b736a8ae,47.801853,-123.3497685
2021-06-09,3183,d2622ab0-c850-4d5d-8ddd-0277b736a8ae,47.801853,-123.3497685
2021-06-10,3182,d2622ab0-c850-4d5d-8ddd-0277b736a8ae,47.801853,-123.3497685
2021-06-11,4416,d2622ab0-c850-4d5d-8ddd-0277b736a8ae,47.801853,-123.3497685
2021-06-12,3624,d2622ab0-c850-4d5d-8ddd-0277b736a8ae,47.801853,-123.3497685
2021-06-13,5731,d2622ab0-c850-4d5d-8ddd-0277b736a8ae,47.801853,-123.3497685
2021-06-14,3081,d2622ab0-c850-4d5d-8ddd-0277b736a8ae,47.801853,-123.3497685
2021-06-15,3671,d2622ab0-c850-4d5d-8ddd-0277b736a8ae,47.801853,-123.3497685
2021-06-16,7777,d2622ab0-c850-4d5d-8ddd-0277b736a8ae,47.801853,-123.3497685
2021-06-17,4658,d2622ab0-c850-4d5d-8ddd-0277b736a8ae,47.801853,-123.3497685
2021-06-18,5962,d2622ab0-c850-4d5d-8ddd-0277b736a8ae,47.801853,-123.3497685
2021-06-19,1832,d2622ab0-c850-4d5d-8ddd-0277b736a8ae,47.801853,-123.3497685
2021-06-20,2924,d2622ab0-c850-4d5d-8ddd-0277b736a8ae,47.801853,-123.3497685
2021-06-21,7647,d2622ab0-c850-4d5d-8ddd-0277b736a8ae,47.801853,-123.3497685
2021-06-22,603,d2622ab0-c850-4d5d-8ddd-0277b736a8ae,47.801853,-123.3497685
2021-06-23,7322,d2622ab0-c850-4d5d-8ddd-0277b736a8ae,47.801853,-123.3497685
2021-06-24,-1465,d2622ab0-c850-4d5d-8ddd-0277b736a8ae,47.801853,-123.3497685
2021-06-25,4425,d2622ab0-c850-4d5d-8ddd-0277b736a8ae,47.801853,-123.3497685
2021-06-26,-2198,d2622ab0-c850-4d5d-8ddd-0277b736a8ae,47.801853,-123.3497685
2021-06-27,5029,d2622ab0-c850-4d5d-8ddd-0277b736a8ae,47.801853,-123.3497685
2021-06-28,1067,d2622ab0-c850-4d5d-8ddd-0277b736a8ae,47.801853,-123.3497685
2021-06-29,-1311,d2622ab0-c850-4d5d-8ddd-0277b736a8ae,47.801853,-123.3497685
2021-06-30,4052,d2622ab0-c850-4d5d-8ddd-0277b736a8ae,47.801853,-123.3497685
2021-07-01,-2650,d2622ab0-c850-4d5d-8ddd-0277b736a8ae,47.801853,-123.3497685
2021-07-02,2223,d2622ab0-c850-4d5d-8ddd-0277b736a8ae,47.801853,-123.3497685
2021-07-03,-701,d2622ab0-c850-4d5d-8ddd-0277b736a8ae,47.801853,-123.3497685
2021-07-04,1143,d2622ab0-c850-4d5d-8ddd-0277b736a8ae,47.801853,-123.3497685
2021-07-05,-1952,d2622ab0-c850-4d5d-8ddd-0277b736a8ae,47.801853,-123.3497685
2021-07-06,-2016,d2622ab0-c850-4d5d-8ddd-0277b736a8ae,47.801853,-123.3497685
2021-07-07,2304,d2622ab0-c850-4d5d-8ddd-0277b736a8ae,47.801853,-123.3497685
2021-07-08,-2384,d2622ab0-c850-4d5d-8ddd-0277b736a8ae,47.801853,-123.3497685
2021-07-09,603,d2622ab0-c850-4d5d-8ddd-0277b736a8ae,47.801853,-123.3497685
2021-07-10,-2390,d2622ab0-c850-4d5d-8ddd-0277b736a8ae,47.801853,-123.3497685
2021-07-11,306,d2622ab0-c850-4d5d-8ddd-0277b736a8ae,47.801853,-123.3497685
2021-07-12,-1819,d2622ab0-c850-4d5d-8ddd-0277b736a8ae,47.801853,-123.3497685
2021-07-13,-693,d2622ab0-c850-4d5d-8ddd-0277b736a8ae,47.801853,-123.3497685
2021-07-14,-1889,d2622ab0-c850-4d5d-8ddd-0277b736a8ae,47.801853,-123.3497685
2021-07-15,-1875,d2622ab0-c850-4d5d-8ddd-0277b736a8ae,47.801853,-123.3497685
2021-07-16,101,d2622ab0-c850-4d5d-8ddd-0277b736a8ae,47.801853,-123.3497685
2021-07-17,-1471,d2622ab0-c850-4d5d-8ddd-0277b736a8ae,47.801853,-123.3497685
2021-07-18,-498,d2622ab0-c850-4d5d-8ddd-0277b736a8ae,47.801853,-123.3497685
2021-07-19,-2752,d2622ab0-c850-4d5d-8ddd-0277b736a8ae,47.801853,-123.3497685
2021-07-20,-878,d2622ab0-c850-4d5d-8ddd-0277b736a8ae,47.801853,-123.3497685
2021-07-21,-145,d2622ab0-c850-4d5d-8ddd-0277b736a8ae,47.801853,-123.3497685
2021-07-22,-802,d2622ab0-c850-4d5d-8ddd-0277b736a8ae,47.801853,-123.3497685
2021-07-23,1622,d2622ab0-c850-4d5d-8ddd-0277b736a8ae,47.801853,-123.3497685
2021-07-24,-2324,d2622ab0-c850-4d5d-8ddd-0277b736a8ae,47.801853,-123.3497685
2021-07-25,-75,d2622ab0-c850-4d5d-8ddd-0277b736a8ae,47.801853,-123.3497685
2021-07-26,-2057,d2622ab0-c850-4d5d-8ddd-0277b736a8ae,47.801853,-123.3497685
2021-07-27,-723,d2622ab0-c850-4d5d-8ddd-0277b736a8ae,47.801853,-123.3497685
2021-07-28,-369,d2622ab0-c850-4d5d-8ddd-0277b736a8ae,47.801853,-123.3497685
2021-07-29,-1697,d2622ab0-c850-4d5d-8ddd-0277b736a8ae,47.801853,-123.3497685
2021-07-30,-2301,d2622ab0-c850-4d5d-8ddd-0277b736a8ae,47.801853,-123.3497685
2021-07-31,5479,d2622ab0-c850-4d5d-8ddd-0277b736a8ae,47.801853,-123.3497685
2021-08-01,2823,d2622ab0-c850-4d5d-8ddd-0277b736a8ae,47.801853,-123.3497685
2021-08-02,-2684,d2622ab0-c850-4d5d-8ddd-0277b736a8ae,47.801853,-123.3497685
2021-08-03,724,d2622ab0-c850-4d5d-8ddd-0277b736a8ae,47.801853,-123.3497685
2021-08-04,-2921,d2622ab0-c850-4d5d-8ddd-0277b736a8ae,47.801853,-123.3497685
2021-08-05,-1745,d2622ab0-c850-4d5d-8ddd-0277b736a8ae,47.801853,-123.3497685
2021-08-06,-1803,d2622ab0-c850-4d5d-8ddd-0277b736a8ae,47.801853,-123.3497685
2021-08-07,-210,d2622ab0-c850-4d5d-8ddd-0277b736a8ae,47.801853,-123.3497685
2021-08-08,364,d2622ab0-c850-4d5d-8ddd-0277b736a8ae,47.801853,-123.3497685
2021-08-09,-1134,d2622ab0-c850-4d5d-8ddd-0277b736a8ae,47.801853,-123.3497685
2021-08-10,-297,d2622ab0-c850-4d5d-8ddd-0277b736a8ae,47.801853,-123.3497685
2021-08-11,-3465,d2622ab0-c850-4d5d-8ddd-0277b736a8ae,47.801853,-123.3497685
2021-08-12,1298,d2622ab0-c850-4d5d-8ddd-0277b736a8ae,47.801853,-123.3497685
2021-08-13,-2578,d2622ab0-c850-4d5d-8ddd-0277b736a8ae,47.801853,-123.3497685
2021-08-14,2722,d2622ab0-c850-4d5d-8ddd-0277b736a8ae,47.801853,-123.3497685
2021-08-15,-1127,d2622ab0-c850-4d5d-8ddd-0277b736a8ae,47.801853,-123.3497685
2021-08-16,-1782,d2622ab0-c850-4d5d-8ddd-0277b736a8ae,47.801853,-123.3497685
2021-08-17,1368,d2622ab0-c850-4d5d-8ddd-0277b736a8ae,47.801853,-123.3497685
2021-08-18,-3285,d2622ab0-c850-4d5d-8ddd-0277b736a8ae,47.801853,-123.3497685
2021-08-19,42,d2622ab0-c850-4d5d-8ddd-0277b736a8ae,47.801853,-123.3497685
2021-08-20,-200,d2622ab0-c850-4d5d-8ddd-0277b736a8ae,47.801853,-123.3497685
2021-08-21,-441,d2622ab0-c850-4d5d-8ddd-0277b736a8ae,47.801853,-123.3497685
2021-08-22,-1605,d2622ab0-c850-4d5d-8ddd-0277b736a8ae,47.801853,-123.3497685
2021-08-23,-2141,d2622ab0-c850-4d5d-8ddd-0277b736a8ae,47.801853,-123.3497685
2021-08-24,-2025,d2622ab0-c850-4d5d-8ddd-0277b736a8ae,47.801853,-123.3497685
2021-08-25,-2688,d2622ab0-c850-4d5d-8ddd-0277b736a8ae,47.801853,-123.3497685
2021-08-26,1925,d2622ab0-c850-4d5d-8ddd-0277b736a8ae,47.801853,-123.3497685
2021-08-27,440,d2622ab0-c850-4d5d-8ddd-0277b736a8ae,47.801853,-123.3497685
2021-08-28,-1417,d2622ab0-c850-4d5d-8ddd-0277b736a8ae,47.801853,-123.3497685
2021-08-29,-2998,d2622ab0-c850-4d5d-8ddd-0277b736a8ae,47.801853,-123.3497685
2021-08-30,-1195,d2622ab0-c850-4d5d-8ddd-0277b736a8ae,47.801853,-123.3497685
2021-08-31,833,d2622ab0-c850-4d5d-8ddd-0277b736a8ae,47.801853,-123.3497685
2021-09-01,-2508,d2622ab0-c850-4d5d-8ddd-0277b736a8ae,47.801853,-123.3497685
2021-09-02,238,d2622ab0-c850-4d5d-8ddd-0277b736a8ae,47.801853,-123.3497685
2021-09-03,3585,d2622ab0-c850-4d5d-8ddd-0277b736a8ae,47.801853,-123.3497685
2021-09-04,9,d2622ab0-c850-4d5d-8ddd-0277b736a8ae,47.801853,-123.3497685
2021-09-05,560,d2622ab0-c850-4d5d-8ddd-0277b736a8ae,47.801853,-123.3497685
2021-09-06,-1354,d2622ab0-c850-4d5d-8ddd-0277b736a8ae,47.801853,-123.3497685
2021-09-07,-1270,d2622ab0-c850-4d5d-8ddd-0277b736a8ae,47.801853,-123.3497685
2021-09-08,-1680,d2622ab0-c850-4d5d-8ddd-0277b736a8ae,47.801853,-123.3497685
2021-09-09,-2217,d2622ab0-c850-4d5d-8ddd-0277b736a8ae,47.801853,-123.3497685
2021-09-10,-1249,d2622ab0-c850-4d5d-8ddd-0277b736a8ae,47.801853,-123.3497685
2021-09-11,1643,d2622ab0-c850-4d5d-8ddd-0277b736a8ae,47.801853,-123.3497685
2021-09-12,-536,d2622ab0-c850-4d5d-8ddd-0277b736a8ae,47.801853,-123.3497685
2021-09-13,-1204,d2622ab0-c850-4d5d-8ddd-0277b736a8ae,47.801853,-123.3497685
2021-09-14,2233,d2622ab0-c850-4d5d-8ddd-0277b736a8ae,47.801853,-123.3497685
2021-09-15,577,d2622ab0-c850-4d5d-8ddd-0277b736a8ae,47.801853,-123.3497685
2021-09-16,-2017,d2622ab0-c850-4d5d-8ddd-0277b736a8ae,47.801853,-123.3497685
2021-09-17,5969,d2622ab0-c850-4d5d-8ddd-0277b736a8ae,47.801853,-123.3497685
2021-09-18,426,d2622ab0-c850-4d5d-8ddd-0277b736a8ae,47.801853,-123.3497685
2021-09-19,262,d2622ab0-c850-4d5d-8ddd-0277b736a8ae,47.801853,-123.3497685
2021-09-20,189,d2622ab0-c850-4d5d-8ddd-0277b736a8ae,47.801853,-123.3497685
2021-09-21,-2729,d2622ab0-c850-4d5d-8ddd-0277b736a8ae,47.801853,-123.3497685
2021-09-23,-1812,d2622ab0-c850-4d5d-8ddd-0277b736a8ae,47.801853,-123.3497685
2021-09-24,-2704,d2622ab0-c850-4d5d-8ddd-0277b736a8ae,47.801853,-123.3497685
2021-09-25,-2311,d2622ab0-c850-4d5d-8ddd-0277b736a8ae,47.801853,-123.3497685
2021-09-26,3840,d2622ab0-c850-4d5d-8ddd-0277b736a8ae,47.801853,-123.3497685
2021-09-27,4623,d2622ab0-c850-4d5d-8ddd-0277b736a8ae,47.801853,-123.3497685
2021-09-28,2897,d2622ab0-c850-4d5d-8ddd-0277b736a8ae,47.801853,-123.3497685
2021-09-29,3227,d2622ab0-c850-4d5d-8ddd-0277b736a8ae,47.801853,-123.3497685
2021-09-30,3538,d2622ab0-c850-4d5d-8ddd-0277b736a8ae,47.801853,-123.3497685
2021-10-01,-913,d2622ab0-c850-4d5d-8ddd-0277b736a8ae,47.801853,-123.3497685
2021-10-02,-414,d2622ab0-c850-4d5d-8ddd-0277b736a8ae,47.801853,-123.3497685
2021-10-03,-1450,d2622ab0-c850-4d5d-8ddd-0277b736a8ae,47.801853,-123.3497685
2021-10-04,323,d2622ab0-c850-4d5d-8ddd-0277b736a8ae,47.801853,-123.3497685
2021-10-05,4165,d2622ab0-c850-4d5d-8ddd-0277b736a8ae,47.801853,-123.3497685
2021-10-06,1520,d2622ab0-c850-4d5d-8ddd-0277b736a8ae,47.801853,-123.3497685
2021-10-07,-2075,d2622ab0-c850-4d5d-8ddd-0277b736a8ae,47.801853,-123.3497685
2021-10-08,427,d2622ab0-c850-4d5d-8ddd-0277b736a8ae,47.801853,-123.3497685
2021-10-09,760,d2622ab0-c850-4d5d-8ddd-0277b736a8ae,47.801853,-123.3497685
2021-10-10,1674,d2622ab0-c850-4d5d-8ddd-0277b736a8ae,47.801853,-123.3497685
2021-10-11,-873,d2622ab0-c850-4d5d-8ddd-0277b736a8ae,47.801853,-123.3497685
2021-10-12,5287,d2622ab0-c850-4d5d-8ddd-0277b736a8ae,47.801853,-123.3497685
2021-10-13,714,d2622ab0-c850-4d5d-8ddd-0277b736a8ae,47.801853,-123.3497685
2021-10-14,2756,d2622ab0-c850-4d5d-8ddd-0277b736a8ae,47.801853,-123.3497685
2021-10-15,2805,d2622ab0-c850-4d5d-8ddd-0277b736a8ae,47.801853,-123.3497685
2021-10-16,1181,d2622ab0-c850-4d5d-8ddd-0277b736a8ae,47.801853,-123.3497685
2021-10-17,4100,d2622ab0-c850-4d5d-8ddd-0277b736a8ae,47.801853,-123.3497685
2021-10-18,-1041,d2622ab0-c850-4d5d-8ddd-0277b736a8ae,47.801853,-123.3497685
2021-10-19,2408,d2622ab0-c850-4d5d-8ddd-0277b736a8ae,47.801853,-123.3497685
2021-10-20,4933,d2622ab0-c850-4d5d-8ddd-0277b736a8ae,47.801853,-123.3497685
2021-10-21,2798,d2622ab0-c850-4d5d-8ddd-0277b736a8ae,47.801853,-123.3497685
2021-10-22,3113,d2622ab0-c850-4d5d-8ddd-0277b736a8ae,47.801853,-123.3497685
2021-10-23,1622,d2622ab0-c850-4d5d-8ddd-0277b736a8ae,47.801853,-123.3497685
2021-10-24,5563,d2622ab0-c850-4d5d-8ddd-0277b736a8ae,47.801853,-123.3497685
2021-10-25,2972,d2622ab0-c850-4d5d-8ddd-0277b736a8ae,47.801853,-123.3497685
2021-10-26,3988,d2622ab0-c850-4d5d-8ddd-0277b736a8ae,47.801853,-123.3497685
2021-10-27,3149,d2622ab0-c850-4d5d-8ddd-0277b736a8ae,47.801853,-123.3497685
2021-10-28,5329,d2622ab0-c850-4d5d-8ddd-0277b736a8ae,47.801853,-123.3497685
2021-10-29,8382,d2622ab0-c850-4d5d-8ddd-0277b736a8ae,47.801853,-123.3497685
2021-10-30,8110,d2622ab0-c850-4d5d-8ddd-0277b736a8ae,47.801853,-123.3497685
2021-10-31,6180,d2622ab0-c850-4d5d-8ddd-0277b736a8ae,47.801853,-123.3497685
2021-11-01,1864,d2622ab0-c850-4d5d-8ddd-0277b736a8ae,47.801853,-123.3497685
2021-11-02,5054,d2622ab0-c850-4d5d-8ddd-0277b736a8ae,47.801853,-123.3497685
2021-11-03,5540,d2622ab0-c850-4d5d-8ddd-0277b736a8ae,47.801853,-123.3497685
2021-11-04,4927,d2622ab0-c850-4d5d-8ddd-0277b736a8ae,47.801853,-123.3497685
2021-11-05,2922,d2622ab0-c850-4d5d-8ddd-0277b736a8ae,47.801853,-123.3497685
2021-11-06,3830,d2622ab0-c850-4d5d-8ddd-0277b736a8ae,47.801853,-123.3497685
2021-11-07,3899,d2622ab0-c850-4d5d-8ddd-0277b736a8ae,47.801853,-123.3497685
2021-11-08,2007,d2622ab0-c850-4d5d-8ddd-0277b736a8ae,47.801853,-123.3497685
2021-11-09,4371,d2622ab0-c850-4d5d-8ddd-0277b736a8ae,47.801853,-123.3497685
2021-11-10,6115,d2622ab0-c850-4d5d-8ddd-0277b736a8ae,47.801853,-123.3497685
2021-11-11,4359,d2622ab0-c850-4d5d-8ddd-0277b736a8ae,47.801853,-123.3497685
2021-11-12,3574,d2622ab0-c850-4d5d-8ddd-0277b736a8ae,47.801853,-123.3497685
2021-11-13,3664,d2622ab0-c850-4d5d-8ddd-0277b736a8ae,47.801853,-123.3497685
2021-11-14,1928,d2622ab0-c850-4d5d-8ddd-0277b736a8ae,47.801853,-123.3497685
2021-11-15,4897,d2622ab0-c850-4d5d-8ddd-0277b736a8ae,47.801853,-123.3497685
2021-11-16,2865,d2622ab0-c850-4d5d-8ddd-0277b736a8ae,47.801853,-123.3497685
2021-11-17,5867,d2622ab0-c850-4d5d-8ddd-0277b736a8ae,47.801853,-123.3497685
2021-11-18,4145,d2622ab0-c850-4d5d-8ddd-0277b736a8ae,47.801853,-123.3497685
2021-11-19,7193,d2622ab0-c850-4d5d-8ddd-0277b736a8ae,47.801853,-123.3497685
2021-11-20,6967,d2622ab0-c850-4d5d-8ddd-0277b736a8ae,47.801853,-123.3497685
2021-11-21,1010,d2622ab0-c850-4d5d-8ddd-0277b736a8ae,47.801853,-123.3497685
2021-11-22,3120,d2622ab0-c850-4d5d-8ddd-0277b736a8ae,47.801853,-123.3497685
2021-11-23,5640,d2622ab0-c850-4d5d-8ddd-0277b736a8ae,47.801853,-123.3497685
2021-11-24,4573,d2622ab0-c850-4d5d-8ddd-0277b736a8ae,47.801853,-123.3497685
2021-11-25,3872,d2622ab0-c850-4d5d-8ddd-0277b736a8ae,47.801853,-123.3497685
2021-11-26,6315,d2622ab0-c850-4d5d-8ddd-0277b736a8ae,47.801853,-123.3497685
2021-11-27,3046,d2622ab0-c850-4d5d-8ddd-0277b736a8ae,47.801853,-123.3497685
2021-11-28,3316,d2622ab0-c850-4d5d-8ddd-0277b736a8ae,47.801853,-123.3497685
2021-11-29,2809,d2622ab0-c850-4d5d-8ddd-0277b736a8ae,47.801853,-123.3497685
2021-11-30,3166,d2622ab0-c850-4d5d-8ddd-0277b736a8ae,47.801853,-123.3497685
2021-12-01,3028,d2622ab0-c850-4d5d-8ddd-0277b736a8ae,47.801853,-123.3497685
2021-12-02,1320,d2622ab0-c850-4d5d-8ddd-0277b736a8ae,47.801853,-123.3497685
2021-12-03,486,d2622ab0-c850-4d5d-8ddd-0277b736a8ae,47.801853,-123.3497685
2021-12-04,2409,d2622ab0-c850-4d5d-8ddd-0277b736a8ae,47.801853,-123.3497685
2021-12-05,2943,d2622ab0-c850-4d5d-8ddd-0277b736a8ae,47.801853,-123.3497685
2021-12-06,2282,d2622ab0-c850-4d5d-8ddd-0277b736a8ae,47.801853,-123.3497685
2021-12-07,2012,d2622ab0-c850-4d5d-8ddd-0277b736a8ae,47.801853,-123.3497685
2021-12-08,1834,d2622ab0-c850-4d5d-8ddd-0277b736a8ae,47.801853,-123.3497685
2021-12-09,1982,d2622ab0-c850-4d5d-8ddd-0277b736a8ae,47.801853,-123.3497685
2021-12-10,3572,d2622ab0-c850-4d5d-8ddd-0277b736a8ae,47.801853,-123.3497685
2021-12-11,675,d2622ab0-c850-4d5d-8ddd-0277b736a8ae,47.801853,-123.3497685
2021-12-12,4431,d2622ab0-c850-4d5d-8ddd-0277b736a8ae,47.801853,-123.3497685
2021-12-13,2989,d2622ab0-c850-4d5d-8ddd-0277b736a8ae,47.801853,-123.3497685
2021-12-14,3557,d2622ab0-c850-4d5d-8ddd-0277b736a8ae,47.801853,-123.3497685
2021-12-15,5522,d2622ab0-c850-4d5d-8ddd-0277b736a8ae,47.801853,-123.3497685
2021-12-16,1321,d2622ab0-c850-4d5d-8ddd-0277b736a8ae,47.801853,-123.3497685
2021-12-17,2790,d2622ab0-c850-4d5d-8ddd-0277b736a8ae,47.801853,-123.3497685
2021-12-18,3120,d2622ab0-c850-4d5d-8ddd-0277b736a8ae,47.801853,-123.3497685
2021-12-19,7976,d2622ab0-c850-4d5d-8ddd-0277b736a8ae,47.801853,-123.3497685
2021-12-20,2407,d2622ab0-c850-4d5d-8ddd-0277b736a8ae,47.801853,-123.3497685
2021-12-21,6911,d2622ab0-c850-4d5d-8ddd-0277b736a8ae,47.801853,-123.3497685
2021-12-22,5018,d2622ab0-c850-4d5d-8ddd-0277b736a8ae,47.801853,-123.3497685
2021-12-23,1750,d2622ab0-c850-4d5d-8ddd-0277b736a8ae,47.801853,-123.3497685
2021-12-24,3976,d2622ab0-c850-4d5d-8ddd-0277b736a8ae,47.801853,-123.3497685
2021-12-25,3355,d2622ab0-c850-4d5d-8ddd-0277b736a8ae,47.801853,-123.3497685
2021-12-26,6002,d2622ab0-c850-4d5d-8ddd-0277b736a8ae,47.801853,-123.3497685
2021-12-27,4135,d2622ab0-c850-4d5d-8ddd-0277b736a8ae,47.801853,-123.3497685
2021-12-28,3286,d2622ab0-c850-4d5d-8ddd-0277b736a8ae,47.801853,-123.3497685
2021-12-29,7370,d2622ab0-c850-4d5d-8ddd-0277b736a8ae,47.801853,-123.3497685
2021-12-30,5693,d2622ab0-c850-4d5d-8ddd-0277b736a8ae,47.801853,-123.3497685
