date,mod10a1_ndsi,cell_id,latitude,longitude
2020-01-01,-3895,ccb0a41f-7631-445d-b2e8-0b8bb7b8c809,37.0777755,-119.6576925
2020-01-02,-1104,ccb0a41f-7631-445d-b2e8-0b8bb7b8c809,37.0777755,-119.6576925
2020-01-03,-1751,ccb0a41f-7631-445d-b2e8-0b8bb7b8c809,37.0777755,-119.6576925
2020-01-04,-1580,ccb0a41f-7631-445d-b2e8-0b8bb7b8c809,37.0777755,-119.6576925
2020-01-05,-2686,ccb0a41f-7631-445d-b2e8-0b8bb7b8c809,37.0777755,-119.6576925
2020-01-06,-291,ccb0a41f-7631-445d-b2e8-0b8bb7b8c809,37.0777755,-119.6576925
2020-01-07,169,ccb0a41f-7631-445d-b2e8-0b8bb7b8c809,37.0777755,-119.6576925
2020-01-08,1299,ccb0a41f-7631-445d-b2e8-0b8bb7b8c809,37.0777755,-119.6576925
2020-01-09,-3,ccb0a41f-7631-445d-b2e8-0b8bb7b8c809,37.0777755,-119.6576925
2020-01-10,-3508,ccb0a41f-7631-445d-b2e8-0b8bb7b8c809,37.0777755,-119.6576925
2020-01-11,-3120,ccb0a41f-7631-445d-b2e8-0b8bb7b8c809,37.0777755,-119.6576925
2020-01-12,-593,ccb0a41f-7631-445d-b2e8-0b8bb7b8c809,37.0777755,-119.6576925
2020-01-13,-3935,ccb0a41f-7631-445d-b2e8-0b8bb7b8c809,37.0777755,-119.6576925
2020-01-14,-1690,ccb0a41f-7631-445d-b2e8-0b8bb7b8c809,37.0777755,-119.6576925
2020-01-15,-4179,ccb0a41f-7631-445d-b2e8-0b8bb7b8c809,37.0777755,-119.6576925
2020-01-16,-2629,ccb0a41f-7631-445d-b2e8-0b8bb7b8c809,37.0777755,-119.6576925
2020-01-17,-1946,ccb0a41f-7631-445d-b2e8-0b8bb7b8c809,37.0777755,-119.6576925
2020-01-18,452,ccb0a41f-7631-445d-b2e8-0b8bb7b8c809,37.0777755,-119.6576925
2020-01-19,2432,ccb0a41f-7631-445d-b2e8-0b8bb7b8c809,37.0777755,-119.6576925
2020-01-20,560,ccb0a41f-7631-445d-b2e8-0b8bb7b8c809,37.0777755,-119.6576925
2020-01-21,-1522,ccb0a41f-7631-445d-b2e8-0b8bb7b8c809,37.0777755,-119.6576925
2020-01-22,-3812,ccb0a41f-7631-445d-b2e8-0b8bb7b8c809,37.0777755,-119.6576925
2020-01-23,702,ccb0a41f-7631-445d-b2e8-0b8bb7b8c809,37.0777755,-119.6576925
2020-01-24,763,ccb0a41f-7631-445d-b2e8-0b8bb7b8c809,37.0777755,-119.6576925
2020-01-25,1291,ccb0a41f-7631-445d-b2e8-0b8bb7b8c809,37.0777755,-119.6576925
2020-01-26,2139,ccb0a41f-7631-445d-b2e8-0b8bb7b8c809,37.0777755,-119.6576925
2020-01-27,-2991,ccb0a41f-7631-445d-b2e8-0b8bb7b8c809,37.0777755,-119.6576925
2020-01-28,154,ccb0a41f-7631-445d-b2e8-0b8bb7b8c809,37.0777755,-119.6576925
2020-01-29,540,ccb0a41f-7631-445d-b2e8-0b8bb7b8c809,37.0777755,-119.6576925
2020-01-30,1486,ccb0a41f-7631-445d-b2e8-0b8bb7b8c809,37.0777755,-119.6576925
2020-01-31,-2044,ccb0a41f-7631-445d-b2e8-0b8bb7b8c809,37.0777755,-119.6576925
2020-02-01,-2689,ccb0a41f-7631-445d-b2e8-0b8bb7b8c809,37.0777755,-119.6576925
2020-02-02,-385,ccb0a41f-7631-445d-b2e8-0b8bb7b8c809,37.0777755,-119.6576925
2020-02-03,-3738,ccb0a41f-7631-445d-b2e8-0b8bb7b8c809,37.0777755,-119.6576925
2020-02-04,-3843,ccb0a41f-7631-445d-b2e8-0b8bb7b8c809,37.0777755,-119.6576925
2020-02-05,-3230,ccb0a41f-7631-445d-b2e8-0b8bb7b8c809,37.0777755,-119.6576925
2020-02-06,-3468,ccb0a41f-7631-445d-b2e8-0b8bb7b8c809,37.0777755,-119.6576925
2020-02-07,-4435,ccb0a41f-7631-445d-b2e8-0b8bb7b8c809,37.0777755,-119.6576925
2020-02-08,-2488,ccb0a41f-7631-445d-b2e8-0b8bb7b8c809,37.0777755,-119.6576925
2020-02-09,-1503,ccb0a41f-7631-445d-b2e8-0b8bb7b8c809,37.0777755,-119.6576925
2020-02-10,-3328,ccb0a41f-7631-445d-b2e8-0b8bb7b8c809,37.0777755,-119.6576925
2020-02-11,-4142,ccb0a41f-7631-445d-b2e8-0b8bb7b8c809,37.0777755,-119.6576925
2020-02-12,-4098,ccb0a41f-7631-445d-b2e8-0b8bb7b8c809,37.0777755,-119.6576925
2020-02-13,-4043,ccb0a41f-7631-445d-b2e8-0b8bb7b8c809,37.0777755,-119.6576925
2020-02-14,-4267,ccb0a41f-7631-445d-b2e8-0b8bb7b8c809,37.0777755,-119.6576925
2020-02-15,-287,ccb0a41f-7631-445d-b2e8-0b8bb7b8c809,37.0777755,-119.6576925
2020-02-16,-4403,ccb0a41f-7631-445d-b2e8-0b8bb7b8c809,37.0777755,-119.6576925
2020-02-17,-2167,ccb0a41f-7631-445d-b2e8-0b8bb7b8c809,37.0777755,-119.6576925
2020-02-18,-4330,ccb0a41f-7631-445d-b2e8-0b8bb7b8c809,37.0777755,-119.6576925
2020-02-19,-3481,ccb0a41f-7631-445d-b2e8-0b8bb7b8c809,37.0777755,-119.6576925
2020-02-20,-3915,ccb0a41f-7631-445d-b2e8-0b8bb7b8c809,37.0777755,-119.6576925
2020-02-21,-3048,ccb0a41f-7631-445d-b2e8-0b8bb7b8c809,37.0777755,-119.6576925
2020-02-22,-151,ccb0a41f-7631-445d-b2e8-0b8bb7b8c809,37.0777755,-119.6576925
2020-02-23,-4380,ccb0a41f-7631-445d-b2e8-0b8bb7b8c809,37.0777755,-119.6576925
2020-02-24,-1711,ccb0a41f-7631-445d-b2e8-0b8bb7b8c809,37.0777755,-119.6576925
2020-02-25,-4434,ccb0a41f-7631-445d-b2e8-0b8bb7b8c809,37.0777755,-119.6576925
2020-02-26,-3454,ccb0a41f-7631-445d-b2e8-0b8bb7b8c809,37.0777755,-119.6576925
2020-02-27,-3834,ccb0a41f-7631-445d-b2e8-0b8bb7b8c809,37.0777755,-119.6576925
2020-02-28,-1518,ccb0a41f-7631-445d-b2e8-0b8bb7b8c809,37.0777755,-119.6576925
2020-02-29,-2098,ccb0a41f-7631-445d-b2e8-0b8bb7b8c809,37.0777755,-119.6576925
2020-03-01,-793,ccb0a41f-7631-445d-b2e8-0b8bb7b8c809,37.0777755,-119.6576925
2020-03-02,-3719,ccb0a41f-7631-445d-b2e8-0b8bb7b8c809,37.0777755,-119.6576925
2020-03-03,-4673,ccb0a41f-7631-445d-b2e8-0b8bb7b8c809,37.0777755,-119.6576925
2020-03-04,-2790,ccb0a41f-7631-445d-b2e8-0b8bb7b8c809,37.0777755,-119.6576925
2020-03-05,-3372,ccb0a41f-7631-445d-b2e8-0b8bb7b8c809,37.0777755,-119.6576925
2020-03-06,-3208,ccb0a41f-7631-445d-b2e8-0b8bb7b8c809,37.0777755,-119.6576925
2020-03-07,3274,ccb0a41f-7631-445d-b2e8-0b8bb7b8c809,37.0777755,-119.6576925
2020-03-08,-212,ccb0a41f-7631-445d-b2e8-0b8bb7b8c809,37.0777755,-119.6576925
2020-03-09,-2327,ccb0a41f-7631-445d-b2e8-0b8bb7b8c809,37.0777755,-119.6576925
2020-03-10,-2507,ccb0a41f-7631-445d-b2e8-0b8bb7b8c809,37.0777755,-119.6576925
2020-03-11,-2839,ccb0a41f-7631-445d-b2e8-0b8bb7b8c809,37.0777755,-119.6576925
2020-03-12,-4486,ccb0a41f-7631-445d-b2e8-0b8bb7b8c809,37.0777755,-119.6576925
2020-03-13,-1351,ccb0a41f-7631-445d-b2e8-0b8bb7b8c809,37.0777755,-119.6576925
2020-03-14,1733,ccb0a41f-7631-445d-b2e8-0b8bb7b8c809,37.0777755,-119.6576925
2020-03-15,5117,ccb0a41f-7631-445d-b2e8-0b8bb7b8c809,37.0777755,-119.6576925
2020-03-16,5189,ccb0a41f-7631-445d-b2e8-0b8bb7b8c809,37.0777755,-119.6576925
2020-03-17,-3479,ccb0a41f-7631-445d-b2e8-0b8bb7b8c809,37.0777755,-119.6576925
2020-03-18,-3400,ccb0a41f-7631-445d-b2e8-0b8bb7b8c809,37.0777755,-119.6576925
2020-03-19,29,ccb0a41f-7631-445d-b2e8-0b8bb7b8c809,37.0777755,-119.6576925
2020-03-20,-3037,ccb0a41f-7631-445d-b2e8-0b8bb7b8c809,37.0777755,-119.6576925
2020-03-21,4657,ccb0a41f-7631-445d-b2e8-0b8bb7b8c809,37.0777755,-119.6576925
2020-03-22,-2893,ccb0a41f-7631-445d-b2e8-0b8bb7b8c809,37.0777755,-119.6576925
2020-03-23,-1298,ccb0a41f-7631-445d-b2e8-0b8bb7b8c809,37.0777755,-119.6576925
2020-03-24,1113,ccb0a41f-7631-445d-b2e8-0b8bb7b8c809,37.0777755,-119.6576925
2020-03-25,-740,ccb0a41f-7631-445d-b2e8-0b8bb7b8c809,37.0777755,-119.6576925
2020-03-26,1253,ccb0a41f-7631-445d-b2e8-0b8bb7b8c809,37.0777755,-119.6576925
2020-03-27,-2007,ccb0a41f-7631-445d-b2e8-0b8bb7b8c809,37.0777755,-119.6576925
2020-03-28,4634,ccb0a41f-7631-445d-b2e8-0b8bb7b8c809,37.0777755,-119.6576925
2020-03-29,1181,ccb0a41f-7631-445d-b2e8-0b8bb7b8c809,37.0777755,-119.6576925
2020-03-30,-3827,ccb0a41f-7631-445d-b2e8-0b8bb7b8c809,37.0777755,-119.6576925
2020-03-31,-3400,ccb0a41f-7631-445d-b2e8-0b8bb7b8c809,37.0777755,-119.6576925
2020-04-01,-3514,ccb0a41f-7631-445d-b2e8-0b8bb7b8c809,37.0777755,-119.6576925
2020-04-02,-3819,ccb0a41f-7631-445d-b2e8-0b8bb7b8c809,37.0777755,-119.6576925
2020-04-03,-1601,ccb0a41f-7631-445d-b2e8-0b8bb7b8c809,37.0777755,-119.6576925
2020-04-04,-1648,ccb0a41f-7631-445d-b2e8-0b8bb7b8c809,37.0777755,-119.6576925
2020-04-05,4625,ccb0a41f-7631-445d-b2e8-0b8bb7b8c809,37.0777755,-119.6576925
2020-04-06,-414,ccb0a41f-7631-445d-b2e8-0b8bb7b8c809,37.0777755,-119.6576925
2020-04-07,-2067,ccb0a41f-7631-445d-b2e8-0b8bb7b8c809,37.0777755,-119.6576925
2020-04-08,649,ccb0a41f-7631-445d-b2e8-0b8bb7b8c809,37.0777755,-119.6576925
2020-04-09,-1923,ccb0a41f-7631-445d-b2e8-0b8bb7b8c809,37.0777755,-119.6576925
2020-04-10,-1950,ccb0a41f-7631-445d-b2e8-0b8bb7b8c809,37.0777755,-119.6576925
2020-04-11,-3186,ccb0a41f-7631-445d-b2e8-0b8bb7b8c809,37.0777755,-119.6576925
2020-04-12,-1220,ccb0a41f-7631-445d-b2e8-0b8bb7b8c809,37.0777755,-119.6576925
2020-04-13,-477,ccb0a41f-7631-445d-b2e8-0b8bb7b8c809,37.0777755,-119.6576925
2020-04-14,-2520,ccb0a41f-7631-445d-b2e8-0b8bb7b8c809,37.0777755,-119.6576925
2020-04-15,-3547,ccb0a41f-7631-445d-b2e8-0b8bb7b8c809,37.0777755,-119.6576925
2020-04-16,-3092,ccb0a41f-7631-445d-b2e8-0b8bb7b8c809,37.0777755,-119.6576925
2020-04-17,-2911,ccb0a41f-7631-445d-b2e8-0b8bb7b8c809,37.0777755,-119.6576925
2020-04-18,6,ccb0a41f-7631-445d-b2e8-0b8bb7b8c809,37.0777755,-119.6576925
2020-04-19,-702,ccb0a41f-7631-445d-b2e8-0b8bb7b8c809,37.0777755,-119.6576925
2020-04-20,6268,ccb0a41f-7631-445d-b2e8-0b8bb7b8c809,37.0777755,-119.6576925
2020-04-21,-672,ccb0a41f-7631-445d-b2e8-0b8bb7b8c809,37.0777755,-119.6576925
2020-04-22,-3683,ccb0a41f-7631-445d-b2e8-0b8bb7b8c809,37.0777755,-119.6576925
2020-04-23,-2757,ccb0a41f-7631-445d-b2e8-0b8bb7b8c809,37.0777755,-119.6576925
2020-04-24,-3454,ccb0a41f-7631-445d-b2e8-0b8bb7b8c809,37.0777755,-119.6576925
2020-04-25,-2786,ccb0a41f-7631-445d-b2e8-0b8bb7b8c809,37.0777755,-119.6576925
2020-04-26,-1479,ccb0a41f-7631-445d-b2e8-0b8bb7b8c809,37.0777755,-119.6576925
2020-04-27,-3983,ccb0a41f-7631-445d-b2e8-0b8bb7b8c809,37.0777755,-119.6576925
2020-04-28,-2341,ccb0a41f-7631-445d-b2e8-0b8bb7b8c809,37.0777755,-119.6576925
2020-04-29,-4092,ccb0a41f-7631-445d-b2e8-0b8bb7b8c809,37.0777755,-119.6576925
2020-04-30,-3501,ccb0a41f-7631-445d-b2e8-0b8bb7b8c809,37.0777755,-119.6576925
2020-05-01,-4205,ccb0a41f-7631-445d-b2e8-0b8bb7b8c809,37.0777755,-119.6576925
2020-05-02,-4190,ccb0a41f-7631-445d-b2e8-0b8bb7b8c809,37.0777755,-119.6576925
2020-05-03,-3786,ccb0a41f-7631-445d-b2e8-0b8bb7b8c809,37.0777755,-119.6576925
2020-05-04,-4730,ccb0a41f-7631-445d-b2e8-0b8bb7b8c809,37.0777755,-119.6576925
2020-05-05,-3609,ccb0a41f-7631-445d-b2e8-0b8bb7b8c809,37.0777755,-119.6576925
2020-05-06,-1888,ccb0a41f-7631-445d-b2e8-0b8bb7b8c809,37.0777755,-119.6576925
2020-05-07,-2976,ccb0a41f-7631-445d-b2e8-0b8bb7b8c809,37.0777755,-119.6576925
2020-05-08,-4655,ccb0a41f-7631-445d-b2e8-0b8bb7b8c809,37.0777755,-119.6576925
2020-05-09,-4093,ccb0a41f-7631-445d-b2e8-0b8bb7b8c809,37.0777755,-119.6576925
2020-05-10,-4497,ccb0a41f-7631-445d-b2e8-0b8bb7b8c809,37.0777755,-119.6576925
2020-05-11,-4760,ccb0a41f-7631-445d-b2e8-0b8bb7b8c809,37.0777755,-119.6576925
2020-05-12,-2003,ccb0a41f-7631-445d-b2e8-0b8bb7b8c809,37.0777755,-119.6576925
2020-05-13,-4950,ccb0a41f-7631-445d-b2e8-0b8bb7b8c809,37.0777755,-119.6576925
2020-05-14,-1651,ccb0a41f-7631-445d-b2e8-0b8bb7b8c809,37.0777755,-119.6576925
2020-05-15,-4987,ccb0a41f-7631-445d-b2e8-0b8bb7b8c809,37.0777755,-119.6576925
2020-05-16,-3672,ccb0a41f-7631-445d-b2e8-0b8bb7b8c809,37.0777755,-119.6576925
2020-05-17,-1428,ccb0a41f-7631-445d-b2e8-0b8bb7b8c809,37.0777755,-119.6576925
2020-05-18,270,ccb0a41f-7631-445d-b2e8-0b8bb7b8c809,37.0777755,-119.6576925
2020-05-19,751,ccb0a41f-7631-445d-b2e8-0b8bb7b8c809,37.0777755,-119.6576925
2020-05-20,-3748,ccb0a41f-7631-445d-b2e8-0b8bb7b8c809,37.0777755,-119.6576925
2020-05-21,-4068,ccb0a41f-7631-445d-b2e8-0b8bb7b8c809,37.0777755,-119.6576925
2020-05-22,-4579,ccb0a41f-7631-445d-b2e8-0b8bb7b8c809,37.0777755,-119.6576925
2020-05-23,-4078,ccb0a41f-7631-445d-b2e8-0b8bb7b8c809,37.0777755,-119.6576925
2020-05-24,-4978,ccb0a41f-7631-445d-b2e8-0b8bb7b8c809,37.0777755,-119.6576925
2020-05-25,-4638,ccb0a41f-7631-445d-b2e8-0b8bb7b8c809,37.0777755,-119.6576925
2020-05-26,-4667,ccb0a41f-7631-445d-b2e8-0b8bb7b8c809,37.0777755,-119.6576925
2020-05-27,-4850,ccb0a41f-7631-445d-b2e8-0b8bb7b8c809,37.0777755,-119.6576925
2020-05-28,-4352,ccb0a41f-7631-445d-b2e8-0b8bb7b8c809,37.0777755,-119.6576925
2020-05-29,-4737,ccb0a41f-7631-445d-b2e8-0b8bb7b8c809,37.0777755,-119.6576925
2020-05-30,-3850,ccb0a41f-7631-445d-b2e8-0b8bb7b8c809,37.0777755,-119.6576925
2020-05-31,-4769,ccb0a41f-7631-445d-b2e8-0b8bb7b8c809,37.0777755,-119.6576925
2020-06-01,267,ccb0a41f-7631-445d-b2e8-0b8bb7b8c809,37.0777755,-119.6576925
2020-06-02,-4650,ccb0a41f-7631-445d-b2e8-0b8bb7b8c809,37.0777755,-119.6576925
2020-06-03,-4768,ccb0a41f-7631-445d-b2e8-0b8bb7b8c809,37.0777755,-119.6576925
2020-06-04,-4397,ccb0a41f-7631-445d-b2e8-0b8bb7b8c809,37.0777755,-119.6576925
2020-06-05,2096,ccb0a41f-7631-445d-b2e8-0b8bb7b8c809,37.0777755,-119.6576925
2020-06-06,-3989,ccb0a41f-7631-445d-b2e8-0b8bb7b8c809,37.0777755,-119.6576925
2020-06-07,-5081,ccb0a41f-7631-445d-b2e8-0b8bb7b8c809,37.0777755,-119.6576925
2020-06-08,-4483,ccb0a41f-7631-445d-b2e8-0b8bb7b8c809,37.0777755,-119.6576925
2020-06-09,-4875,ccb0a41f-7631-445d-b2e8-0b8bb7b8c809,37.0777755,-119.6576925
2020-06-10,-4658,ccb0a41f-7631-445d-b2e8-0b8bb7b8c809,37.0777755,-119.6576925
2020-06-11,-4682,ccb0a41f-7631-445d-b2e8-0b8bb7b8c809,37.0777755,-119.6576925
2020-06-12,-4771,ccb0a41f-7631-445d-b2e8-0b8bb7b8c809,37.0777755,-119.6576925
2020-06-13,-4472,ccb0a41f-7631-445d-b2e8-0b8bb7b8c809,37.0777755,-119.6576925
2020-06-14,-4952,ccb0a41f-7631-445d-b2e8-0b8bb7b8c809,37.0777755,-119.6576925
2020-06-15,-4089,ccb0a41f-7631-445d-b2e8-0b8bb7b8c809,37.0777755,-119.6576925
2020-06-16,-5292,ccb0a41f-7631-445d-b2e8-0b8bb7b8c809,37.0777755,-119.6576925
2020-06-17,-4786,ccb0a41f-7631-445d-b2e8-0b8bb7b8c809,37.0777755,-119.6576925
2020-06-18,-5027,ccb0a41f-7631-445d-b2e8-0b8bb7b8c809,37.0777755,-119.6576925
2020-06-19,-4966,ccb0a41f-7631-445d-b2e8-0b8bb7b8c809,37.0777755,-119.6576925
2020-06-20,-4677,ccb0a41f-7631-445d-b2e8-0b8bb7b8c809,37.0777755,-119.6576925
2020-06-21,-4981,ccb0a41f-7631-445d-b2e8-0b8bb7b8c809,37.0777755,-119.6576925
2020-06-22,-4327,ccb0a41f-7631-445d-b2e8-0b8bb7b8c809,37.0777755,-119.6576925
2020-06-23,-4970,ccb0a41f-7631-445d-b2e8-0b8bb7b8c809,37.0777755,-119.6576925
2020-06-24,-308,ccb0a41f-7631-445d-b2e8-0b8bb7b8c809,37.0777755,-119.6576925
2020-06-25,-4883,ccb0a41f-7631-445d-b2e8-0b8bb7b8c809,37.0777755,-119.6576925
2020-06-26,-4607,ccb0a41f-7631-445d-b2e8-0b8bb7b8c809,37.0777755,-119.6576925
2020-06-27,-4687,ccb0a41f-7631-445d-b2e8-0b8bb7b8c809,37.0777755,-119.6576925
2020-06-28,-5122,ccb0a41f-7631-445d-b2e8-0b8bb7b8c809,37.0777755,-119.6576925
2020-06-29,-4551,ccb0a41f-7631-445d-b2e8-0b8bb7b8c809,37.0777755,-119.6576925
2020-06-30,-5016,ccb0a41f-7631-445d-b2e8-0b8bb7b8c809,37.0777755,-119.6576925
2020-07-01,-4162,ccb0a41f-7631-445d-b2e8-0b8bb7b8c809,37.0777755,-119.6576925
2020-07-02,-5002,ccb0a41f-7631-445d-b2e8-0b8bb7b8c809,37.0777755,-119.6576925
2020-07-03,-4357,ccb0a41f-7631-445d-b2e8-0b8bb7b8c809,37.0777755,-119.6576925
2020-07-04,-4868,ccb0a41f-7631-445d-b2e8-0b8bb7b8c809,37.0777755,-119.6576925
2020-07-05,-4887,ccb0a41f-7631-445d-b2e8-0b8bb7b8c809,37.0777755,-119.6576925
2020-07-06,-4583,ccb0a41f-7631-445d-b2e8-0b8bb7b8c809,37.0777755,-119.6576925
2020-07-07,-5040,ccb0a41f-7631-445d-b2e8-0b8bb7b8c809,37.0777755,-119.6576925
2020-07-08,-4443,ccb0a41f-7631-445d-b2e8-0b8bb7b8c809,37.0777755,-119.6576925
2020-07-09,-4881,ccb0a41f-7631-445d-b2e8-0b8bb7b8c809,37.0777755,-119.6576925
2020-07-10,-4263,ccb0a41f-7631-445d-b2e8-0b8bb7b8c809,37.0777755,-119.6576925
2020-07-11,-4895,ccb0a41f-7631-445d-b2e8-0b8bb7b8c809,37.0777755,-119.6576925
2020-07-12,-4649,ccb0a41f-7631-445d-b2e8-0b8bb7b8c809,37.0777755,-119.6576925
2020-07-13,-4723,ccb0a41f-7631-445d-b2e8-0b8bb7b8c809,37.0777755,-119.6576925
2020-07-14,-4887,ccb0a41f-7631-445d-b2e8-0b8bb7b8c809,37.0777755,-119.6576925
2020-07-15,-4254,ccb0a41f-7631-445d-b2e8-0b8bb7b8c809,37.0777755,-119.6576925
2020-07-16,-4896,ccb0a41f-7631-445d-b2e8-0b8bb7b8c809,37.0777755,-119.6576925
2020-07-17,-3653,ccb0a41f-7631-445d-b2e8-0b8bb7b8c809,37.0777755,-119.6576925
2020-07-18,-4886,ccb0a41f-7631-445d-b2e8-0b8bb7b8c809,37.0777755,-119.6576925
2020-07-19,-4408,ccb0a41f-7631-445d-b2e8-0b8bb7b8c809,37.0777755,-119.6576925
2020-07-20,-4708,ccb0a41f-7631-445d-b2e8-0b8bb7b8c809,37.0777755,-119.6576925
2020-07-21,84,ccb0a41f-7631-445d-b2e8-0b8bb7b8c809,37.0777755,-119.6576925
2020-07-22,-4559,ccb0a41f-7631-445d-b2e8-0b8bb7b8c809,37.0777755,-119.6576925
2020-07-23,-4795,ccb0a41f-7631-445d-b2e8-0b8bb7b8c809,37.0777755,-119.6576925
2020-07-24,-4111,ccb0a41f-7631-445d-b2e8-0b8bb7b8c809,37.0777755,-119.6576925
2020-07-25,-4816,ccb0a41f-7631-445d-b2e8-0b8bb7b8c809,37.0777755,-119.6576925
2020-07-26,-3848,ccb0a41f-7631-445d-b2e8-0b8bb7b8c809,37.0777755,-119.6576925
2020-07-27,-4777,ccb0a41f-7631-445d-b2e8-0b8bb7b8c809,37.0777755,-119.6576925
2020-07-28,-4506,ccb0a41f-7631-445d-b2e8-0b8bb7b8c809,37.0777755,-119.6576925
2020-07-29,-4534,ccb0a41f-7631-445d-b2e8-0b8bb7b8c809,37.0777755,-119.6576925
2020-07-30,-4724,ccb0a41f-7631-445d-b2e8-0b8bb7b8c809,37.0777755,-119.6576925
2020-07-31,-4484,ccb0a41f-7631-445d-b2e8-0b8bb7b8c809,37.0777755,-119.6576925
2020-08-01,-4997,ccb0a41f-7631-445d-b2e8-0b8bb7b8c809,37.0777755,-119.6576925
2020-08-02,-3187,ccb0a41f-7631-445d-b2e8-0b8bb7b8c809,37.0777755,-119.6576925
2020-08-03,-4937,ccb0a41f-7631-445d-b2e8-0b8bb7b8c809,37.0777755,-119.6576925
2020-08-04,-4336,ccb0a41f-7631-445d-b2e8-0b8bb7b8c809,37.0777755,-119.6576925
2020-08-05,-4748,ccb0a41f-7631-445d-b2e8-0b8bb7b8c809,37.0777755,-119.6576925
2020-08-06,-4833,ccb0a41f-7631-445d-b2e8-0b8bb7b8c809,37.0777755,-119.6576925
2020-08-07,-4457,ccb0a41f-7631-445d-b2e8-0b8bb7b8c809,37.0777755,-119.6576925
2020-08-08,-4878,ccb0a41f-7631-445d-b2e8-0b8bb7b8c809,37.0777755,-119.6576925
2020-08-09,-4248,ccb0a41f-7631-445d-b2e8-0b8bb7b8c809,37.0777755,-119.6576925
2020-08-10,-4956,ccb0a41f-7631-445d-b2e8-0b8bb7b8c809,37.0777755,-119.6576925
2020-08-11,-4100,ccb0a41f-7631-445d-b2e8-0b8bb7b8c809,37.0777755,-119.6576925
2020-08-12,-4883,ccb0a41f-7631-445d-b2e8-0b8bb7b8c809,37.0777755,-119.6576925
2020-08-13,3420,ccb0a41f-7631-445d-b2e8-0b8bb7b8c809,37.0777755,-119.6576925
2020-08-14,-4694,ccb0a41f-7631-445d-b2e8-0b8bb7b8c809,37.0777755,-119.6576925
2020-08-15,-840,ccb0a41f-7631-445d-b2e8-0b8bb7b8c809,37.0777755,-119.6576925
2020-08-16,-4198,ccb0a41f-7631-445d-b2e8-0b8bb7b8c809,37.0777755,-119.6576925
2020-08-17,-4826,ccb0a41f-7631-445d-b2e8-0b8bb7b8c809,37.0777755,-119.6576925
2020-08-18,1525,ccb0a41f-7631-445d-b2e8-0b8bb7b8c809,37.0777755,-119.6576925
2020-08-19,-4415,ccb0a41f-7631-445d-b2e8-0b8bb7b8c809,37.0777755,-119.6576925
2020-08-20,456,ccb0a41f-7631-445d-b2e8-0b8bb7b8c809,37.0777755,-119.6576925
2020-08-21,-4140,ccb0a41f-7631-445d-b2e8-0b8bb7b8c809,37.0777755,-119.6576925
2020-08-22,-2573,ccb0a41f-7631-445d-b2e8-0b8bb7b8c809,37.0777755,-119.6576925
2020-08-23,-2114,ccb0a41f-7631-445d-b2e8-0b8bb7b8c809,37.0777755,-119.6576925
2020-08-24,-2494,ccb0a41f-7631-445d-b2e8-0b8bb7b8c809,37.0777755,-119.6576925
2020-08-25,-3253,ccb0a41f-7631-445d-b2e8-0b8bb7b8c809,37.0777755,-119.6576925
2020-08-26,-4608,ccb0a41f-7631-445d-b2e8-0b8bb7b8c809,37.0777755,-119.6576925
2020-08-27,-3081,ccb0a41f-7631-445d-b2e8-0b8bb7b8c809,37.0777755,-119.6576925
2020-08-28,-4697,ccb0a41f-7631-445d-b2e8-0b8bb7b8c809,37.0777755,-119.6576925
2020-08-29,-4410,ccb0a41f-7631-445d-b2e8-0b8bb7b8c809,37.0777755,-119.6576925
2020-08-30,-4409,ccb0a41f-7631-445d-b2e8-0b8bb7b8c809,37.0777755,-119.6576925
2020-08-31,-3269,ccb0a41f-7631-445d-b2e8-0b8bb7b8c809,37.0777755,-119.6576925
2020-09-01,-3751,ccb0a41f-7631-445d-b2e8-0b8bb7b8c809,37.0777755,-119.6576925
2020-09-02,-4357,ccb0a41f-7631-445d-b2e8-0b8bb7b8c809,37.0777755,-119.6576925
2020-09-03,-2436,ccb0a41f-7631-445d-b2e8-0b8bb7b8c809,37.0777755,-119.6576925
2020-09-04,-4692,ccb0a41f-7631-445d-b2e8-0b8bb7b8c809,37.0777755,-119.6576925
2020-09-05,-1864,ccb0a41f-7631-445d-b2e8-0b8bb7b8c809,37.0777755,-119.6576925
2020-09-06,-555,ccb0a41f-7631-445d-b2e8-0b8bb7b8c809,37.0777755,-119.6576925
2020-09-07,-1050,ccb0a41f-7631-445d-b2e8-0b8bb7b8c809,37.0777755,-119.6576925
2020-09-08,-1830,ccb0a41f-7631-445d-b2e8-0b8bb7b8c809,37.0777755,-119.6576925
2020-09-09,-142,ccb0a41f-7631-445d-b2e8-0b8bb7b8c809,37.0777755,-119.6576925
2020-09-10,-855,ccb0a41f-7631-445d-b2e8-0b8bb7b8c809,37.0777755,-119.6576925
2020-09-11,-384,ccb0a41f-7631-445d-b2e8-0b8bb7b8c809,37.0777755,-119.6576925
2020-09-12,907,ccb0a41f-7631-445d-b2e8-0b8bb7b8c809,37.0777755,-119.6576925
2020-09-13,470,ccb0a41f-7631-445d-b2e8-0b8bb7b8c809,37.0777755,-119.6576925
2020-09-14,1674,ccb0a41f-7631-445d-b2e8-0b8bb7b8c809,37.0777755,-119.6576925
2020-09-15,-780,ccb0a41f-7631-445d-b2e8-0b8bb7b8c809,37.0777755,-119.6576925
2020-09-16,1135,ccb0a41f-7631-445d-b2e8-0b8bb7b8c809,37.0777755,-119.6576925
2020-09-17,960,ccb0a41f-7631-445d-b2e8-0b8bb7b8c809,37.0777755,-119.6576925
2020-09-18,-156,ccb0a41f-7631-445d-b2e8-0b8bb7b8c809,37.0777755,-119.6576925
2020-09-19,-1281,ccb0a41f-7631-445d-b2e8-0b8bb7b8c809,37.0777755,-119.6576925
2020-09-20,-2283,ccb0a41f-7631-445d-b2e8-0b8bb7b8c809,37.0777755,-119.6576925
2020-09-21,-1716,ccb0a41f-7631-445d-b2e8-0b8bb7b8c809,37.0777755,-119.6576925
2020-09-22,-2800,ccb0a41f-7631-445d-b2e8-0b8bb7b8c809,37.0777755,-119.6576925
2020-09-23,-2263,ccb0a41f-7631-445d-b2e8-0b8bb7b8c809,37.0777755,-119.6576925
2020-09-24,-3561,ccb0a41f-7631-445d-b2e8-0b8bb7b8c809,37.0777755,-119.6576925
2020-09-25,-4099,ccb0a41f-7631-445d-b2e8-0b8bb7b8c809,37.0777755,-119.6576925
2020-09-26,-3848,ccb0a41f-7631-445d-b2e8-0b8bb7b8c809,37.0777755,-119.6576925
2020-09-27,-2770,ccb0a41f-7631-445d-b2e8-0b8bb7b8c809,37.0777755,-119.6576925
2020-09-28,-1098,ccb0a41f-7631-445d-b2e8-0b8bb7b8c809,37.0777755,-119.6576925
2020-09-29,-3971,ccb0a41f-7631-445d-b2e8-0b8bb7b8c809,37.0777755,-119.6576925
2020-09-30,955,ccb0a41f-7631-445d-b2e8-0b8bb7b8c809,37.0777755,-119.6576925
2020-10-01,-2546,ccb0a41f-7631-445d-b2e8-0b8bb7b8c809,37.0777755,-119.6576925
2020-10-02,-1153,ccb0a41f-7631-445d-b2e8-0b8bb7b8c809,37.0777755,-119.6576925
2020-10-03,-903,ccb0a41f-7631-445d-b2e8-0b8bb7b8c809,37.0777755,-119.6576925
2020-10-04,-965,ccb0a41f-7631-445d-b2e8-0b8bb7b8c809,37.0777755,-119.6576925
2020-10-05,423,ccb0a41f-7631-445d-b2e8-0b8bb7b8c809,37.0777755,-119.6576925
2020-10-06,-1038,ccb0a41f-7631-445d-b2e8-0b8bb7b8c809,37.0777755,-119.6576925
2020-10-07,-93,ccb0a41f-7631-445d-b2e8-0b8bb7b8c809,37.0777755,-119.6576925
2020-10-08,1239,ccb0a41f-7631-445d-b2e8-0b8bb7b8c809,37.0777755,-119.6576925
2020-10-09,598,ccb0a41f-7631-445d-b2e8-0b8bb7b8c809,37.0777755,-119.6576925
2020-10-10,-3466,ccb0a41f-7631-445d-b2e8-0b8bb7b8c809,37.0777755,-119.6576925
2020-10-11,-4639,ccb0a41f-7631-445d-b2e8-0b8bb7b8c809,37.0777755,-119.6576925
2020-10-12,-3350,ccb0a41f-7631-445d-b2e8-0b8bb7b8c809,37.0777755,-119.6576925
2020-10-13,-4357,ccb0a41f-7631-445d-b2e8-0b8bb7b8c809,37.0777755,-119.6576925
2020-10-14,-2464,ccb0a41f-7631-445d-b2e8-0b8bb7b8c809,37.0777755,-119.6576925
2020-10-15,-3639,ccb0a41f-7631-445d-b2e8-0b8bb7b8c809,37.0777755,-119.6576925
2020-10-16,-2704,ccb0a41f-7631-445d-b2e8-0b8bb7b8c809,37.0777755,-119.6576925
2020-10-17,-1288,ccb0a41f-7631-445d-b2e8-0b8bb7b8c809,37.0777755,-119.6576925
2020-10-18,-2085,ccb0a41f-7631-445d-b2e8-0b8bb7b8c809,37.0777755,-119.6576925
2020-10-19,-1631,ccb0a41f-7631-445d-b2e8-0b8bb7b8c809,37.0777755,-119.6576925
2020-10-20,-1044,ccb0a41f-7631-445d-b2e8-0b8bb7b8c809,37.0777755,-119.6576925
2020-10-21,744,ccb0a41f-7631-445d-b2e8-0b8bb7b8c809,37.0777755,-119.6576925
2020-10-22,-2738,ccb0a41f-7631-445d-b2e8-0b8bb7b8c809,37.0777755,-119.6576925
2020-10-23,-45,ccb0a41f-7631-445d-b2e8-0b8bb7b8c809,37.0777755,-119.6576925
2020-10-24,-3143,ccb0a41f-7631-445d-b2e8-0b8bb7b8c809,37.0777755,-119.6576925
2020-10-25,-3651,ccb0a41f-7631-445d-b2e8-0b8bb7b8c809,37.0777755,-119.6576925
2020-10-26,-951,ccb0a41f-7631-445d-b2e8-0b8bb7b8c809,37.0777755,-119.6576925
2020-10-27,-2807,ccb0a41f-7631-445d-b2e8-0b8bb7b8c809,37.0777755,-119.6576925
2020-10-28,-3091,ccb0a41f-7631-445d-b2e8-0b8bb7b8c809,37.0777755,-119.6576925
2020-10-29,-3962,ccb0a41f-7631-445d-b2e8-0b8bb7b8c809,37.0777755,-119.6576925
2020-10-30,-441,ccb0a41f-7631-445d-b2e8-0b8bb7b8c809,37.0777755,-119.6576925
2020-10-31,-4009,ccb0a41f-7631-445d-b2e8-0b8bb7b8c809,37.0777755,-119.6576925
2020-11-01,988,ccb0a41f-7631-445d-b2e8-0b8bb7b8c809,37.0777755,-119.6576925
2020-11-02,-2764,ccb0a41f-7631-445d-b2e8-0b8bb7b8c809,37.0777755,-119.6576925
2020-11-03,-2866,ccb0a41f-7631-445d-b2e8-0b8bb7b8c809,37.0777755,-119.6576925
2020-11-04,-2451,ccb0a41f-7631-445d-b2e8-0b8bb7b8c809,37.0777755,-119.6576925
2020-11-05,-3489,ccb0a41f-7631-445d-b2e8-0b8bb7b8c809,37.0777755,-119.6576925
2020-11-06,-787,ccb0a41f-7631-445d-b2e8-0b8bb7b8c809,37.0777755,-119.6576925
2020-11-07,-1490,ccb0a41f-7631-445d-b2e8-0b8bb7b8c809,37.0777755,-119.6576925
2020-11-08,4105,ccb0a41f-7631-445d-b2e8-0b8bb7b8c809,37.0777755,-119.6576925
2020-11-09,-4302,ccb0a41f-7631-445d-b2e8-0b8bb7b8c809,37.0777755,-119.6576925
2020-11-10,-4299,ccb0a41f-7631-445d-b2e8-0b8bb7b8c809,37.0777755,-119.6576925
2020-11-11,-4231,ccb0a41f-7631-445d-b2e8-0b8bb7b8c809,37.0777755,-119.6576925
2020-11-12,-3119,ccb0a41f-7631-445d-b2e8-0b8bb7b8c809,37.0777755,-119.6576925
2020-11-13,-230,ccb0a41f-7631-445d-b2e8-0b8bb7b8c809,37.0777755,-119.6576925
2020-11-14,-4619,ccb0a41f-7631-445d-b2e8-0b8bb7b8c809,37.0777755,-119.6576925
2020-11-15,-3224,ccb0a41f-7631-445d-b2e8-0b8bb7b8c809,37.0777755,-119.6576925
2020-11-16,-4687,ccb0a41f-7631-445d-b2e8-0b8bb7b8c809,37.0777755,-119.6576925
2020-11-17,2157,ccb0a41f-7631-445d-b2e8-0b8bb7b8c809,37.0777755,-119.6576925
2020-11-18,1939,ccb0a41f-7631-445d-b2e8-0b8bb7b8c809,37.0777755,-119.6576925
2020-11-19,-3965,ccb0a41f-7631-445d-b2e8-0b8bb7b8c809,37.0777755,-119.6576925
2020-11-20,827,ccb0a41f-7631-445d-b2e8-0b8bb7b8c809,37.0777755,-119.6576925
2020-11-21,-2481,ccb0a41f-7631-445d-b2e8-0b8bb7b8c809,37.0777755,-119.6576925
2020-11-22,-2115,ccb0a41f-7631-445d-b2e8-0b8bb7b8c809,37.0777755,-119.6576925
2020-11-23,-4301,ccb0a41f-7631-445d-b2e8-0b8bb7b8c809,37.0777755,-119.6576925
2020-11-24,-2373,ccb0a41f-7631-445d-b2e8-0b8bb7b8c809,37.0777755,-119.6576925
2020-11-25,-4215,ccb0a41f-7631-445d-b2e8-0b8bb7b8c809,37.0777755,-119.6576925
2020-11-26,-3946,ccb0a41f-7631-445d-b2e8-0b8bb7b8c809,37.0777755,-119.6576925
2020-11-27,-4234,ccb0a41f-7631-445d-b2e8-0b8bb7b8c809,37.0777755,-119.6576925
2020-11-28,-4472,ccb0a41f-7631-445d-b2e8-0b8bb7b8c809,37.0777755,-119.6576925
2020-11-29,-3125,ccb0a41f-7631-445d-b2e8-0b8bb7b8c809,37.0777755,-119.6576925
2020-11-30,-4649,ccb0a41f-7631-445d-b2e8-0b8bb7b8c809,37.0777755,-119.6576925
2020-12-01,-2510,ccb0a41f-7631-445d-b2e8-0b8bb7b8c809,37.0777755,-119.6576925
2020-12-02,-4402,ccb0a41f-7631-445d-b2e8-0b8bb7b8c809,37.0777755,-119.6576925
2020-12-03,-3884,ccb0a41f-7631-445d-b2e8-0b8bb7b8c809,37.0777755,-119.6576925
2020-12-04,-4286,ccb0a41f-7631-445d-b2e8-0b8bb7b8c809,37.0777755,-119.6576925
2020-12-05,-4430,ccb0a41f-7631-445d-b2e8-0b8bb7b8c809,37.0777755,-119.6576925
2020-12-06,-3295,ccb0a41f-7631-445d-b2e8-0b8bb7b8c809,37.0777755,-119.6576925
2020-12-07,-4451,ccb0a41f-7631-445d-b2e8-0b8bb7b8c809,37.0777755,-119.6576925
2020-12-08,-2450,ccb0a41f-7631-445d-b2e8-0b8bb7b8c809,37.0777755,-119.6576925
2020-12-09,-4709,ccb0a41f-7631-445d-b2e8-0b8bb7b8c809,37.0777755,-119.6576925
2020-12-10,-2434,ccb0a41f-7631-445d-b2e8-0b8bb7b8c809,37.0777755,-119.6576925
2020-12-11,823,ccb0a41f-7631-445d-b2e8-0b8bb7b8c809,37.0777755,-119.6576925
2020-12-12,-238,ccb0a41f-7631-445d-b2e8-0b8bb7b8c809,37.0777755,-119.6576925
2020-12-13,4133,ccb0a41f-7631-445d-b2e8-0b8bb7b8c809,37.0777755,-119.6576925
2020-12-14,-2556,ccb0a41f-7631-445d-b2e8-0b8bb7b8c809,37.0777755,-119.6576925
2020-12-15,-2870,ccb0a41f-7631-445d-b2e8-0b8bb7b8c809,37.0777755,-119.6576925
2020-12-16,-2451,ccb0a41f-7631-445d-b2e8-0b8bb7b8c809,37.0777755,-119.6576925
2020-12-17,280,ccb0a41f-7631-445d-b2e8-0b8bb7b8c809,37.0777755,-119.6576925
2020-12-18,-3572,ccb0a41f-7631-445d-b2e8-0b8bb7b8c809,37.0777755,-119.6576925
2020-12-19,-3075,ccb0a41f-7631-445d-b2e8-0b8bb7b8c809,37.0777755,-119.6576925
2020-12-20,-3611,ccb0a41f-7631-445d-b2e8-0b8bb7b8c809,37.0777755,-119.6576925
2020-12-21,-3448,ccb0a41f-7631-445d-b2e8-0b8bb7b8c809,37.0777755,-119.6576925
2020-12-22,-885,ccb0a41f-7631-445d-b2e8-0b8bb7b8c809,37.0777755,-119.6576925
2020-12-23,-228,ccb0a41f-7631-445d-b2e8-0b8bb7b8c809,37.0777755,-119.6576925
2020-12-24,1309,ccb0a41f-7631-445d-b2e8-0b8bb7b8c809,37.0777755,-119.6576925
2020-12-25,3409,ccb0a41f-7631-445d-b2e8-0b8bb7b8c809,37.0777755,-119.6576925
2020-12-26,1145,ccb0a41f-7631-445d-b2e8-0b8bb7b8c809,37.0777755,-119.6576925
2020-12-27,1568,ccb0a41f-7631-445d-b2e8-0b8bb7b8c809,37.0777755,-119.6576925
2020-12-28,-797,ccb0a41f-7631-445d-b2e8-0b8bb7b8c809,37.0777755,-119.6576925
2020-12-29,-3483,ccb0a41f-7631-445d-b2e8-0b8bb7b8c809,37.0777755,-119.6576925
2020-12-30,-3241,ccb0a41f-7631-445d-b2e8-0b8bb7b8c809,37.0777755,-119.6576925
2020-12-31,-2424,ccb0a41f-7631-445d-b2e8-0b8bb7b8c809,37.0777755,-119.6576925
2021-01-01,-4239,ccb0a41f-7631-445d-b2e8-0b8bb7b8c809,37.0777755,-119.6576925
2021-01-02,668,ccb0a41f-7631-445d-b2e8-0b8bb7b8c809,37.0777755,-119.6576925
2021-01-03,-3730,ccb0a41f-7631-445d-b2e8-0b8bb7b8c809,37.0777755,-119.6576925
2021-01-04,-159,ccb0a41f-7631-445d-b2e8-0b8bb7b8c809,37.0777755,-119.6576925
2021-01-05,-3641,ccb0a41f-7631-445d-b2e8-0b8bb7b8c809,37.0777755,-119.6576925
2021-01-06,-1329,ccb0a41f-7631-445d-b2e8-0b8bb7b8c809,37.0777755,-119.6576925
2021-01-07,2577,ccb0a41f-7631-445d-b2e8-0b8bb7b8c809,37.0777755,-119.6576925
2021-01-08,-3486,ccb0a41f-7631-445d-b2e8-0b8bb7b8c809,37.0777755,-119.6576925
2021-01-09,-490,ccb0a41f-7631-445d-b2e8-0b8bb7b8c809,37.0777755,-119.6576925
2021-01-10,-4139,ccb0a41f-7631-445d-b2e8-0b8bb7b8c809,37.0777755,-119.6576925
2021-01-11,-2334,ccb0a41f-7631-445d-b2e8-0b8bb7b8c809,37.0777755,-119.6576925
2021-01-12,1220,ccb0a41f-7631-445d-b2e8-0b8bb7b8c809,37.0777755,-119.6576925
2021-01-13,-3041,ccb0a41f-7631-445d-b2e8-0b8bb7b8c809,37.0777755,-119.6576925
2021-01-14,-3221,ccb0a41f-7631-445d-b2e8-0b8bb7b8c809,37.0777755,-119.6576925
2021-01-15,-4480,ccb0a41f-7631-445d-b2e8-0b8bb7b8c809,37.0777755,-119.6576925
2021-01-16,-2800,ccb0a41f-7631-445d-b2e8-0b8bb7b8c809,37.0777755,-119.6576925
2021-01-17,-4534,ccb0a41f-7631-445d-b2e8-0b8bb7b8c809,37.0777755,-119.6576925
2021-01-18,-2371,ccb0a41f-7631-445d-b2e8-0b8bb7b8c809,37.0777755,-119.6576925
2021-01-19,-4621,ccb0a41f-7631-445d-b2e8-0b8bb7b8c809,37.0777755,-119.6576925
2021-01-20,-3853,ccb0a41f-7631-445d-b2e8-0b8bb7b8c809,37.0777755,-119.6576925
2021-01-21,-4131,ccb0a41f-7631-445d-b2e8-0b8bb7b8c809,37.0777755,-119.6576925
2021-01-22,450,ccb0a41f-7631-445d-b2e8-0b8bb7b8c809,37.0777755,-119.6576925
2021-01-23,-3426,ccb0a41f-7631-445d-b2e8-0b8bb7b8c809,37.0777755,-119.6576925
2021-01-24,-903,ccb0a41f-7631-445d-b2e8-0b8bb7b8c809,37.0777755,-119.6576925
2021-01-25,-362,ccb0a41f-7631-445d-b2e8-0b8bb7b8c809,37.0777755,-119.6576925
2021-01-26,-4264,ccb0a41f-7631-445d-b2e8-0b8bb7b8c809,37.0777755,-119.6576925
2021-01-27,3761,ccb0a41f-7631-445d-b2e8-0b8bb7b8c809,37.0777755,-119.6576925
2021-01-28,5236,ccb0a41f-7631-445d-b2e8-0b8bb7b8c809,37.0777755,-119.6576925
2021-01-29,328,ccb0a41f-7631-445d-b2e8-0b8bb7b8c809,37.0777755,-119.6576925
2021-01-30,-3449,ccb0a41f-7631-445d-b2e8-0b8bb7b8c809,37.0777755,-119.6576925
2021-01-31,-4416,ccb0a41f-7631-445d-b2e8-0b8bb7b8c809,37.0777755,-119.6576925
2021-02-01,-2143,ccb0a41f-7631-445d-b2e8-0b8bb7b8c809,37.0777755,-119.6576925
2021-02-02,-3646,ccb0a41f-7631-445d-b2e8-0b8bb7b8c809,37.0777755,-119.6576925
2021-02-03,-1173,ccb0a41f-7631-445d-b2e8-0b8bb7b8c809,37.0777755,-119.6576925
2021-02-04,-4186,ccb0a41f-7631-445d-b2e8-0b8bb7b8c809,37.0777755,-119.6576925
2021-02-05,-3654,ccb0a41f-7631-445d-b2e8-0b8bb7b8c809,37.0777755,-119.6576925
2021-02-06,-3947,ccb0a41f-7631-445d-b2e8-0b8bb7b8c809,37.0777755,-119.6576925
2021-02-07,-4013,ccb0a41f-7631-445d-b2e8-0b8bb7b8c809,37.0777755,-119.6576925
2021-02-08,-351,ccb0a41f-7631-445d-b2e8-0b8bb7b8c809,37.0777755,-119.6576925
2021-02-09,-3509,ccb0a41f-7631-445d-b2e8-0b8bb7b8c809,37.0777755,-119.6576925
2021-02-10,-355,ccb0a41f-7631-445d-b2e8-0b8bb7b8c809,37.0777755,-119.6576925
2021-02-11,964,ccb0a41f-7631-445d-b2e8-0b8bb7b8c809,37.0777755,-119.6576925
2021-02-12,209,ccb0a41f-7631-445d-b2e8-0b8bb7b8c809,37.0777755,-119.6576925
2021-02-13,3460,ccb0a41f-7631-445d-b2e8-0b8bb7b8c809,37.0777755,-119.6576925
2021-02-14,-293,ccb0a41f-7631-445d-b2e8-0b8bb7b8c809,37.0777755,-119.6576925
2021-02-15,2908,ccb0a41f-7631-445d-b2e8-0b8bb7b8c809,37.0777755,-119.6576925
2021-02-16,134,ccb0a41f-7631-445d-b2e8-0b8bb7b8c809,37.0777755,-119.6576925
2021-02-17,-3055,ccb0a41f-7631-445d-b2e8-0b8bb7b8c809,37.0777755,-119.6576925
2021-02-19,-2769,ccb0a41f-7631-445d-b2e8-0b8bb7b8c809,37.0777755,-119.6576925
2021-02-20,-4347,ccb0a41f-7631-445d-b2e8-0b8bb7b8c809,37.0777755,-119.6576925
2021-02-21,-3871,ccb0a41f-7631-445d-b2e8-0b8bb7b8c809,37.0777755,-119.6576925
2021-02-22,-4107,ccb0a41f-7631-445d-b2e8-0b8bb7b8c809,37.0777755,-119.6576925
2021-02-23,-1003,ccb0a41f-7631-445d-b2e8-0b8bb7b8c809,37.0777755,-119.6576925
2021-02-24,-3556,ccb0a41f-7631-445d-b2e8-0b8bb7b8c809,37.0777755,-119.6576925
2021-02-25,-4149,ccb0a41f-7631-445d-b2e8-0b8bb7b8c809,37.0777755,-119.6576925
2021-02-26,-2660,ccb0a41f-7631-445d-b2e8-0b8bb7b8c809,37.0777755,-119.6576925
2021-02-27,-4552,ccb0a41f-7631-445d-b2e8-0b8bb7b8c809,37.0777755,-119.6576925
2021-02-28,-3454,ccb0a41f-7631-445d-b2e8-0b8bb7b8c809,37.0777755,-119.6576925
2021-03-01,-4236,ccb0a41f-7631-445d-b2e8-0b8bb7b8c809,37.0777755,-119.6576925
2021-03-02,-3751,ccb0a41f-7631-445d-b2e8-0b8bb7b8c809,37.0777755,-119.6576925
2021-03-03,1730,ccb0a41f-7631-445d-b2e8-0b8bb7b8c809,37.0777755,-119.6576925
2021-03-04,-4300,ccb0a41f-7631-445d-b2e8-0b8bb7b8c809,37.0777755,-119.6576925
2021-03-05,-3445,ccb0a41f-7631-445d-b2e8-0b8bb7b8c809,37.0777755,-119.6576925
2021-03-06,-3891,ccb0a41f-7631-445d-b2e8-0b8bb7b8c809,37.0777755,-119.6576925
2021-03-07,-959,ccb0a41f-7631-445d-b2e8-0b8bb7b8c809,37.0777755,-119.6576925
2021-03-08,-3349,ccb0a41f-7631-445d-b2e8-0b8bb7b8c809,37.0777755,-119.6576925
2021-03-09,1671,ccb0a41f-7631-445d-b2e8-0b8bb7b8c809,37.0777755,-119.6576925
2021-03-10,3231,ccb0a41f-7631-445d-b2e8-0b8bb7b8c809,37.0777755,-119.6576925
2021-03-11,967,ccb0a41f-7631-445d-b2e8-0b8bb7b8c809,37.0777755,-119.6576925
2021-03-12,-2670,ccb0a41f-7631-445d-b2e8-0b8bb7b8c809,37.0777755,-119.6576925
2021-03-13,-4223,ccb0a41f-7631-445d-b2e8-0b8bb7b8c809,37.0777755,-119.6576925
2021-03-14,687,ccb0a41f-7631-445d-b2e8-0b8bb7b8c809,37.0777755,-119.6576925
2021-03-15,-1721,ccb0a41f-7631-445d-b2e8-0b8bb7b8c809,37.0777755,-119.6576925
2021-03-16,165,ccb0a41f-7631-445d-b2e8-0b8bb7b8c809,37.0777755,-119.6576925
2021-03-17,-3612,ccb0a41f-7631-445d-b2e8-0b8bb7b8c809,37.0777755,-119.6576925
2021-03-18,-1285,ccb0a41f-7631-445d-b2e8-0b8bb7b8c809,37.0777755,-119.6576925
2021-03-19,1238,ccb0a41f-7631-445d-b2e8-0b8bb7b8c809,37.0777755,-119.6576925
2021-03-20,-2527,ccb0a41f-7631-445d-b2e8-0b8bb7b8c809,37.0777755,-119.6576925
2021-03-21,-2935,ccb0a41f-7631-445d-b2e8-0b8bb7b8c809,37.0777755,-119.6576925
2021-03-22,-3887,ccb0a41f-7631-445d-b2e8-0b8bb7b8c809,37.0777755,-119.6576925
2021-03-23,-2101,ccb0a41f-7631-445d-b2e8-0b8bb7b8c809,37.0777755,-119.6576925
2021-03-24,-3271,ccb0a41f-7631-445d-b2e8-0b8bb7b8c809,37.0777755,-119.6576925
2021-03-25,-2499,ccb0a41f-7631-445d-b2e8-0b8bb7b8c809,37.0777755,-119.6576925
2021-03-26,-3396,ccb0a41f-7631-445d-b2e8-0b8bb7b8c809,37.0777755,-119.6576925
2021-03-27,-3800,ccb0a41f-7631-445d-b2e8-0b8bb7b8c809,37.0777755,-119.6576925
2021-03-28,-3194,ccb0a41f-7631-445d-b2e8-0b8bb7b8c809,37.0777755,-119.6576925
2021-03-29,-3874,ccb0a41f-7631-445d-b2e8-0b8bb7b8c809,37.0777755,-119.6576925
2021-03-30,-2083,ccb0a41f-7631-445d-b2e8-0b8bb7b8c809,37.0777755,-119.6576925
2021-03-31,-3841,ccb0a41f-7631-445d-b2e8-0b8bb7b8c809,37.0777755,-119.6576925
2021-04-01,-2876,ccb0a41f-7631-445d-b2e8-0b8bb7b8c809,37.0777755,-119.6576925
2021-04-02,-3616,ccb0a41f-7631-445d-b2e8-0b8bb7b8c809,37.0777755,-119.6576925
2021-04-03,-3325,ccb0a41f-7631-445d-b2e8-0b8bb7b8c809,37.0777755,-119.6576925
2021-04-04,-2871,ccb0a41f-7631-445d-b2e8-0b8bb7b8c809,37.0777755,-119.6576925
2021-04-05,-3485,ccb0a41f-7631-445d-b2e8-0b8bb7b8c809,37.0777755,-119.6576925
2021-04-06,-2252,ccb0a41f-7631-445d-b2e8-0b8bb7b8c809,37.0777755,-119.6576925
2021-04-07,-1880,ccb0a41f-7631-445d-b2e8-0b8bb7b8c809,37.0777755,-119.6576925
2021-04-08,-2278,ccb0a41f-7631-445d-b2e8-0b8bb7b8c809,37.0777755,-119.6576925
2021-04-09,-3000,ccb0a41f-7631-445d-b2e8-0b8bb7b8c809,37.0777755,-119.6576925
2021-04-10,-2930,ccb0a41f-7631-445d-b2e8-0b8bb7b8c809,37.0777755,-119.6576925
2021-04-11,-3054,ccb0a41f-7631-445d-b2e8-0b8bb7b8c809,37.0777755,-119.6576925
2021-04-12,-3586,ccb0a41f-7631-445d-b2e8-0b8bb7b8c809,37.0777755,-119.6576925
2021-04-13,-2707,ccb0a41f-7631-445d-b2e8-0b8bb7b8c809,37.0777755,-119.6576925
2021-04-14,-3809,ccb0a41f-7631-445d-b2e8-0b8bb7b8c809,37.0777755,-119.6576925
2021-04-15,-2183,ccb0a41f-7631-445d-b2e8-0b8bb7b8c809,37.0777755,-119.6576925
2021-04-16,-4092,ccb0a41f-7631-445d-b2e8-0b8bb7b8c809,37.0777755,-119.6576925
2021-04-17,-2920,ccb0a41f-7631-445d-b2e8-0b8bb7b8c809,37.0777755,-119.6576925
2021-04-18,-4040,ccb0a41f-7631-445d-b2e8-0b8bb7b8c809,37.0777755,-119.6576925
2021-04-19,-3340,ccb0a41f-7631-445d-b2e8-0b8bb7b8c809,37.0777755,-119.6576925
2021-04-20,-434,ccb0a41f-7631-445d-b2e8-0b8bb7b8c809,37.0777755,-119.6576925
2021-04-21,-3661,ccb0a41f-7631-445d-b2e8-0b8bb7b8c809,37.0777755,-119.6576925
2021-04-22,-1600,ccb0a41f-7631-445d-b2e8-0b8bb7b8c809,37.0777755,-119.6576925
2021-04-23,-4434,ccb0a41f-7631-445d-b2e8-0b8bb7b8c809,37.0777755,-119.6576925
2021-04-24,-2038,ccb0a41f-7631-445d-b2e8-0b8bb7b8c809,37.0777755,-119.6576925
2021-04-25,5106,ccb0a41f-7631-445d-b2e8-0b8bb7b8c809,37.0777755,-119.6576925
2021-04-26,-3836,ccb0a41f-7631-445d-b2e8-0b8bb7b8c809,37.0777755,-119.6576925
2021-04-27,-4348,ccb0a41f-7631-445d-b2e8-0b8bb7b8c809,37.0777755,-119.6576925
2021-04-28,-4606,ccb0a41f-7631-445d-b2e8-0b8bb7b8c809,37.0777755,-119.6576925
2021-04-29,-3815,ccb0a41f-7631-445d-b2e8-0b8bb7b8c809,37.0777755,-119.6576925
2021-04-30,-4673,ccb0a41f-7631-445d-b2e8-0b8bb7b8c809,37.0777755,-119.6576925
2021-05-01,-3473,ccb0a41f-7631-445d-b2e8-0b8bb7b8c809,37.0777755,-119.6576925
2021-05-02,-4658,ccb0a41f-7631-445d-b2e8-0b8bb7b8c809,37.0777755,-119.6576925
2021-05-03,-4147,ccb0a41f-7631-445d-b2e8-0b8bb7b8c809,37.0777755,-119.6576925
2021-05-04,-4649,ccb0a41f-7631-445d-b2e8-0b8bb7b8c809,37.0777755,-119.6576925
2021-05-05,-4644,ccb0a41f-7631-445d-b2e8-0b8bb7b8c809,37.0777755,-119.6576925
2021-05-06,-3999,ccb0a41f-7631-445d-b2e8-0b8bb7b8c809,37.0777755,-119.6576925
2021-05-07,-4928,ccb0a41f-7631-445d-b2e8-0b8bb7b8c809,37.0777755,-119.6576925
2021-05-08,-3931,ccb0a41f-7631-445d-b2e8-0b8bb7b8c809,37.0777755,-119.6576925
2021-05-09,-4493,ccb0a41f-7631-445d-b2e8-0b8bb7b8c809,37.0777755,-119.6576925
2021-05-10,-4135,ccb0a41f-7631-445d-b2e8-0b8bb7b8c809,37.0777755,-119.6576925
2021-05-11,-4877,ccb0a41f-7631-445d-b2e8-0b8bb7b8c809,37.0777755,-119.6576925
2021-05-12,-4719,ccb0a41f-7631-445d-b2e8-0b8bb7b8c809,37.0777755,-119.6576925
2021-05-13,-4619,ccb0a41f-7631-445d-b2e8-0b8bb7b8c809,37.0777755,-119.6576925
2021-05-14,-4662,ccb0a41f-7631-445d-b2e8-0b8bb7b8c809,37.0777755,-119.6576925
2021-05-15,-4367,ccb0a41f-7631-445d-b2e8-0b8bb7b8c809,37.0777755,-119.6576925
2021-05-16,-4895,ccb0a41f-7631-445d-b2e8-0b8bb7b8c809,37.0777755,-119.6576925
2021-05-17,-3666,ccb0a41f-7631-445d-b2e8-0b8bb7b8c809,37.0777755,-119.6576925
2021-05-18,-4968,ccb0a41f-7631-445d-b2e8-0b8bb7b8c809,37.0777755,-119.6576925
2021-05-19,-4604,ccb0a41f-7631-445d-b2e8-0b8bb7b8c809,37.0777755,-119.6576925
2021-05-20,-4821,ccb0a41f-7631-445d-b2e8-0b8bb7b8c809,37.0777755,-119.6576925
2021-05-21,-3184,ccb0a41f-7631-445d-b2e8-0b8bb7b8c809,37.0777755,-119.6576925
2021-05-22,-949,ccb0a41f-7631-445d-b2e8-0b8bb7b8c809,37.0777755,-119.6576925
2021-05-23,-5024,ccb0a41f-7631-445d-b2e8-0b8bb7b8c809,37.0777755,-119.6576925
2021-05-24,-4066,ccb0a41f-7631-445d-b2e8-0b8bb7b8c809,37.0777755,-119.6576925
2021-05-25,-3040,ccb0a41f-7631-445d-b2e8-0b8bb7b8c809,37.0777755,-119.6576925
2021-05-26,-4393,ccb0a41f-7631-445d-b2e8-0b8bb7b8c809,37.0777755,-119.6576925
2021-05-27,-4890,ccb0a41f-7631-445d-b2e8-0b8bb7b8c809,37.0777755,-119.6576925
2021-05-28,-4465,ccb0a41f-7631-445d-b2e8-0b8bb7b8c809,37.0777755,-119.6576925
2021-05-29,-3825,ccb0a41f-7631-445d-b2e8-0b8bb7b8c809,37.0777755,-119.6576925
2021-05-30,-4871,ccb0a41f-7631-445d-b2e8-0b8bb7b8c809,37.0777755,-119.6576925
2021-05-31,-4482,ccb0a41f-7631-445d-b2e8-0b8bb7b8c809,37.0777755,-119.6576925
2021-06-01,-4905,ccb0a41f-7631-445d-b2e8-0b8bb7b8c809,37.0777755,-119.6576925
2021-06-02,-3952,ccb0a41f-7631-445d-b2e8-0b8bb7b8c809,37.0777755,-119.6576925
2021-06-03,-4924,ccb0a41f-7631-445d-b2e8-0b8bb7b8c809,37.0777755,-119.6576925
2021-06-04,-3949,ccb0a41f-7631-445d-b2e8-0b8bb7b8c809,37.0777755,-119.6576925
2021-06-05,-4783,ccb0a41f-7631-445d-b2e8-0b8bb7b8c809,37.0777755,-119.6576925
2021-06-06,-4969,ccb0a41f-7631-445d-b2e8-0b8bb7b8c809,37.0777755,-119.6576925
2021-06-07,90,ccb0a41f-7631-445d-b2e8-0b8bb7b8c809,37.0777755,-119.6576925
2021-06-08,-4937,ccb0a41f-7631-445d-b2e8-0b8bb7b8c809,37.0777755,-119.6576925
2021-06-09,-4291,ccb0a41f-7631-445d-b2e8-0b8bb7b8c809,37.0777755,-119.6576925
2021-06-10,-4999,ccb0a41f-7631-445d-b2e8-0b8bb7b8c809,37.0777755,-119.6576925
2021-06-11,-4380,ccb0a41f-7631-445d-b2e8-0b8bb7b8c809,37.0777755,-119.6576925
2021-06-12,-4886,ccb0a41f-7631-445d-b2e8-0b8bb7b8c809,37.0777755,-119.6576925
2021-06-13,-4704,ccb0a41f-7631-445d-b2e8-0b8bb7b8c809,37.0777755,-119.6576925
2021-06-14,-4587,ccb0a41f-7631-445d-b2e8-0b8bb7b8c809,37.0777755,-119.6576925
2021-06-15,-5038,ccb0a41f-7631-445d-b2e8-0b8bb7b8c809,37.0777755,-119.6576925
2021-06-16,-1659,ccb0a41f-7631-445d-b2e8-0b8bb7b8c809,37.0777755,-119.6576925
2021-06-17,-4742,ccb0a41f-7631-445d-b2e8-0b8bb7b8c809,37.0777755,-119.6576925
2021-06-18,-3219,ccb0a41f-7631-445d-b2e8-0b8bb7b8c809,37.0777755,-119.6576925
2021-06-19,-4817,ccb0a41f-7631-445d-b2e8-0b8bb7b8c809,37.0777755,-119.6576925
2021-06-20,-4192,ccb0a41f-7631-445d-b2e8-0b8bb7b8c809,37.0777755,-119.6576925
2021-06-21,-4843,ccb0a41f-7631-445d-b2e8-0b8bb7b8c809,37.0777755,-119.6576925
2021-06-22,-4742,ccb0a41f-7631-445d-b2e8-0b8bb7b8c809,37.0777755,-119.6576925
2021-06-23,-4554,ccb0a41f-7631-445d-b2e8-0b8bb7b8c809,37.0777755,-119.6576925
2021-06-24,-4802,ccb0a41f-7631-445d-b2e8-0b8bb7b8c809,37.0777755,-119.6576925
2021-06-25,-3907,ccb0a41f-7631-445d-b2e8-0b8bb7b8c809,37.0777755,-119.6576925
2021-06-26,-5020,ccb0a41f-7631-445d-b2e8-0b8bb7b8c809,37.0777755,-119.6576925
2021-06-27,-3940,ccb0a41f-7631-445d-b2e8-0b8bb7b8c809,37.0777755,-119.6576925
2021-06-28,-4744,ccb0a41f-7631-445d-b2e8-0b8bb7b8c809,37.0777755,-119.6576925
2021-06-29,-4403,ccb0a41f-7631-445d-b2e8-0b8bb7b8c809,37.0777755,-119.6576925
2021-06-30,-4087,ccb0a41f-7631-445d-b2e8-0b8bb7b8c809,37.0777755,-119.6576925
2021-07-01,-4734,ccb0a41f-7631-445d-b2e8-0b8bb7b8c809,37.0777755,-119.6576925
2021-07-02,-4243,ccb0a41f-7631-445d-b2e8-0b8bb7b8c809,37.0777755,-119.6576925
2021-07-03,-3784,ccb0a41f-7631-445d-b2e8-0b8bb7b8c809,37.0777755,-119.6576925
2021-07-04,-4180,ccb0a41f-7631-445d-b2e8-0b8bb7b8c809,37.0777755,-119.6576925
2021-07-05,-4803,ccb0a41f-7631-445d-b2e8-0b8bb7b8c809,37.0777755,-119.6576925
2021-07-06,-4506,ccb0a41f-7631-445d-b2e8-0b8bb7b8c809,37.0777755,-119.6576925
2021-07-07,-4792,ccb0a41f-7631-445d-b2e8-0b8bb7b8c809,37.0777755,-119.6576925
2021-07-08,-4656,ccb0a41f-7631-445d-b2e8-0b8bb7b8c809,37.0777755,-119.6576925
2021-07-09,-4371,ccb0a41f-7631-445d-b2e8-0b8bb7b8c809,37.0777755,-119.6576925
2021-07-10,-4892,ccb0a41f-7631-445d-b2e8-0b8bb7b8c809,37.0777755,-119.6576925
2021-07-11,-2946,ccb0a41f-7631-445d-b2e8-0b8bb7b8c809,37.0777755,-119.6576925
2021-07-12,-4836,ccb0a41f-7631-445d-b2e8-0b8bb7b8c809,37.0777755,-119.6576925
2021-07-13,-2864,ccb0a41f-7631-445d-b2e8-0b8bb7b8c809,37.0777755,-119.6576925
2021-07-14,-4734,ccb0a41f-7631-445d-b2e8-0b8bb7b8c809,37.0777755,-119.6576925
2021-07-15,-4596,ccb0a41f-7631-445d-b2e8-0b8bb7b8c809,37.0777755,-119.6576925
2021-07-16,-4557,ccb0a41f-7631-445d-b2e8-0b8bb7b8c809,37.0777755,-119.6576925
2021-07-17,-4743,ccb0a41f-7631-445d-b2e8-0b8bb7b8c809,37.0777755,-119.6576925
2021-07-18,-2973,ccb0a41f-7631-445d-b2e8-0b8bb7b8c809,37.0777755,-119.6576925
2021-07-19,-3796,ccb0a41f-7631-445d-b2e8-0b8bb7b8c809,37.0777755,-119.6576925
2021-07-20,-3979,ccb0a41f-7631-445d-b2e8-0b8bb7b8c809,37.0777755,-119.6576925
2021-07-21,-4778,ccb0a41f-7631-445d-b2e8-0b8bb7b8c809,37.0777755,-119.6576925
2021-07-22,-4516,ccb0a41f-7631-445d-b2e8-0b8bb7b8c809,37.0777755,-119.6576925
2021-07-23,-4281,ccb0a41f-7631-445d-b2e8-0b8bb7b8c809,37.0777755,-119.6576925
2021-07-24,-4205,ccb0a41f-7631-445d-b2e8-0b8bb7b8c809,37.0777755,-119.6576925
2021-07-25,-3734,ccb0a41f-7631-445d-b2e8-0b8bb7b8c809,37.0777755,-119.6576925
2021-07-26,-2838,ccb0a41f-7631-445d-b2e8-0b8bb7b8c809,37.0777755,-119.6576925
2021-07-27,-4215,ccb0a41f-7631-445d-b2e8-0b8bb7b8c809,37.0777755,-119.6576925
2021-07-28,-4791,ccb0a41f-7631-445d-b2e8-0b8bb7b8c809,37.0777755,-119.6576925
2021-07-29,-3211,ccb0a41f-7631-445d-b2e8-0b8bb7b8c809,37.0777755,-119.6576925
2021-07-30,-4053,ccb0a41f-7631-445d-b2e8-0b8bb7b8c809,37.0777755,-119.6576925
2021-07-31,-2196,ccb0a41f-7631-445d-b2e8-0b8bb7b8c809,37.0777755,-119.6576925
2021-08-01,-4653,ccb0a41f-7631-445d-b2e8-0b8bb7b8c809,37.0777755,-119.6576925
2021-08-02,-5056,ccb0a41f-7631-445d-b2e8-0b8bb7b8c809,37.0777755,-119.6576925
2021-08-03,-4360,ccb0a41f-7631-445d-b2e8-0b8bb7b8c809,37.0777755,-119.6576925
2021-08-04,-4754,ccb0a41f-7631-445d-b2e8-0b8bb7b8c809,37.0777755,-119.6576925
2021-08-05,-4053,ccb0a41f-7631-445d-b2e8-0b8bb7b8c809,37.0777755,-119.6576925
2021-08-06,-4884,ccb0a41f-7631-445d-b2e8-0b8bb7b8c809,37.0777755,-119.6576925
2021-08-07,-2829,ccb0a41f-7631-445d-b2e8-0b8bb7b8c809,37.0777755,-119.6576925
2021-08-08,-4291,ccb0a41f-7631-445d-b2e8-0b8bb7b8c809,37.0777755,-119.6576925
2021-08-09,-4000,ccb0a41f-7631-445d-b2e8-0b8bb7b8c809,37.0777755,-119.6576925
2021-08-10,-4404,ccb0a41f-7631-445d-b2e8-0b8bb7b8c809,37.0777755,-119.6576925
2021-08-11,-4567,ccb0a41f-7631-445d-b2e8-0b8bb7b8c809,37.0777755,-119.6576925
2021-08-12,-3692,ccb0a41f-7631-445d-b2e8-0b8bb7b8c809,37.0777755,-119.6576925
2021-08-13,-4647,ccb0a41f-7631-445d-b2e8-0b8bb7b8c809,37.0777755,-119.6576925
2021-08-14,-2223,ccb0a41f-7631-445d-b2e8-0b8bb7b8c809,37.0777755,-119.6576925
2021-08-15,-4307,ccb0a41f-7631-445d-b2e8-0b8bb7b8c809,37.0777755,-119.6576925
2021-08-16,-1539,ccb0a41f-7631-445d-b2e8-0b8bb7b8c809,37.0777755,-119.6576925
2021-08-17,-4617,ccb0a41f-7631-445d-b2e8-0b8bb7b8c809,37.0777755,-119.6576925
2021-08-18,-4577,ccb0a41f-7631-445d-b2e8-0b8bb7b8c809,37.0777755,-119.6576925
2021-08-19,-2276,ccb0a41f-7631-445d-b2e8-0b8bb7b8c809,37.0777755,-119.6576925
2021-08-20,-2643,ccb0a41f-7631-445d-b2e8-0b8bb7b8c809,37.0777755,-119.6576925
2021-08-21,-1302,ccb0a41f-7631-445d-b2e8-0b8bb7b8c809,37.0777755,-119.6576925
2021-08-22,-4504,ccb0a41f-7631-445d-b2e8-0b8bb7b8c809,37.0777755,-119.6576925
2021-08-23,-2166,ccb0a41f-7631-445d-b2e8-0b8bb7b8c809,37.0777755,-119.6576925
2021-08-24,-4462,ccb0a41f-7631-445d-b2e8-0b8bb7b8c809,37.0777755,-119.6576925
2021-08-25,-4028,ccb0a41f-7631-445d-b2e8-0b8bb7b8c809,37.0777755,-119.6576925
2021-08-26,-4419,ccb0a41f-7631-445d-b2e8-0b8bb7b8c809,37.0777755,-119.6576925
2021-08-27,-4572,ccb0a41f-7631-445d-b2e8-0b8bb7b8c809,37.0777755,-119.6576925
2021-08-28,-3931,ccb0a41f-7631-445d-b2e8-0b8bb7b8c809,37.0777755,-119.6576925
2021-08-29,-4673,ccb0a41f-7631-445d-b2e8-0b8bb7b8c809,37.0777755,-119.6576925
2021-08-30,-3487,ccb0a41f-7631-445d-b2e8-0b8bb7b8c809,37.0777755,-119.6576925
2021-08-31,-4667,ccb0a41f-7631-445d-b2e8-0b8bb7b8c809,37.0777755,-119.6576925
2021-09-01,-4648,ccb0a41f-7631-445d-b2e8-0b8bb7b8c809,37.0777755,-119.6576925
2021-09-02,-4463,ccb0a41f-7631-445d-b2e8-0b8bb7b8c809,37.0777755,-119.6576925
2021-09-03,-4800,ccb0a41f-7631-445d-b2e8-0b8bb7b8c809,37.0777755,-119.6576925
2021-09-04,-4065,ccb0a41f-7631-445d-b2e8-0b8bb7b8c809,37.0777755,-119.6576925
2021-09-05,-4666,ccb0a41f-7631-445d-b2e8-0b8bb7b8c809,37.0777755,-119.6576925
2021-09-06,-3909,ccb0a41f-7631-445d-b2e8-0b8bb7b8c809,37.0777755,-119.6576925
2021-09-07,-4728,ccb0a41f-7631-445d-b2e8-0b8bb7b8c809,37.0777755,-119.6576925
2021-09-08,-3856,ccb0a41f-7631-445d-b2e8-0b8bb7b8c809,37.0777755,-119.6576925
2021-09-09,-4527,ccb0a41f-7631-445d-b2e8-0b8bb7b8c809,37.0777755,-119.6576925
2021-09-10,-4635,ccb0a41f-7631-445d-b2e8-0b8bb7b8c809,37.0777755,-119.6576925
2021-09-11,-4304,ccb0a41f-7631-445d-b2e8-0b8bb7b8c809,37.0777755,-119.6576925
2021-09-12,-4819,ccb0a41f-7631-445d-b2e8-0b8bb7b8c809,37.0777755,-119.6576925
2021-09-13,-3972,ccb0a41f-7631-445d-b2e8-0b8bb7b8c809,37.0777755,-119.6576925
2021-09-14,-4687,ccb0a41f-7631-445d-b2e8-0b8bb7b8c809,37.0777755,-119.6576925
2021-09-15,-1547,ccb0a41f-7631-445d-b2e8-0b8bb7b8c809,37.0777755,-119.6576925
2021-09-16,-4182,ccb0a41f-7631-445d-b2e8-0b8bb7b8c809,37.0777755,-119.6576925
2021-09-17,247,ccb0a41f-7631-445d-b2e8-0b8bb7b8c809,37.0777755,-119.6576925
2021-09-18,-3836,ccb0a41f-7631-445d-b2e8-0b8bb7b8c809,37.0777755,-119.6576925
2021-09-19,-4922,ccb0a41f-7631-445d-b2e8-0b8bb7b8c809,37.0777755,-119.6576925
2021-09-20,-4136,ccb0a41f-7631-445d-b2e8-0b8bb7b8c809,37.0777755,-119.6576925
2021-09-21,-1673,ccb0a41f-7631-445d-b2e8-0b8bb7b8c809,37.0777755,-119.6576925
2021-09-23,-4592,ccb0a41f-7631-445d-b2e8-0b8bb7b8c809,37.0777755,-119.6576925
2021-09-24,-929,ccb0a41f-7631-445d-b2e8-0b8bb7b8c809,37.0777755,-119.6576925
2021-09-25,-3335,ccb0a41f-7631-445d-b2e8-0b8bb7b8c809,37.0777755,-119.6576925
2021-09-26,-1638,ccb0a41f-7631-445d-b2e8-0b8bb7b8c809,37.0777755,-119.6576925
2021-09-27,-4024,ccb0a41f-7631-445d-b2e8-0b8bb7b8c809,37.0777755,-119.6576925
2021-09-28,-4893,ccb0a41f-7631-445d-b2e8-0b8bb7b8c809,37.0777755,-119.6576925
2021-09-29,-3322,ccb0a41f-7631-445d-b2e8-0b8bb7b8c809,37.0777755,-119.6576925
2021-09-30,-4618,ccb0a41f-7631-445d-b2e8-0b8bb7b8c809,37.0777755,-119.6576925
2021-10-01,-2151,ccb0a41f-7631-445d-b2e8-0b8bb7b8c809,37.0777755,-119.6576925
2021-10-02,-732,ccb0a41f-7631-445d-b2e8-0b8bb7b8c809,37.0777755,-119.6576925
2021-10-03,1240,ccb0a41f-7631-445d-b2e8-0b8bb7b8c809,37.0777755,-119.6576925
2021-10-04,-328,ccb0a41f-7631-445d-b2e8-0b8bb7b8c809,37.0777755,-119.6576925
2021-10-05,-1829,ccb0a41f-7631-445d-b2e8-0b8bb7b8c809,37.0777755,-119.6576925
2021-10-06,-2406,ccb0a41f-7631-445d-b2e8-0b8bb7b8c809,37.0777755,-119.6576925
2021-10-07,-4530,ccb0a41f-7631-445d-b2e8-0b8bb7b8c809,37.0777755,-119.6576925
2021-10-08,-925,ccb0a41f-7631-445d-b2e8-0b8bb7b8c809,37.0777755,-119.6576925
2021-10-09,-4741,ccb0a41f-7631-445d-b2e8-0b8bb7b8c809,37.0777755,-119.6576925
2021-10-10,-4026,ccb0a41f-7631-445d-b2e8-0b8bb7b8c809,37.0777755,-119.6576925
2021-10-11,-4847,ccb0a41f-7631-445d-b2e8-0b8bb7b8c809,37.0777755,-119.6576925
2021-10-12,-4750,ccb0a41f-7631-445d-b2e8-0b8bb7b8c809,37.0777755,-119.6576925
2021-10-13,-4500,ccb0a41f-7631-445d-b2e8-0b8bb7b8c809,37.0777755,-119.6576925
2021-10-14,-4847,ccb0a41f-7631-445d-b2e8-0b8bb7b8c809,37.0777755,-119.6576925
2021-10-15,-4108,ccb0a41f-7631-445d-b2e8-0b8bb7b8c809,37.0777755,-119.6576925
2021-10-16,-4808,ccb0a41f-7631-445d-b2e8-0b8bb7b8c809,37.0777755,-119.6576925
2021-10-17,-3863,ccb0a41f-7631-445d-b2e8-0b8bb7b8c809,37.0777755,-119.6576925
2021-10-18,-3372,ccb0a41f-7631-445d-b2e8-0b8bb7b8c809,37.0777755,-119.6576925
2021-10-19,-4216,ccb0a41f-7631-445d-b2e8-0b8bb7b8c809,37.0777755,-119.6576925
2021-10-20,-3162,ccb0a41f-7631-445d-b2e8-0b8bb7b8c809,37.0777755,-119.6576925
2021-10-21,-3721,ccb0a41f-7631-445d-b2e8-0b8bb7b8c809,37.0777755,-119.6576925
2021-10-22,1103,ccb0a41f-7631-445d-b2e8-0b8bb7b8c809,37.0777755,-119.6576925
2021-10-23,-2737,ccb0a41f-7631-445d-b2e8-0b8bb7b8c809,37.0777755,-119.6576925
2021-10-24,2347,ccb0a41f-7631-445d-b2e8-0b8bb7b8c809,37.0777755,-119.6576925
2021-10-25,4865,ccb0a41f-7631-445d-b2e8-0b8bb7b8c809,37.0777755,-119.6576925
2021-10-26,-3336,ccb0a41f-7631-445d-b2e8-0b8bb7b8c809,37.0777755,-119.6576925
2021-10-27,-4180,ccb0a41f-7631-445d-b2e8-0b8bb7b8c809,37.0777755,-119.6576925
2021-10-28,-4133,ccb0a41f-7631-445d-b2e8-0b8bb7b8c809,37.0777755,-119.6576925
2021-10-29,-3832,ccb0a41f-7631-445d-b2e8-0b8bb7b8c809,37.0777755,-119.6576925
2021-10-30,653,ccb0a41f-7631-445d-b2e8-0b8bb7b8c809,37.0777755,-119.6576925
2021-10-31,-22,ccb0a41f-7631-445d-b2e8-0b8bb7b8c809,37.0777755,-119.6576925
2021-11-01,1321,ccb0a41f-7631-445d-b2e8-0b8bb7b8c809,37.0777755,-119.6576925
2021-11-02,-3060,ccb0a41f-7631-445d-b2e8-0b8bb7b8c809,37.0777755,-119.6576925
2021-11-03,-4052,ccb0a41f-7631-445d-b2e8-0b8bb7b8c809,37.0777755,-119.6576925
2021-11-04,-2769,ccb0a41f-7631-445d-b2e8-0b8bb7b8c809,37.0777755,-119.6576925
2021-11-05,-3526,ccb0a41f-7631-445d-b2e8-0b8bb7b8c809,37.0777755,-119.6576925
2021-11-06,-643,ccb0a41f-7631-445d-b2e8-0b8bb7b8c809,37.0777755,-119.6576925
2021-11-07,-504,ccb0a41f-7631-445d-b2e8-0b8bb7b8c809,37.0777755,-119.6576925
2021-11-08,2017,ccb0a41f-7631-445d-b2e8-0b8bb7b8c809,37.0777755,-119.6576925
2021-11-09,2357,ccb0a41f-7631-445d-b2e8-0b8bb7b8c809,37.0777755,-119.6576925
2021-11-10,-1647,ccb0a41f-7631-445d-b2e8-0b8bb7b8c809,37.0777755,-119.6576925
2021-11-11,-243,ccb0a41f-7631-445d-b2e8-0b8bb7b8c809,37.0777755,-119.6576925
2021-11-12,-3003,ccb0a41f-7631-445d-b2e8-0b8bb7b8c809,37.0777755,-119.6576925
2021-11-13,-2104,ccb0a41f-7631-445d-b2e8-0b8bb7b8c809,37.0777755,-119.6576925
2021-11-14,-2671,ccb0a41f-7631-445d-b2e8-0b8bb7b8c809,37.0777755,-119.6576925
2021-11-15,-188,ccb0a41f-7631-445d-b2e8-0b8bb7b8c809,37.0777755,-119.6576925
2021-11-16,392,ccb0a41f-7631-445d-b2e8-0b8bb7b8c809,37.0777755,-119.6576925
2021-11-17,-2301,ccb0a41f-7631-445d-b2e8-0b8bb7b8c809,37.0777755,-119.6576925
2021-11-18,60,ccb0a41f-7631-445d-b2e8-0b8bb7b8c809,37.0777755,-119.6576925
2021-11-19,-2135,ccb0a41f-7631-445d-b2e8-0b8bb7b8c809,37.0777755,-119.6576925
2021-11-20,-281,ccb0a41f-7631-445d-b2e8-0b8bb7b8c809,37.0777755,-119.6576925
2021-11-21,-2673,ccb0a41f-7631-445d-b2e8-0b8bb7b8c809,37.0777755,-119.6576925
2021-11-22,-3149,ccb0a41f-7631-445d-b2e8-0b8bb7b8c809,37.0777755,-119.6576925
2021-11-23,-3004,ccb0a41f-7631-445d-b2e8-0b8bb7b8c809,37.0777755,-119.6576925
2021-11-24,-2909,ccb0a41f-7631-445d-b2e8-0b8bb7b8c809,37.0777755,-119.6576925
2021-11-25,-2098,ccb0a41f-7631-445d-b2e8-0b8bb7b8c809,37.0777755,-119.6576925
2021-11-26,-843,ccb0a41f-7631-445d-b2e8-0b8bb7b8c809,37.0777755,-119.6576925
2021-11-27,-2787,ccb0a41f-7631-445d-b2e8-0b8bb7b8c809,37.0777755,-119.6576925
2021-11-28,-3560,ccb0a41f-7631-445d-b2e8-0b8bb7b8c809,37.0777755,-119.6576925
2021-11-29,-3341,ccb0a41f-7631-445d-b2e8-0b8bb7b8c809,37.0777755,-119.6576925
2021-11-30,-3148,ccb0a41f-7631-445d-b2e8-0b8bb7b8c809,37.0777755,-119.6576925
2021-12-01,-3732,ccb0a41f-7631-445d-b2e8-0b8bb7b8c809,37.0777755,-119.6576925
2021-12-02,-2998,ccb0a41f-7631-445d-b2e8-0b8bb7b8c809,37.0777755,-119.6576925
2021-12-03,-3705,ccb0a41f-7631-445d-b2e8-0b8bb7b8c809,37.0777755,-119.6576925
2021-12-04,-1344,ccb0a41f-7631-445d-b2e8-0b8bb7b8c809,37.0777755,-119.6576925
2021-12-05,834,ccb0a41f-7631-445d-b2e8-0b8bb7b8c809,37.0777755,-119.6576925
2021-12-06,2238,ccb0a41f-7631-445d-b2e8-0b8bb7b8c809,37.0777755,-119.6576925
2021-12-07,37,ccb0a41f-7631-445d-b2e8-0b8bb7b8c809,37.0777755,-119.6576925
2021-12-08,-3332,ccb0a41f-7631-445d-b2e8-0b8bb7b8c809,37.0777755,-119.6576925
2021-12-09,3190,ccb0a41f-7631-445d-b2e8-0b8bb7b8c809,37.0777755,-119.6576925
2021-12-10,-1127,ccb0a41f-7631-445d-b2e8-0b8bb7b8c809,37.0777755,-119.6576925
2021-12-11,-1481,ccb0a41f-7631-445d-b2e8-0b8bb7b8c809,37.0777755,-119.6576925
2021-12-12,-198,ccb0a41f-7631-445d-b2e8-0b8bb7b8c809,37.0777755,-119.6576925
2021-12-13,1711,ccb0a41f-7631-445d-b2e8-0b8bb7b8c809,37.0777755,-119.6576925
2021-12-14,4509,ccb0a41f-7631-445d-b2e8-0b8bb7b8c809,37.0777755,-119.6576925
2021-12-15,-2524,ccb0a41f-7631-445d-b2e8-0b8bb7b8c809,37.0777755,-119.6576925
2021-12-16,276,ccb0a41f-7631-445d-b2e8-0b8bb7b8c809,37.0777755,-119.6576925
2021-12-17,-2070,ccb0a41f-7631-445d-b2e8-0b8bb7b8c809,37.0777755,-119.6576925
2021-12-18,-669,ccb0a41f-7631-445d-b2e8-0b8bb7b8c809,37.0777755,-119.6576925
2021-12-19,-3386,ccb0a41f-7631-445d-b2e8-0b8bb7b8c809,37.0777755,-119.6576925
2021-12-20,-10,ccb0a41f-7631-445d-b2e8-0b8bb7b8c809,37.0777755,-119.6576925
2021-12-21,-1371,ccb0a41f-7631-445d-b2e8-0b8bb7b8c809,37.0777755,-119.6576925
2021-12-22,2182,ccb0a41f-7631-445d-b2e8-0b8bb7b8c809,37.0777755,-119.6576925
2021-12-23,3800,ccb0a41f-7631-445d-b2e8-0b8bb7b8c809,37.0777755,-119.6576925
2021-12-24,3180,ccb0a41f-7631-445d-b2e8-0b8bb7b8c809,37.0777755,-119.6576925
2021-12-25,1089,ccb0a41f-7631-445d-b2e8-0b8bb7b8c809,37.0777755,-119.6576925
2021-12-26,-3084,ccb0a41f-7631-445d-b2e8-0b8bb7b8c809,37.0777755,-119.6576925
2021-12-27,1822,ccb0a41f-7631-445d-b2e8-0b8bb7b8c809,37.0777755,-119.6576925
2021-12-28,1973,ccb0a41f-7631-445d-b2e8-0b8bb7b8c809,37.0777755,-119.6576925
2021-12-29,1481,ccb0a41f-7631-445d-b2e8-0b8bb7b8c809,37.0777755,-119.6576925
2021-12-30,-2711,ccb0a41f-7631-445d-b2e8-0b8bb7b8c809,37.0777755,-119.6576925
