date,mod10a1_ndsi,cell_id,latitude,longitude
2020-01-01,4326,979bbc4d-b38f-4407-b182-acd8c67c012d,37.819463,-107.4136555
2020-01-02,5168,979bbc4d-b38f-4407-b182-acd8c67c012d,37.819463,-107.4136555
2020-01-03,5811,979bbc4d-b38f-4407-b182-acd8c67c012d,37.819463,-107.4136555
2020-01-04,4798,979bbc4d-b38f-4407-b182-acd8c67c012d,37.819463,-107.4136555
2020-01-05,6170,979bbc4d-b38f-4407-b182-acd8c67c012d,37.819463,-107.4136555
2020-01-06,5609,979bbc4d-b38f-4407-b182-acd8c67c012d,37.819463,-107.4136555
2020-01-07,7128,979bbc4d-b38f-4407-b182-acd8c67c012d,37.819463,-107.4136555
2020-01-08,3596,979bbc4d-b38f-4407-b182-acd8c67c012d,37.819463,-107.4136555
2020-01-09,5240,979bbc4d-b38f-4407-b182-acd8c67c012d,37.819463,-107.4136555
2020-01-10,4813,979bbc4d-b38f-4407-b182-acd8c67c012d,37.819463,-107.4136555
2020-01-11,5205,979bbc4d-b38f-4407-b182-acd8c67c012d,37.819463,-107.4136555
2020-01-12,5097,979bbc4d-b38f-4407-b182-acd8c67c012d,37.819463,-107.4136555
2020-01-13,4346,979bbc4d-b38f-4407-b182-acd8c67c012d,37.819463,-107.4136555
2020-01-14,6353,979bbc4d-b38f-4407-b182-acd8c67c012d,37.819463,-107.4136555
2020-01-15,5866,979bbc4d-b38f-4407-b182-acd8c67c012d,37.819463,-107.4136555
2020-01-16,4923,979bbc4d-b38f-4407-b182-acd8c67c012d,37.819463,-107.4136555
2020-01-17,3055,979bbc4d-b38f-4407-b182-acd8c67c012d,37.819463,-107.4136555
2020-01-18,6069,979bbc4d-b38f-4407-b182-acd8c67c012d,37.819463,-107.4136555
2020-01-19,4747,979bbc4d-b38f-4407-b182-acd8c67c012d,37.819463,-107.4136555
2020-01-20,5440,979bbc4d-b38f-4407-b182-acd8c67c012d,37.819463,-107.4136555
2020-01-21,4508,979bbc4d-b38f-4407-b182-acd8c67c012d,37.819463,-107.4136555
2020-01-22,4589,979bbc4d-b38f-4407-b182-acd8c67c012d,37.819463,-107.4136555
2020-01-23,6771,979bbc4d-b38f-4407-b182-acd8c67c012d,37.819463,-107.4136555
2020-01-24,5764,979bbc4d-b38f-4407-b182-acd8c67c012d,37.819463,-107.4136555
2020-01-25,5775,979bbc4d-b38f-4407-b182-acd8c67c012d,37.819463,-107.4136555
2020-01-26,5860,979bbc4d-b38f-4407-b182-acd8c67c012d,37.819463,-107.4136555
2020-01-27,4333,979bbc4d-b38f-4407-b182-acd8c67c012d,37.819463,-107.4136555
2020-01-28,6400,979bbc4d-b38f-4407-b182-acd8c67c012d,37.819463,-107.4136555
2020-01-29,5076,979bbc4d-b38f-4407-b182-acd8c67c012d,37.819463,-107.4136555
2020-01-30,7126,979bbc4d-b38f-4407-b182-acd8c67c012d,37.819463,-107.4136555
2020-01-31,2948,979bbc4d-b38f-4407-b182-acd8c67c012d,37.819463,-107.4136555
2020-02-01,4717,979bbc4d-b38f-4407-b182-acd8c67c012d,37.819463,-107.4136555
2020-02-02,6707,979bbc4d-b38f-4407-b182-acd8c67c012d,37.819463,-107.4136555
2020-02-03,3640,979bbc4d-b38f-4407-b182-acd8c67c012d,37.819463,-107.4136555
2020-02-04,4271,979bbc4d-b38f-4407-b182-acd8c67c012d,37.819463,-107.4136555
2020-02-05,4734,979bbc4d-b38f-4407-b182-acd8c67c012d,37.819463,-107.4136555
2020-02-06,4171,979bbc4d-b38f-4407-b182-acd8c67c012d,37.819463,-107.4136555
2020-02-07,3530,979bbc4d-b38f-4407-b182-acd8c67c012d,37.819463,-107.4136555
2020-02-08,5467,979bbc4d-b38f-4407-b182-acd8c67c012d,37.819463,-107.4136555
2020-02-09,768,979bbc4d-b38f-4407-b182-acd8c67c012d,37.819463,-107.4136555
2020-02-10,1339,979bbc4d-b38f-4407-b182-acd8c67c012d,37.819463,-107.4136555
2020-02-11,1909,979bbc4d-b38f-4407-b182-acd8c67c012d,37.819463,-107.4136555
2020-02-12,6296,979bbc4d-b38f-4407-b182-acd8c67c012d,37.819463,-107.4136555
2020-02-13,6490,979bbc4d-b38f-4407-b182-acd8c67c012d,37.819463,-107.4136555
2020-02-14,6668,979bbc4d-b38f-4407-b182-acd8c67c012d,37.819463,-107.4136555
2020-02-15,7433,979bbc4d-b38f-4407-b182-acd8c67c012d,37.819463,-107.4136555
2020-02-16,3065,979bbc4d-b38f-4407-b182-acd8c67c012d,37.819463,-107.4136555
2020-02-17,5923,979bbc4d-b38f-4407-b182-acd8c67c012d,37.819463,-107.4136555
2020-02-18,5307,979bbc4d-b38f-4407-b182-acd8c67c012d,37.819463,-107.4136555
2020-02-19,4477,979bbc4d-b38f-4407-b182-acd8c67c012d,37.819463,-107.4136555
2020-02-20,6049,979bbc4d-b38f-4407-b182-acd8c67c012d,37.819463,-107.4136555
2020-02-21,6379,979bbc4d-b38f-4407-b182-acd8c67c012d,37.819463,-107.4136555
2020-02-22,3578,979bbc4d-b38f-4407-b182-acd8c67c012d,37.819463,-107.4136555
2020-02-23,4556,979bbc4d-b38f-4407-b182-acd8c67c012d,37.819463,-107.4136555
2020-02-24,5306,979bbc4d-b38f-4407-b182-acd8c67c012d,37.819463,-107.4136555
2020-02-25,3854,979bbc4d-b38f-4407-b182-acd8c67c012d,37.819463,-107.4136555
2020-02-26,6345,979bbc4d-b38f-4407-b182-acd8c67c012d,37.819463,-107.4136555
2020-02-27,5309,979bbc4d-b38f-4407-b182-acd8c67c012d,37.819463,-107.4136555
2020-02-28,5220,979bbc4d-b38f-4407-b182-acd8c67c012d,37.819463,-107.4136555
2020-02-29,6939,979bbc4d-b38f-4407-b182-acd8c67c012d,37.819463,-107.4136555
2020-03-01,780,979bbc4d-b38f-4407-b182-acd8c67c012d,37.819463,-107.4136555
2020-03-02,6233,979bbc4d-b38f-4407-b182-acd8c67c012d,37.819463,-107.4136555
2020-03-03,5398,979bbc4d-b38f-4407-b182-acd8c67c012d,37.819463,-107.4136555
2020-03-04,7693,979bbc4d-b38f-4407-b182-acd8c67c012d,37.819463,-107.4136555
2020-03-05,6367,979bbc4d-b38f-4407-b182-acd8c67c012d,37.819463,-107.4136555
2020-03-06,7267,979bbc4d-b38f-4407-b182-acd8c67c012d,37.819463,-107.4136555
2020-03-07,3593,979bbc4d-b38f-4407-b182-acd8c67c012d,37.819463,-107.4136555
2020-03-08,4618,979bbc4d-b38f-4407-b182-acd8c67c012d,37.819463,-107.4136555
2020-03-09,4636,979bbc4d-b38f-4407-b182-acd8c67c012d,37.819463,-107.4136555
2020-03-10,2568,979bbc4d-b38f-4407-b182-acd8c67c012d,37.819463,-107.4136555
2020-03-11,6674,979bbc4d-b38f-4407-b182-acd8c67c012d,37.819463,-107.4136555
2020-03-12,5072,979bbc4d-b38f-4407-b182-acd8c67c012d,37.819463,-107.4136555
2020-03-13,2841,979bbc4d-b38f-4407-b182-acd8c67c012d,37.819463,-107.4136555
2020-03-14,5365,979bbc4d-b38f-4407-b182-acd8c67c012d,37.819463,-107.4136555
2020-03-15,5470,979bbc4d-b38f-4407-b182-acd8c67c012d,37.819463,-107.4136555
2020-03-16,6821,979bbc4d-b38f-4407-b182-acd8c67c012d,37.819463,-107.4136555
2020-03-17,5536,979bbc4d-b38f-4407-b182-acd8c67c012d,37.819463,-107.4136555
2020-03-18,5188,979bbc4d-b38f-4407-b182-acd8c67c012d,37.819463,-107.4136555
2020-03-19,4505,979bbc4d-b38f-4407-b182-acd8c67c012d,37.819463,-107.4136555
2020-03-20,6299,979bbc4d-b38f-4407-b182-acd8c67c012d,37.819463,-107.4136555
2020-03-21,3083,979bbc4d-b38f-4407-b182-acd8c67c012d,37.819463,-107.4136555
2020-03-22,5061,979bbc4d-b38f-4407-b182-acd8c67c012d,37.819463,-107.4136555
2020-03-23,2816,979bbc4d-b38f-4407-b182-acd8c67c012d,37.819463,-107.4136555
2020-03-24,6165,979bbc4d-b38f-4407-b182-acd8c67c012d,37.819463,-107.4136555
2020-03-25,4398,979bbc4d-b38f-4407-b182-acd8c67c012d,37.819463,-107.4136555
2020-03-26,6452,979bbc4d-b38f-4407-b182-acd8c67c012d,37.819463,-107.4136555
2020-03-27,5454,979bbc4d-b38f-4407-b182-acd8c67c012d,37.819463,-107.4136555
2020-03-28,5230,979bbc4d-b38f-4407-b182-acd8c67c012d,37.819463,-107.4136555
2020-03-29,5830,979bbc4d-b38f-4407-b182-acd8c67c012d,37.819463,-107.4136555
2020-03-30,5206,979bbc4d-b38f-4407-b182-acd8c67c012d,37.819463,-107.4136555
2020-03-31,6701,979bbc4d-b38f-4407-b182-acd8c67c012d,37.819463,-107.4136555
2020-04-01,7271,979bbc4d-b38f-4407-b182-acd8c67c012d,37.819463,-107.4136555
2020-04-02,5684,979bbc4d-b38f-4407-b182-acd8c67c012d,37.819463,-107.4136555
2020-04-03,6527,979bbc4d-b38f-4407-b182-acd8c67c012d,37.819463,-107.4136555
2020-04-04,3536,979bbc4d-b38f-4407-b182-acd8c67c012d,37.819463,-107.4136555
2020-04-05,7414,979bbc4d-b38f-4407-b182-acd8c67c012d,37.819463,-107.4136555
2020-04-06,6868,979bbc4d-b38f-4407-b182-acd8c67c012d,37.819463,-107.4136555
2020-04-07,7968,979bbc4d-b38f-4407-b182-acd8c67c012d,37.819463,-107.4136555
2020-04-08,8149,979bbc4d-b38f-4407-b182-acd8c67c012d,37.819463,-107.4136555
2020-04-09,6388,979bbc4d-b38f-4407-b182-acd8c67c012d,37.819463,-107.4136555
2020-04-10,6660,979bbc4d-b38f-4407-b182-acd8c67c012d,37.819463,-107.4136555
2020-04-11,6482,979bbc4d-b38f-4407-b182-acd8c67c012d,37.819463,-107.4136555
2020-04-12,6487,979bbc4d-b38f-4407-b182-acd8c67c012d,37.819463,-107.4136555
2020-04-13,5650,979bbc4d-b38f-4407-b182-acd8c67c012d,37.819463,-107.4136555
2020-04-14,6434,979bbc4d-b38f-4407-b182-acd8c67c012d,37.819463,-107.4136555
2020-04-15,5947,979bbc4d-b38f-4407-b182-acd8c67c012d,37.819463,-107.4136555
2020-04-16,4281,979bbc4d-b38f-4407-b182-acd8c67c012d,37.819463,-107.4136555
2020-04-17,6358,979bbc4d-b38f-4407-b182-acd8c67c012d,37.819463,-107.4136555
2020-04-18,4686,979bbc4d-b38f-4407-b182-acd8c67c012d,37.819463,-107.4136555
2020-04-19,5881,979bbc4d-b38f-4407-b182-acd8c67c012d,37.819463,-107.4136555
2020-04-20,6208,979bbc4d-b38f-4407-b182-acd8c67c012d,37.819463,-107.4136555
2020-04-21,5274,979bbc4d-b38f-4407-b182-acd8c67c012d,37.819463,-107.4136555
2020-04-22,3390,979bbc4d-b38f-4407-b182-acd8c67c012d,37.819463,-107.4136555
2020-04-23,4204,979bbc4d-b38f-4407-b182-acd8c67c012d,37.819463,-107.4136555
2020-04-24,6162,979bbc4d-b38f-4407-b182-acd8c67c012d,37.819463,-107.4136555
2020-04-25,6687,979bbc4d-b38f-4407-b182-acd8c67c012d,37.819463,-107.4136555
2020-04-26,5707,979bbc4d-b38f-4407-b182-acd8c67c012d,37.819463,-107.4136555
2020-04-27,6989,979bbc4d-b38f-4407-b182-acd8c67c012d,37.819463,-107.4136555
2020-04-28,8017,979bbc4d-b38f-4407-b182-acd8c67c012d,37.819463,-107.4136555
2020-04-29,8070,979bbc4d-b38f-4407-b182-acd8c67c012d,37.819463,-107.4136555
2020-04-30,6212,979bbc4d-b38f-4407-b182-acd8c67c012d,37.819463,-107.4136555
2020-05-01,7700,979bbc4d-b38f-4407-b182-acd8c67c012d,37.819463,-107.4136555
2020-05-02,7144,979bbc4d-b38f-4407-b182-acd8c67c012d,37.819463,-107.4136555
2020-05-03,7485,979bbc4d-b38f-4407-b182-acd8c67c012d,37.819463,-107.4136555
2020-05-04,6141,979bbc4d-b38f-4407-b182-acd8c67c012d,37.819463,-107.4136555
2020-05-05,6699,979bbc4d-b38f-4407-b182-acd8c67c012d,37.819463,-107.4136555
2020-05-06,6535,979bbc4d-b38f-4407-b182-acd8c67c012d,37.819463,-107.4136555
2020-05-07,5723,979bbc4d-b38f-4407-b182-acd8c67c012d,37.819463,-107.4136555
2020-05-08,6034,979bbc4d-b38f-4407-b182-acd8c67c012d,37.819463,-107.4136555
2020-05-09,3769,979bbc4d-b38f-4407-b182-acd8c67c012d,37.819463,-107.4136555
2020-05-10,5655,979bbc4d-b38f-4407-b182-acd8c67c012d,37.819463,-107.4136555
2020-05-11,3152,979bbc4d-b38f-4407-b182-acd8c67c012d,37.819463,-107.4136555
2020-05-12,4233,979bbc4d-b38f-4407-b182-acd8c67c012d,37.819463,-107.4136555
2020-05-13,4655,979bbc4d-b38f-4407-b182-acd8c67c012d,37.819463,-107.4136555
2020-05-14,4964,979bbc4d-b38f-4407-b182-acd8c67c012d,37.819463,-107.4136555
2020-05-15,1053,979bbc4d-b38f-4407-b182-acd8c67c012d,37.819463,-107.4136555
2020-05-16,-569,979bbc4d-b38f-4407-b182-acd8c67c012d,37.819463,-107.4136555
2020-05-17,2981,979bbc4d-b38f-4407-b182-acd8c67c012d,37.819463,-107.4136555
2020-05-18,-2050,979bbc4d-b38f-4407-b182-acd8c67c012d,37.819463,-107.4136555
2020-05-19,3402,979bbc4d-b38f-4407-b182-acd8c67c012d,37.819463,-107.4136555
2020-05-20,-875,979bbc4d-b38f-4407-b182-acd8c67c012d,37.819463,-107.4136555
2020-05-21,-3532,979bbc4d-b38f-4407-b182-acd8c67c012d,37.819463,-107.4136555
2020-05-22,-312,979bbc4d-b38f-4407-b182-acd8c67c012d,37.819463,-107.4136555
2020-05-23,-74,979bbc4d-b38f-4407-b182-acd8c67c012d,37.819463,-107.4136555
2020-05-24,2544,979bbc4d-b38f-4407-b182-acd8c67c012d,37.819463,-107.4136555
2020-05-25,-4024,979bbc4d-b38f-4407-b182-acd8c67c012d,37.819463,-107.4136555
2020-05-26,-1608,979bbc4d-b38f-4407-b182-acd8c67c012d,37.819463,-107.4136555
2020-05-27,73,979bbc4d-b38f-4407-b182-acd8c67c012d,37.819463,-107.4136555
2020-05-28,-852,979bbc4d-b38f-4407-b182-acd8c67c012d,37.819463,-107.4136555
2020-05-29,-2390,979bbc4d-b38f-4407-b182-acd8c67c012d,37.819463,-107.4136555
2020-05-30,6112,979bbc4d-b38f-4407-b182-acd8c67c012d,37.819463,-107.4136555
2020-05-31,115,979bbc4d-b38f-4407-b182-acd8c67c012d,37.819463,-107.4136555
2020-06-01,-3722,979bbc4d-b38f-4407-b182-acd8c67c012d,37.819463,-107.4136555
2020-06-02,-929,979bbc4d-b38f-4407-b182-acd8c67c012d,37.819463,-107.4136555
2020-06-03,-4444,979bbc4d-b38f-4407-b182-acd8c67c012d,37.819463,-107.4136555
2020-06-04,-4466,979bbc4d-b38f-4407-b182-acd8c67c012d,37.819463,-107.4136555
2020-06-05,-461,979bbc4d-b38f-4407-b182-acd8c67c012d,37.819463,-107.4136555
2020-06-07,-1360,979bbc4d-b38f-4407-b182-acd8c67c012d,37.819463,-107.4136555
2020-06-08,-5027,979bbc4d-b38f-4407-b182-acd8c67c012d,37.819463,-107.4136555
2020-06-09,-2709,979bbc4d-b38f-4407-b182-acd8c67c012d,37.819463,-107.4136555
2020-06-10,-4654,979bbc4d-b38f-4407-b182-acd8c67c012d,37.819463,-107.4136555
2020-06-11,-3131,979bbc4d-b38f-4407-b182-acd8c67c012d,37.819463,-107.4136555
2020-06-12,681,979bbc4d-b38f-4407-b182-acd8c67c012d,37.819463,-107.4136555
2020-06-13,-510,979bbc4d-b38f-4407-b182-acd8c67c012d,37.819463,-107.4136555
2020-06-14,-3837,979bbc4d-b38f-4407-b182-acd8c67c012d,37.819463,-107.4136555
2020-06-15,-4823,979bbc4d-b38f-4407-b182-acd8c67c012d,37.819463,-107.4136555
2020-06-16,-1979,979bbc4d-b38f-4407-b182-acd8c67c012d,37.819463,-107.4136555
2020-06-17,-4606,979bbc4d-b38f-4407-b182-acd8c67c012d,37.819463,-107.4136555
2020-06-18,-2739,979bbc4d-b38f-4407-b182-acd8c67c012d,37.819463,-107.4136555
2020-06-19,1910,979bbc4d-b38f-4407-b182-acd8c67c012d,37.819463,-107.4136555
2020-06-20,-4583,979bbc4d-b38f-4407-b182-acd8c67c012d,37.819463,-107.4136555
2020-06-21,10,979bbc4d-b38f-4407-b182-acd8c67c012d,37.819463,-107.4136555
2020-06-22,-4592,979bbc4d-b38f-4407-b182-acd8c67c012d,37.819463,-107.4136555
2020-06-23,-3812,979bbc4d-b38f-4407-b182-acd8c67c012d,37.819463,-107.4136555
2020-06-24,-4816,979bbc4d-b38f-4407-b182-acd8c67c012d,37.819463,-107.4136555
2020-06-25,7050,979bbc4d-b38f-4407-b182-acd8c67c012d,37.819463,-107.4136555
2020-06-26,-4608,979bbc4d-b38f-4407-b182-acd8c67c012d,37.819463,-107.4136555
2020-06-27,2786,979bbc4d-b38f-4407-b182-acd8c67c012d,37.819463,-107.4136555
2020-06-28,-2273,979bbc4d-b38f-4407-b182-acd8c67c012d,37.819463,-107.4136555
2020-06-29,-1791,979bbc4d-b38f-4407-b182-acd8c67c012d,37.819463,-107.4136555
2020-06-30,-3926,979bbc4d-b38f-4407-b182-acd8c67c012d,37.819463,-107.4136555
2020-07-01,-4666,979bbc4d-b38f-4407-b182-acd8c67c012d,37.819463,-107.4136555
2020-07-02,-1111,979bbc4d-b38f-4407-b182-acd8c67c012d,37.819463,-107.4136555
2020-07-03,-3588,979bbc4d-b38f-4407-b182-acd8c67c012d,37.819463,-107.4136555
2020-07-04,4335,979bbc4d-b38f-4407-b182-acd8c67c012d,37.819463,-107.4136555
2020-07-05,-2786,979bbc4d-b38f-4407-b182-acd8c67c012d,37.819463,-107.4136555
2020-07-06,-4224,979bbc4d-b38f-4407-b182-acd8c67c012d,37.819463,-107.4136555
2020-07-07,1376,979bbc4d-b38f-4407-b182-acd8c67c012d,37.819463,-107.4136555
2020-07-08,-4450,979bbc4d-b38f-4407-b182-acd8c67c012d,37.819463,-107.4136555
2020-07-09,-3675,979bbc4d-b38f-4407-b182-acd8c67c012d,37.819463,-107.4136555
2020-07-10,-4670,979bbc4d-b38f-4407-b182-acd8c67c012d,37.819463,-107.4136555
2020-07-11,501,979bbc4d-b38f-4407-b182-acd8c67c012d,37.819463,-107.4136555
2020-07-12,-3509,979bbc4d-b38f-4407-b182-acd8c67c012d,37.819463,-107.4136555
2020-07-13,-3391,979bbc4d-b38f-4407-b182-acd8c67c012d,37.819463,-107.4136555
2020-07-14,-33,979bbc4d-b38f-4407-b182-acd8c67c012d,37.819463,-107.4136555
2020-07-15,6282,979bbc4d-b38f-4407-b182-acd8c67c012d,37.819463,-107.4136555
2020-07-16,3823,979bbc4d-b38f-4407-b182-acd8c67c012d,37.819463,-107.4136555
2020-07-17,1611,979bbc4d-b38f-4407-b182-acd8c67c012d,37.819463,-107.4136555
2020-07-18,228,979bbc4d-b38f-4407-b182-acd8c67c012d,37.819463,-107.4136555
2020-07-19,-4531,979bbc4d-b38f-4407-b182-acd8c67c012d,37.819463,-107.4136555
2020-07-20,-411,979bbc4d-b38f-4407-b182-acd8c67c012d,37.819463,-107.4136555
2020-07-21,-4053,979bbc4d-b38f-4407-b182-acd8c67c012d,37.819463,-107.4136555
2020-07-22,1898,979bbc4d-b38f-4407-b182-acd8c67c012d,37.819463,-107.4136555
2020-07-23,1230,979bbc4d-b38f-4407-b182-acd8c67c012d,37.819463,-107.4136555
2020-07-24,-434,979bbc4d-b38f-4407-b182-acd8c67c012d,37.819463,-107.4136555
2020-07-25,490,979bbc4d-b38f-4407-b182-acd8c67c012d,37.819463,-107.4136555
2020-07-26,508,979bbc4d-b38f-4407-b182-acd8c67c012d,37.819463,-107.4136555
2020-07-27,2478,979bbc4d-b38f-4407-b182-acd8c67c012d,37.819463,-107.4136555
2020-07-28,-2722,979bbc4d-b38f-4407-b182-acd8c67c012d,37.819463,-107.4136555
2020-07-29,-4046,979bbc4d-b38f-4407-b182-acd8c67c012d,37.819463,-107.4136555
2020-07-30,-4262,979bbc4d-b38f-4407-b182-acd8c67c012d,37.819463,-107.4136555
2020-07-31,-4433,979bbc4d-b38f-4407-b182-acd8c67c012d,37.819463,-107.4136555
2020-08-01,-3463,979bbc4d-b38f-4407-b182-acd8c67c012d,37.819463,-107.4136555
2020-08-02,-3599,979bbc4d-b38f-4407-b182-acd8c67c012d,37.819463,-107.4136555
2020-08-03,-3259,979bbc4d-b38f-4407-b182-acd8c67c012d,37.819463,-107.4136555
2020-08-04,-4376,979bbc4d-b38f-4407-b182-acd8c67c012d,37.819463,-107.4136555
2020-08-05,-2260,979bbc4d-b38f-4407-b182-acd8c67c012d,37.819463,-107.4136555
2020-08-06,-4264,979bbc4d-b38f-4407-b182-acd8c67c012d,37.819463,-107.4136555
2020-08-07,-4544,979bbc4d-b38f-4407-b182-acd8c67c012d,37.819463,-107.4136555
2020-08-08,945,979bbc4d-b38f-4407-b182-acd8c67c012d,37.819463,-107.4136555
2020-08-09,-3234,979bbc4d-b38f-4407-b182-acd8c67c012d,37.819463,-107.4136555
2020-08-10,-3401,979bbc4d-b38f-4407-b182-acd8c67c012d,37.819463,-107.4136555
2020-08-11,-4086,979bbc4d-b38f-4407-b182-acd8c67c012d,37.819463,-107.4136555
2020-08-12,-4004,979bbc4d-b38f-4407-b182-acd8c67c012d,37.819463,-107.4136555
2020-08-13,-4510,979bbc4d-b38f-4407-b182-acd8c67c012d,37.819463,-107.4136555
2020-08-14,448,979bbc4d-b38f-4407-b182-acd8c67c012d,37.819463,-107.4136555
2020-08-15,-4004,979bbc4d-b38f-4407-b182-acd8c67c012d,37.819463,-107.4136555
2020-08-16,-4056,979bbc4d-b38f-4407-b182-acd8c67c012d,37.819463,-107.4136555
2020-08-17,20,979bbc4d-b38f-4407-b182-acd8c67c012d,37.819463,-107.4136555
2020-08-18,-4132,979bbc4d-b38f-4407-b182-acd8c67c012d,37.819463,-107.4136555
2020-08-19,332,979bbc4d-b38f-4407-b182-acd8c67c012d,37.819463,-107.4136555
2020-08-20,-4141,979bbc4d-b38f-4407-b182-acd8c67c012d,37.819463,-107.4136555
2020-08-21,-4112,979bbc4d-b38f-4407-b182-acd8c67c012d,37.819463,-107.4136555
2020-08-22,1204,979bbc4d-b38f-4407-b182-acd8c67c012d,37.819463,-107.4136555
2020-08-23,1399,979bbc4d-b38f-4407-b182-acd8c67c012d,37.819463,-107.4136555
2020-08-24,635,979bbc4d-b38f-4407-b182-acd8c67c012d,37.819463,-107.4136555
2020-08-25,994,979bbc4d-b38f-4407-b182-acd8c67c012d,37.819463,-107.4136555
2020-08-26,1763,979bbc4d-b38f-4407-b182-acd8c67c012d,37.819463,-107.4136555
2020-08-27,-3684,979bbc4d-b38f-4407-b182-acd8c67c012d,37.819463,-107.4136555
2020-08-28,1916,979bbc4d-b38f-4407-b182-acd8c67c012d,37.819463,-107.4136555
2020-08-29,-2523,979bbc4d-b38f-4407-b182-acd8c67c012d,37.819463,-107.4136555
2020-08-30,3732,979bbc4d-b38f-4407-b182-acd8c67c012d,37.819463,-107.4136555
2020-08-31,-1138,979bbc4d-b38f-4407-b182-acd8c67c012d,37.819463,-107.4136555
2020-09-01,-4387,979bbc4d-b38f-4407-b182-acd8c67c012d,37.819463,-107.4136555
2020-09-02,-3990,979bbc4d-b38f-4407-b182-acd8c67c012d,37.819463,-107.4136555
2020-09-03,-4927,979bbc4d-b38f-4407-b182-acd8c67c012d,37.819463,-107.4136555
2020-09-04,-4171,979bbc4d-b38f-4407-b182-acd8c67c012d,37.819463,-107.4136555
2020-09-05,-4716,979bbc4d-b38f-4407-b182-acd8c67c012d,37.819463,-107.4136555
2020-09-06,-4246,979bbc4d-b38f-4407-b182-acd8c67c012d,37.819463,-107.4136555
2020-09-07,-1920,979bbc4d-b38f-4407-b182-acd8c67c012d,37.819463,-107.4136555
2020-09-08,4856,979bbc4d-b38f-4407-b182-acd8c67c012d,37.819463,-107.4136555
2020-09-09,1008,979bbc4d-b38f-4407-b182-acd8c67c012d,37.819463,-107.4136555
2020-09-10,1671,979bbc4d-b38f-4407-b182-acd8c67c012d,37.819463,-107.4136555
2020-09-11,1396,979bbc4d-b38f-4407-b182-acd8c67c012d,37.819463,-107.4136555
2020-09-12,-1683,979bbc4d-b38f-4407-b182-acd8c67c012d,37.819463,-107.4136555
2020-09-13,-446,979bbc4d-b38f-4407-b182-acd8c67c012d,37.819463,-107.4136555
2020-09-14,-4395,979bbc4d-b38f-4407-b182-acd8c67c012d,37.819463,-107.4136555
2020-09-15,2193,979bbc4d-b38f-4407-b182-acd8c67c012d,37.819463,-107.4136555
2020-09-16,-3246,979bbc4d-b38f-4407-b182-acd8c67c012d,37.819463,-107.4136555
2020-09-17,-2549,979bbc4d-b38f-4407-b182-acd8c67c012d,37.819463,-107.4136555
2020-09-18,-3414,979bbc4d-b38f-4407-b182-acd8c67c012d,37.819463,-107.4136555
2020-09-19,588,979bbc4d-b38f-4407-b182-acd8c67c012d,37.819463,-107.4136555
2020-09-20,-102,979bbc4d-b38f-4407-b182-acd8c67c012d,37.819463,-107.4136555
2020-09-21,-692,979bbc4d-b38f-4407-b182-acd8c67c012d,37.819463,-107.4136555
2020-09-22,4069,979bbc4d-b38f-4407-b182-acd8c67c012d,37.819463,-107.4136555
2020-09-23,-3947,979bbc4d-b38f-4407-b182-acd8c67c012d,37.819463,-107.4136555
2020-09-24,-4469,979bbc4d-b38f-4407-b182-acd8c67c012d,37.819463,-107.4136555
2020-09-25,-4151,979bbc4d-b38f-4407-b182-acd8c67c012d,37.819463,-107.4136555
2020-09-26,-6,979bbc4d-b38f-4407-b182-acd8c67c012d,37.819463,-107.4136555
2020-09-27,-3262,979bbc4d-b38f-4407-b182-acd8c67c012d,37.819463,-107.4136555
2020-09-28,-4698,979bbc4d-b38f-4407-b182-acd8c67c012d,37.819463,-107.4136555
2020-09-29,-4653,979bbc4d-b38f-4407-b182-acd8c67c012d,37.819463,-107.4136555
2020-09-30,-5051,979bbc4d-b38f-4407-b182-acd8c67c012d,37.819463,-107.4136555
2020-10-01,-4587,979bbc4d-b38f-4407-b182-acd8c67c012d,37.819463,-107.4136555
2020-10-02,-1408,979bbc4d-b38f-4407-b182-acd8c67c012d,37.819463,-107.4136555
2020-10-03,-4961,979bbc4d-b38f-4407-b182-acd8c67c012d,37.819463,-107.4136555
2020-10-04,-4226,979bbc4d-b38f-4407-b182-acd8c67c012d,37.819463,-107.4136555
2020-10-05,-5356,979bbc4d-b38f-4407-b182-acd8c67c012d,37.819463,-107.4136555
2020-10-06,-4099,979bbc4d-b38f-4407-b182-acd8c67c012d,37.819463,-107.4136555
2020-10-07,-5010,979bbc4d-b38f-4407-b182-acd8c67c012d,37.819463,-107.4136555
2020-10-08,-4525,979bbc4d-b38f-4407-b182-acd8c67c012d,37.819463,-107.4136555
2020-10-09,-2696,979bbc4d-b38f-4407-b182-acd8c67c012d,37.819463,-107.4136555
2020-10-10,-4911,979bbc4d-b38f-4407-b182-acd8c67c012d,37.819463,-107.4136555
2020-10-11,-827,979bbc4d-b38f-4407-b182-acd8c67c012d,37.819463,-107.4136555
2020-10-12,-5206,979bbc4d-b38f-4407-b182-acd8c67c012d,37.819463,-107.4136555
2020-10-13,-3980,979bbc4d-b38f-4407-b182-acd8c67c012d,37.819463,-107.4136555
2020-10-14,-5185,979bbc4d-b38f-4407-b182-acd8c67c012d,37.819463,-107.4136555
2020-10-15,-2371,979bbc4d-b38f-4407-b182-acd8c67c012d,37.819463,-107.4136555
2020-10-16,-5030,979bbc4d-b38f-4407-b182-acd8c67c012d,37.819463,-107.4136555
2020-10-17,-5082,979bbc4d-b38f-4407-b182-acd8c67c012d,37.819463,-107.4136555
2020-10-18,-4568,979bbc4d-b38f-4407-b182-acd8c67c012d,37.819463,-107.4136555
2020-10-19,-4569,979bbc4d-b38f-4407-b182-acd8c67c012d,37.819463,-107.4136555
2020-10-20,-1067,979bbc4d-b38f-4407-b182-acd8c67c012d,37.819463,-107.4136555
2020-10-21,-5391,979bbc4d-b38f-4407-b182-acd8c67c012d,37.819463,-107.4136555
2020-10-22,-4034,979bbc4d-b38f-4407-b182-acd8c67c012d,37.819463,-107.4136555
2020-10-23,-4819,979bbc4d-b38f-4407-b182-acd8c67c012d,37.819463,-107.4136555
2020-10-24,-4176,979bbc4d-b38f-4407-b182-acd8c67c012d,37.819463,-107.4136555
2020-10-25,2153,979bbc4d-b38f-4407-b182-acd8c67c012d,37.819463,-107.4136555
2020-10-26,4790,979bbc4d-b38f-4407-b182-acd8c67c012d,37.819463,-107.4136555
2020-10-27,4504,979bbc4d-b38f-4407-b182-acd8c67c012d,37.819463,-107.4136555
2020-10-28,5048,979bbc4d-b38f-4407-b182-acd8c67c012d,37.819463,-107.4136555
2020-10-29,2268,979bbc4d-b38f-4407-b182-acd8c67c012d,37.819463,-107.4136555
2020-10-30,-463,979bbc4d-b38f-4407-b182-acd8c67c012d,37.819463,-107.4136555
2020-10-31,2118,979bbc4d-b38f-4407-b182-acd8c67c012d,37.819463,-107.4136555
2020-11-01,-3445,979bbc4d-b38f-4407-b182-acd8c67c012d,37.819463,-107.4136555
2020-11-02,-2609,979bbc4d-b38f-4407-b182-acd8c67c012d,37.819463,-107.4136555
2020-11-03,-2198,979bbc4d-b38f-4407-b182-acd8c67c012d,37.819463,-107.4136555
2020-11-04,-3873,979bbc4d-b38f-4407-b182-acd8c67c012d,37.819463,-107.4136555
2020-11-05,-2480,979bbc4d-b38f-4407-b182-acd8c67c012d,37.819463,-107.4136555
2020-11-06,-4522,979bbc4d-b38f-4407-b182-acd8c67c012d,37.819463,-107.4136555
2020-11-07,4180,979bbc4d-b38f-4407-b182-acd8c67c012d,37.819463,-107.4136555
2020-11-08,5896,979bbc4d-b38f-4407-b182-acd8c67c012d,37.819463,-107.4136555
2020-11-09,3654,979bbc4d-b38f-4407-b182-acd8c67c012d,37.819463,-107.4136555
2020-11-10,5751,979bbc4d-b38f-4407-b182-acd8c67c012d,37.819463,-107.4136555
2020-11-11,6244,979bbc4d-b38f-4407-b182-acd8c67c012d,37.819463,-107.4136555
2020-11-12,5758,979bbc4d-b38f-4407-b182-acd8c67c012d,37.819463,-107.4136555
2020-11-13,6058,979bbc4d-b38f-4407-b182-acd8c67c012d,37.819463,-107.4136555
2020-11-14,3708,979bbc4d-b38f-4407-b182-acd8c67c012d,37.819463,-107.4136555
2020-11-15,6560,979bbc4d-b38f-4407-b182-acd8c67c012d,37.819463,-107.4136555
2020-11-16,6173,979bbc4d-b38f-4407-b182-acd8c67c012d,37.819463,-107.4136555
2020-11-17,7361,979bbc4d-b38f-4407-b182-acd8c67c012d,37.819463,-107.4136555
2020-11-18,515,979bbc4d-b38f-4407-b182-acd8c67c012d,37.819463,-107.4136555
2020-11-19,6985,979bbc4d-b38f-4407-b182-acd8c67c012d,37.819463,-107.4136555
2020-11-20,6867,979bbc4d-b38f-4407-b182-acd8c67c012d,37.819463,-107.4136555
2020-11-21,4323,979bbc4d-b38f-4407-b182-acd8c67c012d,37.819463,-107.4136555
2020-11-22,6202,979bbc4d-b38f-4407-b182-acd8c67c012d,37.819463,-107.4136555
2020-11-23,2818,979bbc4d-b38f-4407-b182-acd8c67c012d,37.819463,-107.4136555
2020-11-24,6092,979bbc4d-b38f-4407-b182-acd8c67c012d,37.819463,-107.4136555
2020-11-25,5487,979bbc4d-b38f-4407-b182-acd8c67c012d,37.819463,-107.4136555
2020-11-26,6911,979bbc4d-b38f-4407-b182-acd8c67c012d,37.819463,-107.4136555
2020-11-27,6788,979bbc4d-b38f-4407-b182-acd8c67c012d,37.819463,-107.4136555
2020-11-28,6176,979bbc4d-b38f-4407-b182-acd8c67c012d,37.819463,-107.4136555
2020-11-29,7192,979bbc4d-b38f-4407-b182-acd8c67c012d,37.819463,-107.4136555
2020-11-30,5379,979bbc4d-b38f-4407-b182-acd8c67c012d,37.819463,-107.4136555
2020-12-01,5352,979bbc4d-b38f-4407-b182-acd8c67c012d,37.819463,-107.4136555
2020-12-02,4155,979bbc4d-b38f-4407-b182-acd8c67c012d,37.819463,-107.4136555
2020-12-03,5931,979bbc4d-b38f-4407-b182-acd8c67c012d,37.819463,-107.4136555
2020-12-04,5994,979bbc4d-b38f-4407-b182-acd8c67c012d,37.819463,-107.4136555
2020-12-05,6278,979bbc4d-b38f-4407-b182-acd8c67c012d,37.819463,-107.4136555
2020-12-06,6239,979bbc4d-b38f-4407-b182-acd8c67c012d,37.819463,-107.4136555
2020-12-07,5717,979bbc4d-b38f-4407-b182-acd8c67c012d,37.819463,-107.4136555
2020-12-08,7068,979bbc4d-b38f-4407-b182-acd8c67c012d,37.819463,-107.4136555
2020-12-09,5765,979bbc4d-b38f-4407-b182-acd8c67c012d,37.819463,-107.4136555
2020-12-10,4577,979bbc4d-b38f-4407-b182-acd8c67c012d,37.819463,-107.4136555
2020-12-11,4617,979bbc4d-b38f-4407-b182-acd8c67c012d,37.819463,-107.4136555
2020-12-12,2557,979bbc4d-b38f-4407-b182-acd8c67c012d,37.819463,-107.4136555
2020-12-13,5582,979bbc4d-b38f-4407-b182-acd8c67c012d,37.819463,-107.4136555
2020-12-14,2038,979bbc4d-b38f-4407-b182-acd8c67c012d,37.819463,-107.4136555
2020-12-15,5850,979bbc4d-b38f-4407-b182-acd8c67c012d,37.819463,-107.4136555
2020-12-16,4889,979bbc4d-b38f-4407-b182-acd8c67c012d,37.819463,-107.4136555
2020-12-17,5778,979bbc4d-b38f-4407-b182-acd8c67c012d,37.819463,-107.4136555
2020-12-18,4417,979bbc4d-b38f-4407-b182-acd8c67c012d,37.819463,-107.4136555
2020-12-19,6513,979bbc4d-b38f-4407-b182-acd8c67c012d,37.819463,-107.4136555
2020-12-20,5071,979bbc4d-b38f-4407-b182-acd8c67c012d,37.819463,-107.4136555
2020-12-21,7207,979bbc4d-b38f-4407-b182-acd8c67c012d,37.819463,-107.4136555
2020-12-22,1638,979bbc4d-b38f-4407-b182-acd8c67c012d,37.819463,-107.4136555
2020-12-23,4172,979bbc4d-b38f-4407-b182-acd8c67c012d,37.819463,-107.4136555
2020-12-24,5458,979bbc4d-b38f-4407-b182-acd8c67c012d,37.819463,-107.4136555
2020-12-25,5227,979bbc4d-b38f-4407-b182-acd8c67c012d,37.819463,-107.4136555
2020-12-26,6882,979bbc4d-b38f-4407-b182-acd8c67c012d,37.819463,-107.4136555
2020-12-27,3875,979bbc4d-b38f-4407-b182-acd8c67c012d,37.819463,-107.4136555
2020-12-28,4245,979bbc4d-b38f-4407-b182-acd8c67c012d,37.819463,-107.4136555
2020-12-29,5274,979bbc4d-b38f-4407-b182-acd8c67c012d,37.819463,-107.4136555
2020-12-30,5441,979bbc4d-b38f-4407-b182-acd8c67c012d,37.819463,-107.4136555
2020-12-31,4960,979bbc4d-b38f-4407-b182-acd8c67c012d,37.819463,-107.4136555
2021-01-01,1856,979bbc4d-b38f-4407-b182-acd8c67c012d,37.819463,-107.4136555
2021-01-02,3536,979bbc4d-b38f-4407-b182-acd8c67c012d,37.819463,-107.4136555
2021-01-03,5172,979bbc4d-b38f-4407-b182-acd8c67c012d,37.819463,-107.4136555
2021-01-04,6155,979bbc4d-b38f-4407-b182-acd8c67c012d,37.819463,-107.4136555
2021-01-05,5015,979bbc4d-b38f-4407-b182-acd8c67c012d,37.819463,-107.4136555
2021-01-06,5882,979bbc4d-b38f-4407-b182-acd8c67c012d,37.819463,-107.4136555
2021-01-07,5644,979bbc4d-b38f-4407-b182-acd8c67c012d,37.819463,-107.4136555
2021-01-08,5702,979bbc4d-b38f-4407-b182-acd8c67c012d,37.819463,-107.4136555
2021-01-09,4507,979bbc4d-b38f-4407-b182-acd8c67c012d,37.819463,-107.4136555
2021-01-10,5539,979bbc4d-b38f-4407-b182-acd8c67c012d,37.819463,-107.4136555
2021-01-11,7561,979bbc4d-b38f-4407-b182-acd8c67c012d,37.819463,-107.4136555
2021-01-12,6567,979bbc4d-b38f-4407-b182-acd8c67c012d,37.819463,-107.4136555
2021-01-13,6332,979bbc4d-b38f-4407-b182-acd8c67c012d,37.819463,-107.4136555
2021-01-14,6522,979bbc4d-b38f-4407-b182-acd8c67c012d,37.819463,-107.4136555
2021-01-15,7147,979bbc4d-b38f-4407-b182-acd8c67c012d,37.819463,-107.4136555
2021-01-16,5108,979bbc4d-b38f-4407-b182-acd8c67c012d,37.819463,-107.4136555
2021-01-17,4310,979bbc4d-b38f-4407-b182-acd8c67c012d,37.819463,-107.4136555
2021-01-18,2421,979bbc4d-b38f-4407-b182-acd8c67c012d,37.819463,-107.4136555
2021-01-19,3734,979bbc4d-b38f-4407-b182-acd8c67c012d,37.819463,-107.4136555
2021-01-20,4978,979bbc4d-b38f-4407-b182-acd8c67c012d,37.819463,-107.4136555
2021-01-21,3023,979bbc4d-b38f-4407-b182-acd8c67c012d,37.819463,-107.4136555
2021-01-22,5803,979bbc4d-b38f-4407-b182-acd8c67c012d,37.819463,-107.4136555
2021-01-23,4297,979bbc4d-b38f-4407-b182-acd8c67c012d,37.819463,-107.4136555
2021-01-24,4214,979bbc4d-b38f-4407-b182-acd8c67c012d,37.819463,-107.4136555
2021-01-25,5618,979bbc4d-b38f-4407-b182-acd8c67c012d,37.819463,-107.4136555
2021-01-26,3572,979bbc4d-b38f-4407-b182-acd8c67c012d,37.819463,-107.4136555
2021-01-27,6424,979bbc4d-b38f-4407-b182-acd8c67c012d,37.819463,-107.4136555
2021-01-28,5593,979bbc4d-b38f-4407-b182-acd8c67c012d,37.819463,-107.4136555
2021-01-29,1718,979bbc4d-b38f-4407-b182-acd8c67c012d,37.819463,-107.4136555
2021-01-30,5262,979bbc4d-b38f-4407-b182-acd8c67c012d,37.819463,-107.4136555
2021-01-31,5964,979bbc4d-b38f-4407-b182-acd8c67c012d,37.819463,-107.4136555
2021-02-01,5640,979bbc4d-b38f-4407-b182-acd8c67c012d,37.819463,-107.4136555
2021-02-02,5438,979bbc4d-b38f-4407-b182-acd8c67c012d,37.819463,-107.4136555
2021-02-03,3224,979bbc4d-b38f-4407-b182-acd8c67c012d,37.819463,-107.4136555
2021-02-04,4666,979bbc4d-b38f-4407-b182-acd8c67c012d,37.819463,-107.4136555
2021-02-05,5284,979bbc4d-b38f-4407-b182-acd8c67c012d,37.819463,-107.4136555
2021-02-06,5050,979bbc4d-b38f-4407-b182-acd8c67c012d,37.819463,-107.4136555
2021-02-07,5744,979bbc4d-b38f-4407-b182-acd8c67c012d,37.819463,-107.4136555
2021-02-08,4350,979bbc4d-b38f-4407-b182-acd8c67c012d,37.819463,-107.4136555
2021-02-09,4085,979bbc4d-b38f-4407-b182-acd8c67c012d,37.819463,-107.4136555
2021-02-10,5756,979bbc4d-b38f-4407-b182-acd8c67c012d,37.819463,-107.4136555
2021-02-11,5764,979bbc4d-b38f-4407-b182-acd8c67c012d,37.819463,-107.4136555
2021-02-12,2306,979bbc4d-b38f-4407-b182-acd8c67c012d,37.819463,-107.4136555
2021-02-13,4353,979bbc4d-b38f-4407-b182-acd8c67c012d,37.819463,-107.4136555
2021-02-14,5383,979bbc4d-b38f-4407-b182-acd8c67c012d,37.819463,-107.4136555
2021-02-15,5856,979bbc4d-b38f-4407-b182-acd8c67c012d,37.819463,-107.4136555
2021-02-16,4677,979bbc4d-b38f-4407-b182-acd8c67c012d,37.819463,-107.4136555
2021-02-17,5544,979bbc4d-b38f-4407-b182-acd8c67c012d,37.819463,-107.4136555
2021-02-18,5878,979bbc4d-b38f-4407-b182-acd8c67c012d,37.819463,-107.4136555
2021-02-19,5700,979bbc4d-b38f-4407-b182-acd8c67c012d,37.819463,-107.4136555
2021-02-20,6184,979bbc4d-b38f-4407-b182-acd8c67c012d,37.819463,-107.4136555
2021-02-21,5880,979bbc4d-b38f-4407-b182-acd8c67c012d,37.819463,-107.4136555
2021-02-22,6362,979bbc4d-b38f-4407-b182-acd8c67c012d,37.819463,-107.4136555
2021-02-23,6429,979bbc4d-b38f-4407-b182-acd8c67c012d,37.819463,-107.4136555
2021-02-24,7558,979bbc4d-b38f-4407-b182-acd8c67c012d,37.819463,-107.4136555
2021-02-25,5547,979bbc4d-b38f-4407-b182-acd8c67c012d,37.819463,-107.4136555
2021-02-26,7019,979bbc4d-b38f-4407-b182-acd8c67c012d,37.819463,-107.4136555
2021-02-27,3806,979bbc4d-b38f-4407-b182-acd8c67c012d,37.819463,-107.4136555
2021-02-28,5372,979bbc4d-b38f-4407-b182-acd8c67c012d,37.819463,-107.4136555
2021-03-01,5752,979bbc4d-b38f-4407-b182-acd8c67c012d,37.819463,-107.4136555
2021-03-02,7297,979bbc4d-b38f-4407-b182-acd8c67c012d,37.819463,-107.4136555
2021-03-03,7219,979bbc4d-b38f-4407-b182-acd8c67c012d,37.819463,-107.4136555
2021-03-04,5889,979bbc4d-b38f-4407-b182-acd8c67c012d,37.819463,-107.4136555
2021-03-05,6976,979bbc4d-b38f-4407-b182-acd8c67c012d,37.819463,-107.4136555
2021-03-06,4815,979bbc4d-b38f-4407-b182-acd8c67c012d,37.819463,-107.4136555
2021-03-07,5174,979bbc4d-b38f-4407-b182-acd8c67c012d,37.819463,-107.4136555
2021-03-08,1377,979bbc4d-b38f-4407-b182-acd8c67c012d,37.819463,-107.4136555
2021-03-09,6786,979bbc4d-b38f-4407-b182-acd8c67c012d,37.819463,-107.4136555
2021-03-10,5270,979bbc4d-b38f-4407-b182-acd8c67c012d,37.819463,-107.4136555
2021-03-11,4682,979bbc4d-b38f-4407-b182-acd8c67c012d,37.819463,-107.4136555
2021-03-12,6187,979bbc4d-b38f-4407-b182-acd8c67c012d,37.819463,-107.4136555
2021-03-13,3932,979bbc4d-b38f-4407-b182-acd8c67c012d,37.819463,-107.4136555
2021-03-14,5521,979bbc4d-b38f-4407-b182-acd8c67c012d,37.819463,-107.4136555
2021-03-15,4397,979bbc4d-b38f-4407-b182-acd8c67c012d,37.819463,-107.4136555
2021-03-16,4016,979bbc4d-b38f-4407-b182-acd8c67c012d,37.819463,-107.4136555
2021-03-17,5723,979bbc4d-b38f-4407-b182-acd8c67c012d,37.819463,-107.4136555
2021-03-18,6462,979bbc4d-b38f-4407-b182-acd8c67c012d,37.819463,-107.4136555
2021-03-19,7322,979bbc4d-b38f-4407-b182-acd8c67c012d,37.819463,-107.4136555
2021-03-20,6304,979bbc4d-b38f-4407-b182-acd8c67c012d,37.819463,-107.4136555
2021-03-21,2625,979bbc4d-b38f-4407-b182-acd8c67c012d,37.819463,-107.4136555
2021-03-22,5152,979bbc4d-b38f-4407-b182-acd8c67c012d,37.819463,-107.4136555
2021-03-23,4273,979bbc4d-b38f-4407-b182-acd8c67c012d,37.819463,-107.4136555
2021-03-24,5483,979bbc4d-b38f-4407-b182-acd8c67c012d,37.819463,-107.4136555
2021-03-25,4408,979bbc4d-b38f-4407-b182-acd8c67c012d,37.819463,-107.4136555
2021-03-26,5148,979bbc4d-b38f-4407-b182-acd8c67c012d,37.819463,-107.4136555
2021-03-27,6414,979bbc4d-b38f-4407-b182-acd8c67c012d,37.819463,-107.4136555
2021-03-28,7429,979bbc4d-b38f-4407-b182-acd8c67c012d,37.819463,-107.4136555
2021-03-29,6732,979bbc4d-b38f-4407-b182-acd8c67c012d,37.819463,-107.4136555
2021-03-30,8403,979bbc4d-b38f-4407-b182-acd8c67c012d,37.819463,-107.4136555
2021-03-31,7104,979bbc4d-b38f-4407-b182-acd8c67c012d,37.819463,-107.4136555
2021-04-01,8112,979bbc4d-b38f-4407-b182-acd8c67c012d,37.819463,-107.4136555
2021-04-02,4470,979bbc4d-b38f-4407-b182-acd8c67c012d,37.819463,-107.4136555
2021-04-03,8133,979bbc4d-b38f-4407-b182-acd8c67c012d,37.819463,-107.4136555
2021-04-04,5949,979bbc4d-b38f-4407-b182-acd8c67c012d,37.819463,-107.4136555
2021-04-05,6661,979bbc4d-b38f-4407-b182-acd8c67c012d,37.819463,-107.4136555
2021-04-06,8644,979bbc4d-b38f-4407-b182-acd8c67c012d,37.819463,-107.4136555
2021-04-07,6191,979bbc4d-b38f-4407-b182-acd8c67c012d,37.819463,-107.4136555
2021-04-08,8481,979bbc4d-b38f-4407-b182-acd8c67c012d,37.819463,-107.4136555
2021-04-09,7695,979bbc4d-b38f-4407-b182-acd8c67c012d,37.819463,-107.4136555
2021-04-10,7263,979bbc4d-b38f-4407-b182-acd8c67c012d,37.819463,-107.4136555
2021-04-11,7476,979bbc4d-b38f-4407-b182-acd8c67c012d,37.819463,-107.4136555
2021-04-12,7851,979bbc4d-b38f-4407-b182-acd8c67c012d,37.819463,-107.4136555
2021-04-13,4202,979bbc4d-b38f-4407-b182-acd8c67c012d,37.819463,-107.4136555
2021-04-14,4924,979bbc4d-b38f-4407-b182-acd8c67c012d,37.819463,-107.4136555
2021-04-15,4518,979bbc4d-b38f-4407-b182-acd8c67c012d,37.819463,-107.4136555
2021-04-16,5090,979bbc4d-b38f-4407-b182-acd8c67c012d,37.819463,-107.4136555
2021-04-17,5186,979bbc4d-b38f-4407-b182-acd8c67c012d,37.819463,-107.4136555
2021-04-18,5900,979bbc4d-b38f-4407-b182-acd8c67c012d,37.819463,-107.4136555
2021-04-19,6348,979bbc4d-b38f-4407-b182-acd8c67c012d,37.819463,-107.4136555
2021-04-20,6187,979bbc4d-b38f-4407-b182-acd8c67c012d,37.819463,-107.4136555
2021-04-21,3406,979bbc4d-b38f-4407-b182-acd8c67c012d,37.819463,-107.4136555
2021-04-22,2812,979bbc4d-b38f-4407-b182-acd8c67c012d,37.819463,-107.4136555
2021-04-23,3344,979bbc4d-b38f-4407-b182-acd8c67c012d,37.819463,-107.4136555
2021-04-24,7090,979bbc4d-b38f-4407-b182-acd8c67c012d,37.819463,-107.4136555
2021-04-25,7391,979bbc4d-b38f-4407-b182-acd8c67c012d,37.819463,-107.4136555
2021-04-26,7184,979bbc4d-b38f-4407-b182-acd8c67c012d,37.819463,-107.4136555
2021-04-27,4063,979bbc4d-b38f-4407-b182-acd8c67c012d,37.819463,-107.4136555
2021-04-28,1816,979bbc4d-b38f-4407-b182-acd8c67c012d,37.819463,-107.4136555
2021-04-29,7397,979bbc4d-b38f-4407-b182-acd8c67c012d,37.819463,-107.4136555
2021-04-30,7243,979bbc4d-b38f-4407-b182-acd8c67c012d,37.819463,-107.4136555
2021-05-01,6295,979bbc4d-b38f-4407-b182-acd8c67c012d,37.819463,-107.4136555
2021-05-02,3894,979bbc4d-b38f-4407-b182-acd8c67c012d,37.819463,-107.4136555
2021-05-03,2521,979bbc4d-b38f-4407-b182-acd8c67c012d,37.819463,-107.4136555
2021-05-04,5675,979bbc4d-b38f-4407-b182-acd8c67c012d,37.819463,-107.4136555
2021-05-05,6800,979bbc4d-b38f-4407-b182-acd8c67c012d,37.819463,-107.4136555
2021-05-06,6947,979bbc4d-b38f-4407-b182-acd8c67c012d,37.819463,-107.4136555
2021-05-07,1479,979bbc4d-b38f-4407-b182-acd8c67c012d,37.819463,-107.4136555
2021-05-08,4497,979bbc4d-b38f-4407-b182-acd8c67c012d,37.819463,-107.4136555
2021-05-09,3023,979bbc4d-b38f-4407-b182-acd8c67c012d,37.819463,-107.4136555
2021-05-10,4416,979bbc4d-b38f-4407-b182-acd8c67c012d,37.819463,-107.4136555
2021-05-11,5236,979bbc4d-b38f-4407-b182-acd8c67c012d,37.819463,-107.4136555
2021-05-12,885,979bbc4d-b38f-4407-b182-acd8c67c012d,37.819463,-107.4136555
2021-05-13,3661,979bbc4d-b38f-4407-b182-acd8c67c012d,37.819463,-107.4136555
2021-05-14,418,979bbc4d-b38f-4407-b182-acd8c67c012d,37.819463,-107.4136555
2021-05-15,2262,979bbc4d-b38f-4407-b182-acd8c67c012d,37.819463,-107.4136555
2021-05-16,2010,979bbc4d-b38f-4407-b182-acd8c67c012d,37.819463,-107.4136555
2021-05-17,2681,979bbc4d-b38f-4407-b182-acd8c67c012d,37.819463,-107.4136555
2021-05-18,6421,979bbc4d-b38f-4407-b182-acd8c67c012d,37.819463,-107.4136555
2021-05-19,1522,979bbc4d-b38f-4407-b182-acd8c67c012d,37.819463,-107.4136555
2021-05-20,1034,979bbc4d-b38f-4407-b182-acd8c67c012d,37.819463,-107.4136555
2021-05-21,5411,979bbc4d-b38f-4407-b182-acd8c67c012d,37.819463,-107.4136555
2021-05-22,6019,979bbc4d-b38f-4407-b182-acd8c67c012d,37.819463,-107.4136555
2021-05-23,6789,979bbc4d-b38f-4407-b182-acd8c67c012d,37.819463,-107.4136555
2021-05-24,8302,979bbc4d-b38f-4407-b182-acd8c67c012d,37.819463,-107.4136555
2021-05-25,1612,979bbc4d-b38f-4407-b182-acd8c67c012d,37.819463,-107.4136555
2021-05-26,1759,979bbc4d-b38f-4407-b182-acd8c67c012d,37.819463,-107.4136555
2021-05-27,-2007,979bbc4d-b38f-4407-b182-acd8c67c012d,37.819463,-107.4136555
2021-05-28,-3030,979bbc4d-b38f-4407-b182-acd8c67c012d,37.819463,-107.4136555
2021-05-29,942,979bbc4d-b38f-4407-b182-acd8c67c012d,37.819463,-107.4136555
2021-05-30,3302,979bbc4d-b38f-4407-b182-acd8c67c012d,37.819463,-107.4136555
2021-05-31,5046,979bbc4d-b38f-4407-b182-acd8c67c012d,37.819463,-107.4136555
2021-06-01,382,979bbc4d-b38f-4407-b182-acd8c67c012d,37.819463,-107.4136555
2021-06-02,1863,979bbc4d-b38f-4407-b182-acd8c67c012d,37.819463,-107.4136555
2021-06-03,-2282,979bbc4d-b38f-4407-b182-acd8c67c012d,37.819463,-107.4136555
2021-06-04,-4121,979bbc4d-b38f-4407-b182-acd8c67c012d,37.819463,-107.4136555
2021-06-05,-1229,979bbc4d-b38f-4407-b182-acd8c67c012d,37.819463,-107.4136555
2021-06-06,-2347,979bbc4d-b38f-4407-b182-acd8c67c012d,37.819463,-107.4136555
2021-06-07,-739,979bbc4d-b38f-4407-b182-acd8c67c012d,37.819463,-107.4136555
2021-06-08,-3578,979bbc4d-b38f-4407-b182-acd8c67c012d,37.819463,-107.4136555
2021-06-09,-3863,979bbc4d-b38f-4407-b182-acd8c67c012d,37.819463,-107.4136555
2021-06-10,-1908,979bbc4d-b38f-4407-b182-acd8c67c012d,37.819463,-107.4136555
2021-06-11,-4727,979bbc4d-b38f-4407-b182-acd8c67c012d,37.819463,-107.4136555
2021-06-12,-2531,979bbc4d-b38f-4407-b182-acd8c67c012d,37.819463,-107.4136555
2021-06-13,-4632,979bbc4d-b38f-4407-b182-acd8c67c012d,37.819463,-107.4136555
2021-06-14,-4021,979bbc4d-b38f-4407-b182-acd8c67c012d,37.819463,-107.4136555
2021-06-15,-3891,979bbc4d-b38f-4407-b182-acd8c67c012d,37.819463,-107.4136555
2021-06-16,-2922,979bbc4d-b38f-4407-b182-acd8c67c012d,37.819463,-107.4136555
2021-06-17,-380,979bbc4d-b38f-4407-b182-acd8c67c012d,37.819463,-107.4136555
2021-06-18,-2350,979bbc4d-b38f-4407-b182-acd8c67c012d,37.819463,-107.4136555
2021-06-19,541,979bbc4d-b38f-4407-b182-acd8c67c012d,37.819463,-107.4136555
2021-06-20,-2209,979bbc4d-b38f-4407-b182-acd8c67c012d,37.819463,-107.4136555
2021-06-21,-3740,979bbc4d-b38f-4407-b182-acd8c67c012d,37.819463,-107.4136555
2021-06-22,-3801,979bbc4d-b38f-4407-b182-acd8c67c012d,37.819463,-107.4136555
2021-06-23,-1463,979bbc4d-b38f-4407-b182-acd8c67c012d,37.819463,-107.4136555
2021-06-24,-194,979bbc4d-b38f-4407-b182-acd8c67c012d,37.819463,-107.4136555
2021-06-25,6088,979bbc4d-b38f-4407-b182-acd8c67c012d,37.819463,-107.4136555
2021-06-26,1151,979bbc4d-b38f-4407-b182-acd8c67c012d,37.819463,-107.4136555
2021-06-27,1892,979bbc4d-b38f-4407-b182-acd8c67c012d,37.819463,-107.4136555
2021-06-28,1098,979bbc4d-b38f-4407-b182-acd8c67c012d,37.819463,-107.4136555
2021-06-29,736,979bbc4d-b38f-4407-b182-acd8c67c012d,37.819463,-107.4136555
2021-06-30,1182,979bbc4d-b38f-4407-b182-acd8c67c012d,37.819463,-107.4136555
2021-07-01,-832,979bbc4d-b38f-4407-b182-acd8c67c012d,37.819463,-107.4136555
2021-07-02,416,979bbc4d-b38f-4407-b182-acd8c67c012d,37.819463,-107.4136555
2021-07-03,-2646,979bbc4d-b38f-4407-b182-acd8c67c012d,37.819463,-107.4136555
2021-07-04,-3364,979bbc4d-b38f-4407-b182-acd8c67c012d,37.819463,-107.4136555
2021-07-05,5671,979bbc4d-b38f-4407-b182-acd8c67c012d,37.819463,-107.4136555
2021-07-06,-4288,979bbc4d-b38f-4407-b182-acd8c67c012d,37.819463,-107.4136555
2021-07-07,1180,979bbc4d-b38f-4407-b182-acd8c67c012d,37.819463,-107.4136555
2021-07-08,721,979bbc4d-b38f-4407-b182-acd8c67c012d,37.819463,-107.4136555
2021-07-09,-2505,979bbc4d-b38f-4407-b182-acd8c67c012d,37.819463,-107.4136555
2021-07-10,-3801,979bbc4d-b38f-4407-b182-acd8c67c012d,37.819463,-107.4136555
2021-07-11,-2904,979bbc4d-b38f-4407-b182-acd8c67c012d,37.819463,-107.4136555
2021-07-12,-623,979bbc4d-b38f-4407-b182-acd8c67c012d,37.819463,-107.4136555
2021-07-13,1164,979bbc4d-b38f-4407-b182-acd8c67c012d,37.819463,-107.4136555
2021-07-14,1583,979bbc4d-b38f-4407-b182-acd8c67c012d,37.819463,-107.4136555
2021-07-15,-1025,979bbc4d-b38f-4407-b182-acd8c67c012d,37.819463,-107.4136555
2021-07-16,127,979bbc4d-b38f-4407-b182-acd8c67c012d,37.819463,-107.4136555
2021-07-17,1134,979bbc4d-b38f-4407-b182-acd8c67c012d,37.819463,-107.4136555
2021-07-18,-4290,979bbc4d-b38f-4407-b182-acd8c67c012d,37.819463,-107.4136555
2021-07-19,-3404,979bbc4d-b38f-4407-b182-acd8c67c012d,37.819463,-107.4136555
2021-07-20,1864,979bbc4d-b38f-4407-b182-acd8c67c012d,37.819463,-107.4136555
2021-07-21,110,979bbc4d-b38f-4407-b182-acd8c67c012d,37.819463,-107.4136555
2021-07-22,754,979bbc4d-b38f-4407-b182-acd8c67c012d,37.819463,-107.4136555
2021-07-23,1057,979bbc4d-b38f-4407-b182-acd8c67c012d,37.819463,-107.4136555
2021-07-24,-1553,979bbc4d-b38f-4407-b182-acd8c67c012d,37.819463,-107.4136555
2021-07-25,-1293,979bbc4d-b38f-4407-b182-acd8c67c012d,37.819463,-107.4136555
2021-07-26,61,979bbc4d-b38f-4407-b182-acd8c67c012d,37.819463,-107.4136555
2021-07-27,-712,979bbc4d-b38f-4407-b182-acd8c67c012d,37.819463,-107.4136555
2021-07-28,-116,979bbc4d-b38f-4407-b182-acd8c67c012d,37.819463,-107.4136555
2021-07-29,-3629,979bbc4d-b38f-4407-b182-acd8c67c012d,37.819463,-107.4136555
2021-07-30,210,979bbc4d-b38f-4407-b182-acd8c67c012d,37.819463,-107.4136555
2021-07-31,5930,979bbc4d-b38f-4407-b182-acd8c67c012d,37.819463,-107.4136555
2021-08-01,463,979bbc4d-b38f-4407-b182-acd8c67c012d,37.819463,-107.4136555
2021-08-02,1294,979bbc4d-b38f-4407-b182-acd8c67c012d,37.819463,-107.4136555
2021-08-03,4404,979bbc4d-b38f-4407-b182-acd8c67c012d,37.819463,-107.4136555
2021-08-04,-2910,979bbc4d-b38f-4407-b182-acd8c67c012d,37.819463,-107.4136555
2021-08-05,-4086,979bbc4d-b38f-4407-b182-acd8c67c012d,37.819463,-107.4136555
2021-08-06,862,979bbc4d-b38f-4407-b182-acd8c67c012d,37.819463,-107.4136555
2021-08-07,-3022,979bbc4d-b38f-4407-b182-acd8c67c012d,37.819463,-107.4136555
2021-08-08,-3416,979bbc4d-b38f-4407-b182-acd8c67c012d,37.819463,-107.4136555
2021-08-09,-3799,979bbc4d-b38f-4407-b182-acd8c67c012d,37.819463,-107.4136555
2021-08-10,2041,979bbc4d-b38f-4407-b182-acd8c67c012d,37.819463,-107.4136555
2021-08-11,-683,979bbc4d-b38f-4407-b182-acd8c67c012d,37.819463,-107.4136555
2021-08-12,-2398,979bbc4d-b38f-4407-b182-acd8c67c012d,37.819463,-107.4136555
2021-08-13,-2068,979bbc4d-b38f-4407-b182-acd8c67c012d,37.819463,-107.4136555
2021-08-14,-2988,979bbc4d-b38f-4407-b182-acd8c67c012d,37.819463,-107.4136555
2021-08-15,-967,979bbc4d-b38f-4407-b182-acd8c67c012d,37.819463,-107.4136555
2021-08-16,-3294,979bbc4d-b38f-4407-b182-acd8c67c012d,37.819463,-107.4136555
2021-08-17,-1556,979bbc4d-b38f-4407-b182-acd8c67c012d,37.819463,-107.4136555
2021-08-18,-262,979bbc4d-b38f-4407-b182-acd8c67c012d,37.819463,-107.4136555
2021-08-19,936,979bbc4d-b38f-4407-b182-acd8c67c012d,37.819463,-107.4136555
2021-08-20,-3611,979bbc4d-b38f-4407-b182-acd8c67c012d,37.819463,-107.4136555
2021-08-21,-1091,979bbc4d-b38f-4407-b182-acd8c67c012d,37.819463,-107.4136555
2021-08-22,-3829,979bbc4d-b38f-4407-b182-acd8c67c012d,37.819463,-107.4136555
2021-08-23,-3209,979bbc4d-b38f-4407-b182-acd8c67c012d,37.819463,-107.4136555
2021-08-24,-4295,979bbc4d-b38f-4407-b182-acd8c67c012d,37.819463,-107.4136555
2021-08-25,-4173,979bbc4d-b38f-4407-b182-acd8c67c012d,37.819463,-107.4136555
2021-08-26,-467,979bbc4d-b38f-4407-b182-acd8c67c012d,37.819463,-107.4136555
2021-08-27,-2699,979bbc4d-b38f-4407-b182-acd8c67c012d,37.819463,-107.4136555
2021-08-28,-4349,979bbc4d-b38f-4407-b182-acd8c67c012d,37.819463,-107.4136555
2021-08-29,-1183,979bbc4d-b38f-4407-b182-acd8c67c012d,37.819463,-107.4136555
2021-08-30,-3932,979bbc4d-b38f-4407-b182-acd8c67c012d,37.819463,-107.4136555
2021-08-31,2111,979bbc4d-b38f-4407-b182-acd8c67c012d,37.819463,-107.4136555
2021-09-01,3349,979bbc4d-b38f-4407-b182-acd8c67c012d,37.819463,-107.4136555
2021-09-02,1501,979bbc4d-b38f-4407-b182-acd8c67c012d,37.819463,-107.4136555
2021-09-03,-3350,979bbc4d-b38f-4407-b182-acd8c67c012d,37.819463,-107.4136555
2021-09-04,-4308,979bbc4d-b38f-4407-b182-acd8c67c012d,37.819463,-107.4136555
2021-09-05,-3837,979bbc4d-b38f-4407-b182-acd8c67c012d,37.819463,-107.4136555
2021-09-06,-4277,979bbc4d-b38f-4407-b182-acd8c67c012d,37.819463,-107.4136555
2021-09-07,-3633,979bbc4d-b38f-4407-b182-acd8c67c012d,37.819463,-107.4136555
2021-09-08,-4408,979bbc4d-b38f-4407-b182-acd8c67c012d,37.819463,-107.4136555
2021-09-09,-3798,979bbc4d-b38f-4407-b182-acd8c67c012d,37.819463,-107.4136555
2021-09-10,-2259,979bbc4d-b38f-4407-b182-acd8c67c012d,37.819463,-107.4136555
2021-09-11,-4150,979bbc4d-b38f-4407-b182-acd8c67c012d,37.819463,-107.4136555
2021-09-12,1487,979bbc4d-b38f-4407-b182-acd8c67c012d,37.819463,-107.4136555
2021-09-13,-3140,979bbc4d-b38f-4407-b182-acd8c67c012d,37.819463,-107.4136555
2021-09-14,1356,979bbc4d-b38f-4407-b182-acd8c67c012d,37.819463,-107.4136555
2021-09-15,-4610,979bbc4d-b38f-4407-b182-acd8c67c012d,37.819463,-107.4136555
2021-09-16,-1936,979bbc4d-b38f-4407-b182-acd8c67c012d,37.819463,-107.4136555
2021-09-17,-4418,979bbc4d-b38f-4407-b182-acd8c67c012d,37.819463,-107.4136555
2021-09-18,-942,979bbc4d-b38f-4407-b182-acd8c67c012d,37.819463,-107.4136555
2021-09-19,-3283,979bbc4d-b38f-4407-b182-acd8c67c012d,37.819463,-107.4136555
2021-09-20,-4044,979bbc4d-b38f-4407-b182-acd8c67c012d,37.819463,-107.4136555
2021-09-21,-4194,979bbc4d-b38f-4407-b182-acd8c67c012d,37.819463,-107.4136555
2021-09-23,-2341,979bbc4d-b38f-4407-b182-acd8c67c012d,37.819463,-107.4136555
2021-09-24,-4859,979bbc4d-b38f-4407-b182-acd8c67c012d,37.819463,-107.4136555
2021-09-25,-3774,979bbc4d-b38f-4407-b182-acd8c67c012d,37.819463,-107.4136555
2021-09-26,-2671,979bbc4d-b38f-4407-b182-acd8c67c012d,37.819463,-107.4136555
2021-09-27,1521,979bbc4d-b38f-4407-b182-acd8c67c012d,37.819463,-107.4136555
2021-09-28,1151,979bbc4d-b38f-4407-b182-acd8c67c012d,37.819463,-107.4136555
2021-09-29,5219,979bbc4d-b38f-4407-b182-acd8c67c012d,37.819463,-107.4136555
2021-09-30,1595,979bbc4d-b38f-4407-b182-acd8c67c012d,37.819463,-107.4136555
2021-10-01,4715,979bbc4d-b38f-4407-b182-acd8c67c012d,37.819463,-107.4136555
2021-10-02,-1876,979bbc4d-b38f-4407-b182-acd8c67c012d,37.819463,-107.4136555
2021-10-03,-442,979bbc4d-b38f-4407-b182-acd8c67c012d,37.819463,-107.4136555
2021-10-04,-3706,979bbc4d-b38f-4407-b182-acd8c67c012d,37.819463,-107.4136555
2021-10-05,-2345,979bbc4d-b38f-4407-b182-acd8c67c012d,37.819463,-107.4136555
2021-10-06,-1436,979bbc4d-b38f-4407-b182-acd8c67c012d,37.819463,-107.4136555
2021-10-07,-3988,979bbc4d-b38f-4407-b182-acd8c67c012d,37.819463,-107.4136555
2021-10-08,-817,979bbc4d-b38f-4407-b182-acd8c67c012d,37.819463,-107.4136555
2021-10-09,1176,979bbc4d-b38f-4407-b182-acd8c67c012d,37.819463,-107.4136555
2021-10-10,-3378,979bbc4d-b38f-4407-b182-acd8c67c012d,37.819463,-107.4136555
2021-10-11,-619,979bbc4d-b38f-4407-b182-acd8c67c012d,37.819463,-107.4136555
2021-10-12,3948,979bbc4d-b38f-4407-b182-acd8c67c012d,37.819463,-107.4136555
2021-10-13,5312,979bbc4d-b38f-4407-b182-acd8c67c012d,37.819463,-107.4136555
2021-10-14,3484,979bbc4d-b38f-4407-b182-acd8c67c012d,37.819463,-107.4136555
2021-10-15,5213,979bbc4d-b38f-4407-b182-acd8c67c012d,37.819463,-107.4136555
2021-10-16,3609,979bbc4d-b38f-4407-b182-acd8c67c012d,37.819463,-107.4136555
2021-10-17,4203,979bbc4d-b38f-4407-b182-acd8c67c012d,37.819463,-107.4136555
2021-10-18,955,979bbc4d-b38f-4407-b182-acd8c67c012d,37.819463,-107.4136555
2021-10-19,4064,979bbc4d-b38f-4407-b182-acd8c67c012d,37.819463,-107.4136555
2021-10-20,3245,979bbc4d-b38f-4407-b182-acd8c67c012d,37.819463,-107.4136555
2021-10-21,2915,979bbc4d-b38f-4407-b182-acd8c67c012d,37.819463,-107.4136555
2021-10-22,1892,979bbc4d-b38f-4407-b182-acd8c67c012d,37.819463,-107.4136555
2021-10-23,2915,979bbc4d-b38f-4407-b182-acd8c67c012d,37.819463,-107.4136555
2021-10-24,-143,979bbc4d-b38f-4407-b182-acd8c67c012d,37.819463,-107.4136555
2021-10-25,1785,979bbc4d-b38f-4407-b182-acd8c67c012d,37.819463,-107.4136555
2021-10-26,4046,979bbc4d-b38f-4407-b182-acd8c67c012d,37.819463,-107.4136555
2021-10-27,4087,979bbc4d-b38f-4407-b182-acd8c67c012d,37.819463,-107.4136555
2021-10-28,3764,979bbc4d-b38f-4407-b182-acd8c67c012d,37.819463,-107.4136555
2021-10-29,2303,979bbc4d-b38f-4407-b182-acd8c67c012d,37.819463,-107.4136555
2021-10-30,3421,979bbc4d-b38f-4407-b182-acd8c67c012d,37.819463,-107.4136555
2021-10-31,1157,979bbc4d-b38f-4407-b182-acd8c67c012d,37.819463,-107.4136555
2021-11-01,337,979bbc4d-b38f-4407-b182-acd8c67c012d,37.819463,-107.4136555
2021-11-02,1296,979bbc4d-b38f-4407-b182-acd8c67c012d,37.819463,-107.4136555
2021-11-03,2270,979bbc4d-b38f-4407-b182-acd8c67c012d,37.819463,-107.4136555
2021-11-04,139,979bbc4d-b38f-4407-b182-acd8c67c012d,37.819463,-107.4136555
2021-11-05,649,979bbc4d-b38f-4407-b182-acd8c67c012d,37.819463,-107.4136555
2021-11-06,-210,979bbc4d-b38f-4407-b182-acd8c67c012d,37.819463,-107.4136555
2021-11-07,-2013,979bbc4d-b38f-4407-b182-acd8c67c012d,37.819463,-107.4136555
2021-11-08,-969,979bbc4d-b38f-4407-b182-acd8c67c012d,37.819463,-107.4136555
2021-11-09,1509,979bbc4d-b38f-4407-b182-acd8c67c012d,37.819463,-107.4136555
2021-11-10,3496,979bbc4d-b38f-4407-b182-acd8c67c012d,37.819463,-107.4136555
2021-11-11,4181,979bbc4d-b38f-4407-b182-acd8c67c012d,37.819463,-107.4136555
2021-11-12,1884,979bbc4d-b38f-4407-b182-acd8c67c012d,37.819463,-107.4136555
2021-11-13,329,979bbc4d-b38f-4407-b182-acd8c67c012d,37.819463,-107.4136555
2021-11-14,-510,979bbc4d-b38f-4407-b182-acd8c67c012d,37.819463,-107.4136555
2021-11-15,2785,979bbc4d-b38f-4407-b182-acd8c67c012d,37.819463,-107.4136555
2021-11-16,918,979bbc4d-b38f-4407-b182-acd8c67c012d,37.819463,-107.4136555
2021-11-17,3284,979bbc4d-b38f-4407-b182-acd8c67c012d,37.819463,-107.4136555
2021-11-18,642,979bbc4d-b38f-4407-b182-acd8c67c012d,37.819463,-107.4136555
2021-11-19,-756,979bbc4d-b38f-4407-b182-acd8c67c012d,37.819463,-107.4136555
2021-11-20,1733,979bbc4d-b38f-4407-b182-acd8c67c012d,37.819463,-107.4136555
2021-11-21,-3,979bbc4d-b38f-4407-b182-acd8c67c012d,37.819463,-107.4136555
2021-11-22,-1077,979bbc4d-b38f-4407-b182-acd8c67c012d,37.819463,-107.4136555
2021-11-23,3388,979bbc4d-b38f-4407-b182-acd8c67c012d,37.819463,-107.4136555
2021-11-24,1653,979bbc4d-b38f-4407-b182-acd8c67c012d,37.819463,-107.4136555
2021-11-25,-1170,979bbc4d-b38f-4407-b182-acd8c67c012d,37.819463,-107.4136555
2021-11-26,-1812,979bbc4d-b38f-4407-b182-acd8c67c012d,37.819463,-107.4136555
2021-11-27,-1488,979bbc4d-b38f-4407-b182-acd8c67c012d,37.819463,-107.4136555
2021-11-28,-2252,979bbc4d-b38f-4407-b182-acd8c67c012d,37.819463,-107.4136555
2021-11-29,-151,979bbc4d-b38f-4407-b182-acd8c67c012d,37.819463,-107.4136555
2021-11-30,533,979bbc4d-b38f-4407-b182-acd8c67c012d,37.819463,-107.4136555
2021-12-01,-1744,979bbc4d-b38f-4407-b182-acd8c67c012d,37.819463,-107.4136555
2021-12-02,-2262,979bbc4d-b38f-4407-b182-acd8c67c012d,37.819463,-107.4136555
2021-12-03,-1500,979bbc4d-b38f-4407-b182-acd8c67c012d,37.819463,-107.4136555
2021-12-04,-2798,979bbc4d-b38f-4407-b182-acd8c67c012d,37.819463,-107.4136555
2021-12-05,599,979bbc4d-b38f-4407-b182-acd8c67c012d,37.819463,-107.4136555
2021-12-06,-95,979bbc4d-b38f-4407-b182-acd8c67c012d,37.819463,-107.4136555
2021-12-07,3054,979bbc4d-b38f-4407-b182-acd8c67c012d,37.819463,-107.4136555
2021-12-08,3134,979bbc4d-b38f-4407-b182-acd8c67c012d,37.819463,-107.4136555
2021-12-09,4709,979bbc4d-b38f-4407-b182-acd8c67c012d,37.819463,-107.4136555
2021-12-10,3968,979bbc4d-b38f-4407-b182-acd8c67c012d,37.819463,-107.4136555
2021-12-11,5450,979bbc4d-b38f-4407-b182-acd8c67c012d,37.819463,-107.4136555
2021-12-12,4810,979bbc4d-b38f-4407-b182-acd8c67c012d,37.819463,-107.4136555
2021-12-13,6081,979bbc4d-b38f-4407-b182-acd8c67c012d,37.819463,-107.4136555
2021-12-14,2236,979bbc4d-b38f-4407-b182-acd8c67c012d,37.819463,-107.4136555
2021-12-15,4712,979bbc4d-b38f-4407-b182-acd8c67c012d,37.819463,-107.4136555
2021-12-16,4052,979bbc4d-b38f-4407-b182-acd8c67c012d,37.819463,-107.4136555
2021-12-17,4958,979bbc4d-b38f-4407-b182-acd8c67c012d,37.819463,-107.4136555
2021-12-18,6184,979bbc4d-b38f-4407-b182-acd8c67c012d,37.819463,-107.4136555
2021-12-19,5412,979bbc4d-b38f-4407-b182-acd8c67c012d,37.819463,-107.4136555
2021-12-20,6974,979bbc4d-b38f-4407-b182-acd8c67c012d,37.819463,-107.4136555
2021-12-21,5087,979bbc4d-b38f-4407-b182-acd8c67c012d,37.819463,-107.4136555
2021-12-22,6234,979bbc4d-b38f-4407-b182-acd8c67c012d,37.819463,-107.4136555
2021-12-23,2008,979bbc4d-b38f-4407-b182-acd8c67c012d,37.819463,-107.4136555
2021-12-24,4132,979bbc4d-b38f-4407-b182-acd8c67c012d,37.819463,-107.4136555
2021-12-25,5466,979bbc4d-b38f-4407-b182-acd8c67c012d,37.819463,-107.4136555
2021-12-26,4389,979bbc4d-b38f-4407-b182-acd8c67c012d,37.819463,-107.4136555
2021-12-27,3709,979bbc4d-b38f-4407-b182-acd8c67c012d,37.819463,-107.4136555
2021-12-28,1706,979bbc4d-b38f-4407-b182-acd8c67c012d,37.819463,-107.4136555
2021-12-29,5500,979bbc4d-b38f-4407-b182-acd8c67c012d,37.819463,-107.4136555
2021-12-30,2771,979bbc4d-b38f-4407-b182-acd8c67c012d,37.819463,-107.4136555
