date,rmax,cell_id,latitude,longitude
2013-01-01 06:00:00,100.0,0a820e12-033b-45d6-9ef9-d70f4c5e5b63,39.889883,-111.2494615
2013-01-02 06:00:00,99.46324015260318,0a820e12-033b-45d6-9ef9-d70f4c5e5b63,39.889883,-111.2494615
2013-01-03 06:00:00,71.83514526925258,0a820e12-033b-45d6-9ef9-d70f4c5e5b63,39.889883,-111.2494615
2013-01-04 06:00:00,44.943157361262806,0a820e12-033b-45d6-9ef9-d70f4c5e5b63,39.889883,-111.2494615
2013-01-05 06:00:00,69.09909926296083,0a820e12-033b-45d6-9ef9-d70f4c5e5b63,39.889883,-111.2494615
2013-01-06 06:00:00,57.14461229854874,0a820e12-033b-45d6-9ef9-d70f4c5e5b63,39.889883,-111.2494615
2013-01-07 06:00:00,53.8329851776505,0a820e12-033b-45d6-9ef9-d70f4c5e5b63,39.889883,-111.2494615
2013-01-08 06:00:00,98.15987980010075,0a820e12-033b-45d6-9ef9-d70f4c5e5b63,39.889883,-111.2494615
2013-01-09 06:00:00,96.15928273205579,0a820e12-033b-45d6-9ef9-d70f4c5e5b63,39.889883,-111.2494615
2013-01-10 06:00:00,84.08402125897376,0a820e12-033b-45d6-9ef9-d70f4c5e5b63,39.889883,-111.2494615
2013-01-11 06:00:00,100.0,0a820e12-033b-45d6-9ef9-d70f4c5e5b63,39.889883,-111.2494615
2013-01-12 06:00:00,100.0,0a820e12-033b-45d6-9ef9-d70f4c5e5b63,39.889883,-111.2494615
2013-01-13 06:00:00,96.51663884299667,0a820e12-033b-45d6-9ef9-d70f4c5e5b63,39.889883,-111.2494615
2013-01-14 06:00:00,100.0,0a820e12-033b-45d6-9ef9-d70f4c5e5b63,39.889883,-111.2494615
2013-01-15 06:00:00,100.0,0a820e12-033b-45d6-9ef9-d70f4c5e5b63,39.889883,-111.2494615
2013-01-16 06:00:00,100.0,0a820e12-033b-45d6-9ef9-d70f4c5e5b63,39.889883,-111.2494615
2013-01-17 06:00:00,74.12436752392765,0a820e12-033b-45d6-9ef9-d70f4c5e5b63,39.889883,-111.2494615
2013-01-18 06:00:00,52.11940954096393,0a820e12-033b-45d6-9ef9-d70f4c5e5b63,39.889883,-111.2494615
2013-01-19 06:00:00,64.30474401185785,0a820e12-033b-45d6-9ef9-d70f4c5e5b63,39.889883,-111.2494615
2013-01-20 06:00:00,54.78770365269857,0a820e12-033b-45d6-9ef9-d70f4c5e5b63,39.889883,-111.2494615
2013-01-21 06:00:00,63.5277264974115,0a820e12-033b-45d6-9ef9-d70f4c5e5b63,39.889883,-111.2494615
2013-01-22 06:00:00,49.3318944238951,0a820e12-033b-45d6-9ef9-d70f4c5e5b63,39.889883,-111.2494615
2013-01-23 06:00:00,35.804791704752446,0a820e12-033b-45d6-9ef9-d70f4c5e5b63,39.889883,-111.2494615
2013-01-24 06:00:00,65.3630378510197,0a820e12-033b-45d6-9ef9-d70f4c5e5b63,39.889883,-111.2494615
2013-01-25 06:00:00,100.0,0a820e12-033b-45d6-9ef9-d70f4c5e5b63,39.889883,-111.2494615
2013-01-26 06:00:00,93.48021277977482,0a820e12-033b-45d6-9ef9-d70f4c5e5b63,39.889883,-111.2494615
2013-01-27 06:00:00,100.0,0a820e12-033b-45d6-9ef9-d70f4c5e5b63,39.889883,-111.2494615
2013-01-28 06:00:00,100.0,0a820e12-033b-45d6-9ef9-d70f4c5e5b63,39.889883,-111.2494615
2013-01-29 06:00:00,100.0,0a820e12-033b-45d6-9ef9-d70f4c5e5b63,39.889883,-111.2494615
2013-01-30 06:00:00,100.0,0a820e12-033b-45d6-9ef9-d70f4c5e5b63,39.889883,-111.2494615
2013-01-31 06:00:00,100.0,0a820e12-033b-45d6-9ef9-d70f4c5e5b63,39.889883,-111.2494615
2013-02-01 06:00:00,100.0,0a820e12-033b-45d6-9ef9-d70f4c5e5b63,39.889883,-111.2494615
2013-02-02 06:00:00,96.10336062125683,0a820e12-033b-45d6-9ef9-d70f4c5e5b63,39.889883,-111.2494615
2013-02-03 06:00:00,56.42397690186487,0a820e12-033b-45d6-9ef9-d70f4c5e5b63,39.889883,-111.2494615
2013-02-04 06:00:00,81.42490385494287,0a820e12-033b-45d6-9ef9-d70f4c5e5b63,39.889883,-111.2494615
2013-02-05 06:00:00,80.26544420023853,0a820e12-033b-45d6-9ef9-d70f4c5e5b63,39.889883,-111.2494615
2013-02-06 06:00:00,95.4264966507619,0a820e12-033b-45d6-9ef9-d70f4c5e5b63,39.889883,-111.2494615
2013-02-07 06:00:00,90.70920521623246,0a820e12-033b-45d6-9ef9-d70f4c5e5b63,39.889883,-111.2494615
2013-02-08 06:00:00,80.53889510858735,0a820e12-033b-45d6-9ef9-d70f4c5e5b63,39.889883,-111.2494615
2013-02-09 06:00:00,98.13419545442582,0a820e12-033b-45d6-9ef9-d70f4c5e5b63,39.889883,-111.2494615
2013-02-10 06:00:00,98.21603790077599,0a820e12-033b-45d6-9ef9-d70f4c5e5b63,39.889883,-111.2494615
2013-02-11 06:00:00,100.0,0a820e12-033b-45d6-9ef9-d70f4c5e5b63,39.889883,-111.2494615
2013-02-12 06:00:00,100.0,0a820e12-033b-45d6-9ef9-d70f4c5e5b63,39.889883,-111.2494615
2013-02-13 06:00:00,100.0,0a820e12-033b-45d6-9ef9-d70f4c5e5b63,39.889883,-111.2494615
2013-02-14 06:00:00,100.0,0a820e12-033b-45d6-9ef9-d70f4c5e5b63,39.889883,-111.2494615
2013-02-15 06:00:00,100.0,0a820e12-033b-45d6-9ef9-d70f4c5e5b63,39.889883,-111.2494615
2013-02-16 06:00:00,79.62779546449458,0a820e12-033b-45d6-9ef9-d70f4c5e5b63,39.889883,-111.2494615
2013-02-17 06:00:00,91.83460067440618,0a820e12-033b-45d6-9ef9-d70f4c5e5b63,39.889883,-111.2494615
2013-02-18 06:00:00,100.0,0a820e12-033b-45d6-9ef9-d70f4c5e5b63,39.889883,-111.2494615
2013-02-19 06:00:00,72.03781880588917,0a820e12-033b-45d6-9ef9-d70f4c5e5b63,39.889883,-111.2494615
2013-02-20 06:00:00,84.52649740856123,0a820e12-033b-45d6-9ef9-d70f4c5e5b63,39.889883,-111.2494615
2013-02-21 06:00:00,100.0,0a820e12-033b-45d6-9ef9-d70f4c5e5b63,39.889883,-111.2494615
2013-02-22 06:00:00,100.0,0a820e12-033b-45d6-9ef9-d70f4c5e5b63,39.889883,-111.2494615
2013-02-23 06:00:00,100.0,0a820e12-033b-45d6-9ef9-d70f4c5e5b63,39.889883,-111.2494615
2013-02-24 06:00:00,100.0,0a820e12-033b-45d6-9ef9-d70f4c5e5b63,39.889883,-111.2494615
2013-02-25 06:00:00,100.0,0a820e12-033b-45d6-9ef9-d70f4c5e5b63,39.889883,-111.2494615
2013-02-26 06:00:00,100.0,0a820e12-033b-45d6-9ef9-d70f4c5e5b63,39.889883,-111.2494615
2013-02-27 06:00:00,100.0,0a820e12-033b-45d6-9ef9-d70f4c5e5b63,39.889883,-111.2494615
2013-02-28 06:00:00,91.29640014178484,0a820e12-033b-45d6-9ef9-d70f4c5e5b63,39.889883,-111.2494615
2013-03-01 06:00:00,87.00144896814751,0a820e12-033b-45d6-9ef9-d70f4c5e5b63,39.889883,-111.2494615
2013-03-02 06:00:00,87.74599558855043,0a820e12-033b-45d6-9ef9-d70f4c5e5b63,39.889883,-111.2494615
2013-03-03 06:00:00,74.9884438757947,0a820e12-033b-45d6-9ef9-d70f4c5e5b63,39.889883,-111.2494615
2013-03-04 06:00:00,100.0,0a820e12-033b-45d6-9ef9-d70f4c5e5b63,39.889883,-111.2494615
2013-03-05 06:00:00,83.20976694233723,0a820e12-033b-45d6-9ef9-d70f4c5e5b63,39.889883,-111.2494615
2013-03-06 06:00:00,67.98615150341514,0a820e12-033b-45d6-9ef9-d70f4c5e5b63,39.889883,-111.2494615
2013-03-07 06:00:00,84.77589715364692,0a820e12-033b-45d6-9ef9-d70f4c5e5b63,39.889883,-111.2494615
2013-03-08 06:00:00,71.06514958077837,0a820e12-033b-45d6-9ef9-d70f4c5e5b63,39.889883,-111.2494615
2013-03-09 06:00:00,100.0,0a820e12-033b-45d6-9ef9-d70f4c5e5b63,39.889883,-111.2494615
2013-03-10 06:00:00,98.41411184507339,0a820e12-033b-45d6-9ef9-d70f4c5e5b63,39.889883,-111.2494615
2013-03-11 06:00:00,83.37107150065887,0a820e12-033b-45d6-9ef9-d70f4c5e5b63,39.889883,-111.2494615
2013-03-12 06:00:00,96.44708504552905,0a820e12-033b-45d6-9ef9-d70f4c5e5b63,39.889883,-111.2494615
2013-03-13 06:00:00,84.0832012936516,0a820e12-033b-45d6-9ef9-d70f4c5e5b63,39.889883,-111.2494615
2013-03-14 06:00:00,55.478595553738664,0a820e12-033b-45d6-9ef9-d70f4c5e5b63,39.889883,-111.2494615
2013-03-15 06:00:00,53.43266577257114,0a820e12-033b-45d6-9ef9-d70f4c5e5b63,39.889883,-111.2494615
2013-03-16 06:00:00,63.03900084068732,0a820e12-033b-45d6-9ef9-d70f4c5e5b63,39.889883,-111.2494615
2013-03-17 06:00:00,79.31309808872433,0a820e12-033b-45d6-9ef9-d70f4c5e5b63,39.889883,-111.2494615
2013-03-18 06:00:00,75.56298060045435,0a820e12-033b-45d6-9ef9-d70f4c5e5b63,39.889883,-111.2494615
2013-03-19 06:00:00,61.52546141168266,0a820e12-033b-45d6-9ef9-d70f4c5e5b63,39.889883,-111.2494615
2013-03-20 06:00:00,64.85484065036572,0a820e12-033b-45d6-9ef9-d70f4c5e5b63,39.889883,-111.2494615
2013-03-21 06:00:00,100.0,0a820e12-033b-45d6-9ef9-d70f4c5e5b63,39.889883,-111.2494615
2013-03-22 06:00:00,87.12912875075429,0a820e12-033b-45d6-9ef9-d70f4c5e5b63,39.889883,-111.2494615
2013-03-23 06:00:00,90.06848259816616,0a820e12-033b-45d6-9ef9-d70f4c5e5b63,39.889883,-111.2494615
2013-03-24 06:00:00,88.31617976198757,0a820e12-033b-45d6-9ef9-d70f4c5e5b63,39.889883,-111.2494615
2013-03-25 06:00:00,82.96796202085935,0a820e12-033b-45d6-9ef9-d70f4c5e5b63,39.889883,-111.2494615
2013-03-26 06:00:00,72.31138607168334,0a820e12-033b-45d6-9ef9-d70f4c5e5b63,39.889883,-111.2494615
2013-03-27 06:00:00,69.04421424314997,0a820e12-033b-45d6-9ef9-d70f4c5e5b63,39.889883,-111.2494615
2013-03-28 06:00:00,55.514575018345795,0a820e12-033b-45d6-9ef9-d70f4c5e5b63,39.889883,-111.2494615
2013-03-29 06:00:00,64.87546977684748,0a820e12-033b-45d6-9ef9-d70f4c5e5b63,39.889883,-111.2494615
2013-03-30 06:00:00,68.19710165543322,0a820e12-033b-45d6-9ef9-d70f4c5e5b63,39.889883,-111.2494615
2013-03-31 06:00:00,67.58628021328352,0a820e12-033b-45d6-9ef9-d70f4c5e5b63,39.889883,-111.2494615
2013-04-01 06:00:00,68.1402674097643,0a820e12-033b-45d6-9ef9-d70f4c5e5b63,39.889883,-111.2494615
2013-04-02 06:00:00,92.27026225467276,0a820e12-033b-45d6-9ef9-d70f4c5e5b63,39.889883,-111.2494615
2013-04-03 06:00:00,93.41976170177296,0a820e12-033b-45d6-9ef9-d70f4c5e5b63,39.889883,-111.2494615
2013-04-04 06:00:00,66.50853086734071,0a820e12-033b-45d6-9ef9-d70f4c5e5b63,39.889883,-111.2494615
2013-04-05 06:00:00,80.23369409673138,0a820e12-033b-45d6-9ef9-d70f4c5e5b63,39.889883,-111.2494615
2013-04-06 06:00:00,79.35501617784105,0a820e12-033b-45d6-9ef9-d70f4c5e5b63,39.889883,-111.2494615
2013-04-07 06:00:00,80.41800992229561,0a820e12-033b-45d6-9ef9-d70f4c5e5b63,39.889883,-111.2494615
2013-04-08 06:00:00,79.18708410621034,0a820e12-033b-45d6-9ef9-d70f4c5e5b63,39.889883,-111.2494615
2013-04-09 06:00:00,100.0,0a820e12-033b-45d6-9ef9-d70f4c5e5b63,39.889883,-111.2494615
2013-04-10 06:00:00,93.08626433033801,0a820e12-033b-45d6-9ef9-d70f4c5e5b63,39.889883,-111.2494615
2013-04-11 06:00:00,90.14622803028095,0a820e12-033b-45d6-9ef9-d70f4c5e5b63,39.889883,-111.2494615
2013-04-12 06:00:00,87.57954040321738,0a820e12-033b-45d6-9ef9-d70f4c5e5b63,39.889883,-111.2494615
2013-04-13 06:00:00,68.91855952507953,0a820e12-033b-45d6-9ef9-d70f4c5e5b63,39.889883,-111.2494615
2013-04-14 06:00:00,84.8691394941754,0a820e12-033b-45d6-9ef9-d70f4c5e5b63,39.889883,-111.2494615
2013-04-15 06:00:00,80.67924905580551,0a820e12-033b-45d6-9ef9-d70f4c5e5b63,39.889883,-111.2494615
2013-04-16 06:00:00,100.0,0a820e12-033b-45d6-9ef9-d70f4c5e5b63,39.889883,-111.2494615
2013-04-17 06:00:00,89.47289934057358,0a820e12-033b-45d6-9ef9-d70f4c5e5b63,39.889883,-111.2494615
2013-04-18 06:00:00,76.37527350534948,0a820e12-033b-45d6-9ef9-d70f4c5e5b63,39.889883,-111.2494615
2013-04-19 06:00:00,71.48049871685186,0a820e12-033b-45d6-9ef9-d70f4c5e5b63,39.889883,-111.2494615
2013-04-20 06:00:00,93.83330394902748,0a820e12-033b-45d6-9ef9-d70f4c5e5b63,39.889883,-111.2494615
2013-04-21 06:00:00,89.1145886447822,0a820e12-033b-45d6-9ef9-d70f4c5e5b63,39.889883,-111.2494615
2013-04-22 06:00:00,89.67563637962013,0a820e12-033b-45d6-9ef9-d70f4c5e5b63,39.889883,-111.2494615
2013-04-23 06:00:00,72.69588466053175,0a820e12-033b-45d6-9ef9-d70f4c5e5b63,39.889883,-111.2494615
2013-04-24 06:00:00,56.81141405224915,0a820e12-033b-45d6-9ef9-d70f4c5e5b63,39.889883,-111.2494615
2013-04-25 06:00:00,60.74644432765458,0a820e12-033b-45d6-9ef9-d70f4c5e5b63,39.889883,-111.2494615
2013-04-26 06:00:00,45.91295689499299,0a820e12-033b-45d6-9ef9-d70f4c5e5b63,39.889883,-111.2494615
2013-04-27 06:00:00,46.8304370222927,0a820e12-033b-45d6-9ef9-d70f4c5e5b63,39.889883,-111.2494615
2013-04-28 06:00:00,50.16593089025679,0a820e12-033b-45d6-9ef9-d70f4c5e5b63,39.889883,-111.2494615
2013-04-29 06:00:00,63.81086518743843,0a820e12-033b-45d6-9ef9-d70f4c5e5b63,39.889883,-111.2494615
2013-04-30 06:00:00,82.4554099192174,0a820e12-033b-45d6-9ef9-d70f4c5e5b63,39.889883,-111.2494615
2013-05-01 06:00:00,67.8943365866227,0a820e12-033b-45d6-9ef9-d70f4c5e5b63,39.889883,-111.2494615
2013-05-02 06:00:00,63.865331956351234,0a820e12-033b-45d6-9ef9-d70f4c5e5b63,39.889883,-111.2494615
2013-05-03 06:00:00,47.13374940286587,0a820e12-033b-45d6-9ef9-d70f4c5e5b63,39.889883,-111.2494615
2013-05-04 06:00:00,43.091348425945036,0a820e12-033b-45d6-9ef9-d70f4c5e5b63,39.889883,-111.2494615
2013-05-05 06:00:00,44.99568475130317,0a820e12-033b-45d6-9ef9-d70f4c5e5b63,39.889883,-111.2494615
2013-05-06 06:00:00,51.487244482104664,0a820e12-033b-45d6-9ef9-d70f4c5e5b63,39.889883,-111.2494615
2013-05-07 06:00:00,74.88013535353632,0a820e12-033b-45d6-9ef9-d70f4c5e5b63,39.889883,-111.2494615
2013-05-08 06:00:00,80.42448585370735,0a820e12-033b-45d6-9ef9-d70f4c5e5b63,39.889883,-111.2494615
2013-05-09 06:00:00,81.21758387751942,0a820e12-033b-45d6-9ef9-d70f4c5e5b63,39.889883,-111.2494615
2013-05-10 06:00:00,64.15037366263103,0a820e12-033b-45d6-9ef9-d70f4c5e5b63,39.889883,-111.2494615
2013-05-11 06:00:00,57.50686373449037,0a820e12-033b-45d6-9ef9-d70f4c5e5b63,39.889883,-111.2494615
2013-05-12 06:00:00,53.78336922404168,0a820e12-033b-45d6-9ef9-d70f4c5e5b63,39.889883,-111.2494615
2013-05-13 06:00:00,43.450143900367365,0a820e12-033b-45d6-9ef9-d70f4c5e5b63,39.889883,-111.2494615
2013-05-14 06:00:00,45.812222213671696,0a820e12-033b-45d6-9ef9-d70f4c5e5b63,39.889883,-111.2494615
2013-05-15 06:00:00,45.368149497626035,0a820e12-033b-45d6-9ef9-d70f4c5e5b63,39.889883,-111.2494615
2013-05-16 06:00:00,49.64923567124808,0a820e12-033b-45d6-9ef9-d70f4c5e5b63,39.889883,-111.2494615
2013-05-17 06:00:00,48.83358084685076,0a820e12-033b-45d6-9ef9-d70f4c5e5b63,39.889883,-111.2494615
2013-05-18 06:00:00,81.8915327584319,0a820e12-033b-45d6-9ef9-d70f4c5e5b63,39.889883,-111.2494615
2013-05-19 06:00:00,74.36667029460654,0a820e12-033b-45d6-9ef9-d70f4c5e5b63,39.889883,-111.2494615
2013-05-20 06:00:00,85.01729953828286,0a820e12-033b-45d6-9ef9-d70f4c5e5b63,39.889883,-111.2494615
2013-05-21 06:00:00,76.76104704753152,0a820e12-033b-45d6-9ef9-d70f4c5e5b63,39.889883,-111.2494615
2013-05-22 06:00:00,42.2602615209585,0a820e12-033b-45d6-9ef9-d70f4c5e5b63,39.889883,-111.2494615
2013-05-23 06:00:00,41.134608466081374,0a820e12-033b-45d6-9ef9-d70f4c5e5b63,39.889883,-111.2494615
2013-05-24 06:00:00,59.16756813702845,0a820e12-033b-45d6-9ef9-d70f4c5e5b63,39.889883,-111.2494615
2013-05-25 06:00:00,37.03220510620469,0a820e12-033b-45d6-9ef9-d70f4c5e5b63,39.889883,-111.2494615
2013-05-26 06:00:00,35.59863269868324,0a820e12-033b-45d6-9ef9-d70f4c5e5b63,39.889883,-111.2494615
2013-05-27 06:00:00,51.05542455531866,0a820e12-033b-45d6-9ef9-d70f4c5e5b63,39.889883,-111.2494615
2013-05-28 06:00:00,65.39452014001546,0a820e12-033b-45d6-9ef9-d70f4c5e5b63,39.889883,-111.2494615
2013-05-29 06:00:00,93.85903935069875,0a820e12-033b-45d6-9ef9-d70f4c5e5b63,39.889883,-111.2494615
2013-05-30 06:00:00,80.90195515754706,0a820e12-033b-45d6-9ef9-d70f4c5e5b63,39.889883,-111.2494615
2013-05-31 06:00:00,72.00359351091137,0a820e12-033b-45d6-9ef9-d70f4c5e5b63,39.889883,-111.2494615
2013-06-01 06:00:00,49.99586115626904,0a820e12-033b-45d6-9ef9-d70f4c5e5b63,39.889883,-111.2494615
2013-06-02 06:00:00,39.37217799784245,0a820e12-033b-45d6-9ef9-d70f4c5e5b63,39.889883,-111.2494615
2013-06-03 06:00:00,37.98774035970561,0a820e12-033b-45d6-9ef9-d70f4c5e5b63,39.889883,-111.2494615
2013-06-04 06:00:00,41.379380869567115,0a820e12-033b-45d6-9ef9-d70f4c5e5b63,39.889883,-111.2494615
2013-06-05 06:00:00,58.29265656530915,0a820e12-033b-45d6-9ef9-d70f4c5e5b63,39.889883,-111.2494615
2013-06-06 06:00:00,48.30365203916167,0a820e12-033b-45d6-9ef9-d70f4c5e5b63,39.889883,-111.2494615
2013-06-07 06:00:00,51.63811394890647,0a820e12-033b-45d6-9ef9-d70f4c5e5b63,39.889883,-111.2494615
2013-06-08 06:00:00,56.40142956642834,0a820e12-033b-45d6-9ef9-d70f4c5e5b63,39.889883,-111.2494615
2013-06-09 06:00:00,48.43827133252141,0a820e12-033b-45d6-9ef9-d70f4c5e5b63,39.889883,-111.2494615
2013-06-10 06:00:00,36.79879516586877,0a820e12-033b-45d6-9ef9-d70f4c5e5b63,39.889883,-111.2494615
2013-06-11 06:00:00,41.177040551693196,0a820e12-033b-45d6-9ef9-d70f4c5e5b63,39.889883,-111.2494615
2013-06-12 06:00:00,43.45951829309987,0a820e12-033b-45d6-9ef9-d70f4c5e5b63,39.889883,-111.2494615
2013-06-13 06:00:00,35.54580294523708,0a820e12-033b-45d6-9ef9-d70f4c5e5b63,39.889883,-111.2494615
2013-06-14 06:00:00,56.38264883883993,0a820e12-033b-45d6-9ef9-d70f4c5e5b63,39.889883,-111.2494615
2013-06-15 06:00:00,45.56296596215021,0a820e12-033b-45d6-9ef9-d70f4c5e5b63,39.889883,-111.2494615
2013-06-16 06:00:00,37.26556484967729,0a820e12-033b-45d6-9ef9-d70f4c5e5b63,39.889883,-111.2494615
2013-06-17 06:00:00,31.44719640972296,0a820e12-033b-45d6-9ef9-d70f4c5e5b63,39.889883,-111.2494615
2013-06-18 06:00:00,28.809619945786803,0a820e12-033b-45d6-9ef9-d70f4c5e5b63,39.889883,-111.2494615
2013-06-19 06:00:00,30.04451529949875,0a820e12-033b-45d6-9ef9-d70f4c5e5b63,39.889883,-111.2494615
2013-06-20 06:00:00,50.91431554403296,0a820e12-033b-45d6-9ef9-d70f4c5e5b63,39.889883,-111.2494615
2013-06-21 06:00:00,45.50452492487213,0a820e12-033b-45d6-9ef9-d70f4c5e5b63,39.889883,-111.2494615
2013-06-22 06:00:00,51.90076713451867,0a820e12-033b-45d6-9ef9-d70f4c5e5b63,39.889883,-111.2494615
2013-06-23 06:00:00,49.130281949525155,0a820e12-033b-45d6-9ef9-d70f4c5e5b63,39.889883,-111.2494615
2013-06-24 06:00:00,41.83541135815501,0a820e12-033b-45d6-9ef9-d70f4c5e5b63,39.889883,-111.2494615
2013-06-25 06:00:00,62.0387567808355,0a820e12-033b-45d6-9ef9-d70f4c5e5b63,39.889883,-111.2494615
2013-06-26 06:00:00,54.83643490127696,0a820e12-033b-45d6-9ef9-d70f4c5e5b63,39.889883,-111.2494615
2013-06-27 06:00:00,48.38786332806908,0a820e12-033b-45d6-9ef9-d70f4c5e5b63,39.889883,-111.2494615
2013-06-28 06:00:00,42.935663985104604,0a820e12-033b-45d6-9ef9-d70f4c5e5b63,39.889883,-111.2494615
2013-06-29 06:00:00,38.97050592093885,0a820e12-033b-45d6-9ef9-d70f4c5e5b63,39.889883,-111.2494615
2013-06-30 06:00:00,40.2938985741976,0a820e12-033b-45d6-9ef9-d70f4c5e5b63,39.889883,-111.2494615
2013-07-01 06:00:00,40.07055615231438,0a820e12-033b-45d6-9ef9-d70f4c5e5b63,39.889883,-111.2494615
2013-07-02 06:00:00,43.99235282435339,0a820e12-033b-45d6-9ef9-d70f4c5e5b63,39.889883,-111.2494615
2013-07-03 06:00:00,47.17649090485118,0a820e12-033b-45d6-9ef9-d70f4c5e5b63,39.889883,-111.2494615
2013-07-04 06:00:00,56.95132918812198,0a820e12-033b-45d6-9ef9-d70f4c5e5b63,39.889883,-111.2494615
2013-07-05 06:00:00,71.2026915564,0a820e12-033b-45d6-9ef9-d70f4c5e5b63,39.889883,-111.2494615
2013-07-06 06:00:00,66.07270632350065,0a820e12-033b-45d6-9ef9-d70f4c5e5b63,39.889883,-111.2494615
2013-07-07 06:00:00,73.54888300670811,0a820e12-033b-45d6-9ef9-d70f4c5e5b63,39.889883,-111.2494615
2013-07-08 06:00:00,67.27191992604583,0a820e12-033b-45d6-9ef9-d70f4c5e5b63,39.889883,-111.2494615
2013-07-09 06:00:00,48.07050244548898,0a820e12-033b-45d6-9ef9-d70f4c5e5b63,39.889883,-111.2494615
2013-07-10 06:00:00,39.73943133900323,0a820e12-033b-45d6-9ef9-d70f4c5e5b63,39.889883,-111.2494615
2013-07-11 06:00:00,40.65440999784645,0a820e12-033b-45d6-9ef9-d70f4c5e5b63,39.889883,-111.2494615
2013-07-12 06:00:00,89.55737635857562,0a820e12-033b-45d6-9ef9-d70f4c5e5b63,39.889883,-111.2494615
2013-07-13 06:00:00,75.64732848416163,0a820e12-033b-45d6-9ef9-d70f4c5e5b63,39.889883,-111.2494615
2013-07-14 06:00:00,74.81440804621941,0a820e12-033b-45d6-9ef9-d70f4c5e5b63,39.889883,-111.2494615
2013-07-15 06:00:00,56.98076964480241,0a820e12-033b-45d6-9ef9-d70f4c5e5b63,39.889883,-111.2494615
2013-07-16 06:00:00,69.20407848339798,0a820e12-033b-45d6-9ef9-d70f4c5e5b63,39.889883,-111.2494615
2013-07-17 06:00:00,76.6390870785461,0a820e12-033b-45d6-9ef9-d70f4c5e5b63,39.889883,-111.2494615
2013-07-18 06:00:00,71.60227261378974,0a820e12-033b-45d6-9ef9-d70f4c5e5b63,39.889883,-111.2494615
2013-07-19 06:00:00,57.24317343586104,0a820e12-033b-45d6-9ef9-d70f4c5e5b63,39.889883,-111.2494615
2013-07-20 06:00:00,44.65118742677544,0a820e12-033b-45d6-9ef9-d70f4c5e5b63,39.889883,-111.2494615
2013-07-21 06:00:00,40.38761163515122,0a820e12-033b-45d6-9ef9-d70f4c5e5b63,39.889883,-111.2494615
2013-07-22 06:00:00,55.761248114019544,0a820e12-033b-45d6-9ef9-d70f4c5e5b63,39.889883,-111.2494615
2013-07-23 06:00:00,36.17752283369842,0a820e12-033b-45d6-9ef9-d70f4c5e5b63,39.889883,-111.2494615
2013-07-24 06:00:00,42.707585052989565,0a820e12-033b-45d6-9ef9-d70f4c5e5b63,39.889883,-111.2494615
2013-07-25 06:00:00,60.553007219477955,0a820e12-033b-45d6-9ef9-d70f4c5e5b63,39.889883,-111.2494615
2013-07-26 06:00:00,51.23123632289677,0a820e12-033b-45d6-9ef9-d70f4c5e5b63,39.889883,-111.2494615
2013-07-27 06:00:00,90.51356189129328,0a820e12-033b-45d6-9ef9-d70f4c5e5b63,39.889883,-111.2494615
2013-07-28 06:00:00,100.0,0a820e12-033b-45d6-9ef9-d70f4c5e5b63,39.889883,-111.2494615
2013-07-29 06:00:00,83.35869896515156,0a820e12-033b-45d6-9ef9-d70f4c5e5b63,39.889883,-111.2494615
2013-07-30 06:00:00,73.82449907701216,0a820e12-033b-45d6-9ef9-d70f4c5e5b63,39.889883,-111.2494615
2013-07-31 06:00:00,57.34480526862636,0a820e12-033b-45d6-9ef9-d70f4c5e5b63,39.889883,-111.2494615
2013-08-01 06:00:00,64.72830783230853,0a820e12-033b-45d6-9ef9-d70f4c5e5b63,39.889883,-111.2494615
2013-08-02 06:00:00,71.25472463657354,0a820e12-033b-45d6-9ef9-d70f4c5e5b63,39.889883,-111.2494615
2013-08-03 06:00:00,56.54913784610869,0a820e12-033b-45d6-9ef9-d70f4c5e5b63,39.889883,-111.2494615
2013-08-04 06:00:00,56.979571392951506,0a820e12-033b-45d6-9ef9-d70f4c5e5b63,39.889883,-111.2494615
2013-08-05 06:00:00,70.95759668432828,0a820e12-033b-45d6-9ef9-d70f4c5e5b63,39.889883,-111.2494615
2013-08-06 06:00:00,61.65899070027473,0a820e12-033b-45d6-9ef9-d70f4c5e5b63,39.889883,-111.2494615
2013-08-07 06:00:00,64.87912725277884,0a820e12-033b-45d6-9ef9-d70f4c5e5b63,39.889883,-111.2494615
2013-08-08 06:00:00,67.15479749251836,0a820e12-033b-45d6-9ef9-d70f4c5e5b63,39.889883,-111.2494615
2013-08-09 06:00:00,75.24128656323079,0a820e12-033b-45d6-9ef9-d70f4c5e5b63,39.889883,-111.2494615
2013-08-10 06:00:00,62.9410503046001,0a820e12-033b-45d6-9ef9-d70f4c5e5b63,39.889883,-111.2494615
2013-08-11 06:00:00,63.518112116530034,0a820e12-033b-45d6-9ef9-d70f4c5e5b63,39.889883,-111.2494615
2013-08-12 06:00:00,69.19989934486192,0a820e12-033b-45d6-9ef9-d70f4c5e5b63,39.889883,-111.2494615
2013-08-13 06:00:00,70.92585653060898,0a820e12-033b-45d6-9ef9-d70f4c5e5b63,39.889883,-111.2494615
2013-08-14 06:00:00,50.727809950063964,0a820e12-033b-45d6-9ef9-d70f4c5e5b63,39.889883,-111.2494615
2013-08-15 06:00:00,42.53976583985668,0a820e12-033b-45d6-9ef9-d70f4c5e5b63,39.889883,-111.2494615
2013-08-16 06:00:00,42.053610624546494,0a820e12-033b-45d6-9ef9-d70f4c5e5b63,39.889883,-111.2494615
2013-08-17 06:00:00,57.39261028374241,0a820e12-033b-45d6-9ef9-d70f4c5e5b63,39.889883,-111.2494615
2013-08-18 06:00:00,84.30477309020468,0a820e12-033b-45d6-9ef9-d70f4c5e5b63,39.889883,-111.2494615
2013-08-19 06:00:00,81.43499023760592,0a820e12-033b-45d6-9ef9-d70f4c5e5b63,39.889883,-111.2494615
2013-08-20 06:00:00,79.97851037474294,0a820e12-033b-45d6-9ef9-d70f4c5e5b63,39.889883,-111.2494615
2013-08-21 06:00:00,84.12940500239206,0a820e12-033b-45d6-9ef9-d70f4c5e5b63,39.889883,-111.2494615
2013-08-22 06:00:00,90.77699794530638,0a820e12-033b-45d6-9ef9-d70f4c5e5b63,39.889883,-111.2494615
2013-08-23 06:00:00,100.0,0a820e12-033b-45d6-9ef9-d70f4c5e5b63,39.889883,-111.2494615
2013-08-24 06:00:00,100.0,0a820e12-033b-45d6-9ef9-d70f4c5e5b63,39.889883,-111.2494615
2013-08-25 06:00:00,100.0,0a820e12-033b-45d6-9ef9-d70f4c5e5b63,39.889883,-111.2494615
2013-08-26 06:00:00,100.0,0a820e12-033b-45d6-9ef9-d70f4c5e5b63,39.889883,-111.2494615
2013-08-27 06:00:00,100.0,0a820e12-033b-45d6-9ef9-d70f4c5e5b63,39.889883,-111.2494615
2013-08-28 06:00:00,100.0,0a820e12-033b-45d6-9ef9-d70f4c5e5b63,39.889883,-111.2494615
2013-08-29 06:00:00,84.98510936777447,0a820e12-033b-45d6-9ef9-d70f4c5e5b63,39.889883,-111.2494615
2013-08-30 06:00:00,72.46875941374762,0a820e12-033b-45d6-9ef9-d70f4c5e5b63,39.889883,-111.2494615
2013-08-31 06:00:00,92.90022324827339,0a820e12-033b-45d6-9ef9-d70f4c5e5b63,39.889883,-111.2494615
2013-09-01 06:00:00,100.0,0a820e12-033b-45d6-9ef9-d70f4c5e5b63,39.889883,-111.2494615
2013-09-02 06:00:00,100.0,0a820e12-033b-45d6-9ef9-d70f4c5e5b63,39.889883,-111.2494615
2013-09-03 06:00:00,93.18863604548346,0a820e12-033b-45d6-9ef9-d70f4c5e5b63,39.889883,-111.2494615
2013-09-04 06:00:00,94.9315293048642,0a820e12-033b-45d6-9ef9-d70f4c5e5b63,39.889883,-111.2494615
2013-09-05 06:00:00,75.09205234590004,0a820e12-033b-45d6-9ef9-d70f4c5e5b63,39.889883,-111.2494615
2013-09-06 06:00:00,74.98973515265486,0a820e12-033b-45d6-9ef9-d70f4c5e5b63,39.889883,-111.2494615
2013-09-07 06:00:00,86.34823620881568,0a820e12-033b-45d6-9ef9-d70f4c5e5b63,39.889883,-111.2494615
2013-09-08 06:00:00,100.0,0a820e12-033b-45d6-9ef9-d70f4c5e5b63,39.889883,-111.2494615
2013-09-09 06:00:00,100.0,0a820e12-033b-45d6-9ef9-d70f4c5e5b63,39.889883,-111.2494615
2013-09-10 06:00:00,100.0,0a820e12-033b-45d6-9ef9-d70f4c5e5b63,39.889883,-111.2494615
2013-09-11 06:00:00,100.0,0a820e12-033b-45d6-9ef9-d70f4c5e5b63,39.889883,-111.2494615
2013-09-12 06:00:00,100.0,0a820e12-033b-45d6-9ef9-d70f4c5e5b63,39.889883,-111.2494615
2013-09-13 06:00:00,100.0,0a820e12-033b-45d6-9ef9-d70f4c5e5b63,39.889883,-111.2494615
2013-09-14 06:00:00,100.0,0a820e12-033b-45d6-9ef9-d70f4c5e5b63,39.889883,-111.2494615
2013-09-15 06:00:00,100.0,0a820e12-033b-45d6-9ef9-d70f4c5e5b63,39.889883,-111.2494615
2013-09-16 06:00:00,98.99810291690477,0a820e12-033b-45d6-9ef9-d70f4c5e5b63,39.889883,-111.2494615
2013-09-17 06:00:00,90.3919928792122,0a820e12-033b-45d6-9ef9-d70f4c5e5b63,39.889883,-111.2494615
2013-09-18 06:00:00,94.4793195384873,0a820e12-033b-45d6-9ef9-d70f4c5e5b63,39.889883,-111.2494615
2013-09-19 06:00:00,68.85215428107283,0a820e12-033b-45d6-9ef9-d70f4c5e5b63,39.889883,-111.2494615
2013-09-20 06:00:00,72.32471147377521,0a820e12-033b-45d6-9ef9-d70f4c5e5b63,39.889883,-111.2494615
2013-09-21 06:00:00,71.45281367077061,0a820e12-033b-45d6-9ef9-d70f4c5e5b63,39.889883,-111.2494615
2013-09-22 06:00:00,92.80672562042031,0a820e12-033b-45d6-9ef9-d70f4c5e5b63,39.889883,-111.2494615
2013-09-23 06:00:00,95.99370827550952,0a820e12-033b-45d6-9ef9-d70f4c5e5b63,39.889883,-111.2494615
2013-09-24 06:00:00,83.31521201845084,0a820e12-033b-45d6-9ef9-d70f4c5e5b63,39.889883,-111.2494615
2013-09-25 06:00:00,68.25659872868293,0a820e12-033b-45d6-9ef9-d70f4c5e5b63,39.889883,-111.2494615
2013-09-26 06:00:00,98.24003074579907,0a820e12-033b-45d6-9ef9-d70f4c5e5b63,39.889883,-111.2494615
2013-09-27 06:00:00,100.0,0a820e12-033b-45d6-9ef9-d70f4c5e5b63,39.889883,-111.2494615
2013-09-28 06:00:00,100.0,0a820e12-033b-45d6-9ef9-d70f4c5e5b63,39.889883,-111.2494615
2013-09-29 06:00:00,75.72104498649355,0a820e12-033b-45d6-9ef9-d70f4c5e5b63,39.889883,-111.2494615
2013-09-30 06:00:00,55.64956843474373,0a820e12-033b-45d6-9ef9-d70f4c5e5b63,39.889883,-111.2494615
2013-10-01 06:00:00,64.41593571094738,0a820e12-033b-45d6-9ef9-d70f4c5e5b63,39.889883,-111.2494615
2013-10-02 06:00:00,64.85256383049591,0a820e12-033b-45d6-9ef9-d70f4c5e5b63,39.889883,-111.2494615
2013-10-03 06:00:00,100.0,0a820e12-033b-45d6-9ef9-d70f4c5e5b63,39.889883,-111.2494615
2013-10-04 06:00:00,96.28746609141669,0a820e12-033b-45d6-9ef9-d70f4c5e5b63,39.889883,-111.2494615
2013-10-05 06:00:00,91.74882841431486,0a820e12-033b-45d6-9ef9-d70f4c5e5b63,39.889883,-111.2494615
2013-10-06 06:00:00,68.51850186917964,0a820e12-033b-45d6-9ef9-d70f4c5e5b63,39.889883,-111.2494615
2013-10-07 06:00:00,60.79603306804287,0a820e12-033b-45d6-9ef9-d70f4c5e5b63,39.889883,-111.2494615
2013-10-08 06:00:00,55.51486499775362,0a820e12-033b-45d6-9ef9-d70f4c5e5b63,39.889883,-111.2494615
2013-10-09 06:00:00,57.56509632921999,0a820e12-033b-45d6-9ef9-d70f4c5e5b63,39.889883,-111.2494615
2013-10-10 06:00:00,88.33168534250417,0a820e12-033b-45d6-9ef9-d70f4c5e5b63,39.889883,-111.2494615
2013-10-11 06:00:00,100.0,0a820e12-033b-45d6-9ef9-d70f4c5e5b63,39.889883,-111.2494615
2013-10-12 06:00:00,84.67221662651701,0a820e12-033b-45d6-9ef9-d70f4c5e5b63,39.889883,-111.2494615
2013-10-13 06:00:00,81.91425564337281,0a820e12-033b-45d6-9ef9-d70f4c5e5b63,39.889883,-111.2494615
2013-10-14 06:00:00,100.0,0a820e12-033b-45d6-9ef9-d70f4c5e5b63,39.889883,-111.2494615
2013-10-15 06:00:00,99.48293318395092,0a820e12-033b-45d6-9ef9-d70f4c5e5b63,39.889883,-111.2494615
2013-10-16 06:00:00,87.5774947635478,0a820e12-033b-45d6-9ef9-d70f4c5e5b63,39.889883,-111.2494615
2013-10-17 06:00:00,72.83643012831598,0a820e12-033b-45d6-9ef9-d70f4c5e5b63,39.889883,-111.2494615
2013-10-18 06:00:00,88.40279781279136,0a820e12-033b-45d6-9ef9-d70f4c5e5b63,39.889883,-111.2494615
2013-10-19 06:00:00,68.8015870800147,0a820e12-033b-45d6-9ef9-d70f4c5e5b63,39.889883,-111.2494615
2013-10-20 06:00:00,57.22373552662002,0a820e12-033b-45d6-9ef9-d70f4c5e5b63,39.889883,-111.2494615
2013-10-21 06:00:00,71.52938474888292,0a820e12-033b-45d6-9ef9-d70f4c5e5b63,39.889883,-111.2494615
2013-10-22 06:00:00,59.06571583385302,0a820e12-033b-45d6-9ef9-d70f4c5e5b63,39.889883,-111.2494615
2013-10-23 06:00:00,59.771771240968675,0a820e12-033b-45d6-9ef9-d70f4c5e5b63,39.889883,-111.2494615
2013-10-24 06:00:00,53.63414540442282,0a820e12-033b-45d6-9ef9-d70f4c5e5b63,39.889883,-111.2494615
2013-10-25 06:00:00,59.35180078824056,0a820e12-033b-45d6-9ef9-d70f4c5e5b63,39.889883,-111.2494615
2013-10-26 06:00:00,57.79647607592233,0a820e12-033b-45d6-9ef9-d70f4c5e5b63,39.889883,-111.2494615
2013-10-27 06:00:00,62.52866912048751,0a820e12-033b-45d6-9ef9-d70f4c5e5b63,39.889883,-111.2494615
2013-10-28 06:00:00,67.742380724146,0a820e12-033b-45d6-9ef9-d70f4c5e5b63,39.889883,-111.2494615
2013-10-29 06:00:00,90.60480814283001,0a820e12-033b-45d6-9ef9-d70f4c5e5b63,39.889883,-111.2494615
2013-10-30 06:00:00,98.37022774396205,0a820e12-033b-45d6-9ef9-d70f4c5e5b63,39.889883,-111.2494615
2013-10-31 06:00:00,95.71490290534393,0a820e12-033b-45d6-9ef9-d70f4c5e5b63,39.889883,-111.2494615
2013-11-01 06:00:00,91.99591977190121,0a820e12-033b-45d6-9ef9-d70f4c5e5b63,39.889883,-111.2494615
2013-11-02 06:00:00,61.232681641564895,0a820e12-033b-45d6-9ef9-d70f4c5e5b63,39.889883,-111.2494615
2013-11-03 06:00:00,95.0413223868729,0a820e12-033b-45d6-9ef9-d70f4c5e5b63,39.889883,-111.2494615
2013-11-04 06:00:00,81.87976281291826,0a820e12-033b-45d6-9ef9-d70f4c5e5b63,39.889883,-111.2494615
2013-11-05 06:00:00,81.43835564504116,0a820e12-033b-45d6-9ef9-d70f4c5e5b63,39.889883,-111.2494615
2013-11-06 06:00:00,75.33335561449421,0a820e12-033b-45d6-9ef9-d70f4c5e5b63,39.889883,-111.2494615
2013-11-07 06:00:00,75.8443598302083,0a820e12-033b-45d6-9ef9-d70f4c5e5b63,39.889883,-111.2494615
2013-11-08 06:00:00,55.72582837454509,0a820e12-033b-45d6-9ef9-d70f4c5e5b63,39.889883,-111.2494615
2013-11-09 06:00:00,57.66526372944425,0a820e12-033b-45d6-9ef9-d70f4c5e5b63,39.889883,-111.2494615
2013-11-10 06:00:00,51.9059821818171,0a820e12-033b-45d6-9ef9-d70f4c5e5b63,39.889883,-111.2494615
2013-11-11 06:00:00,46.10846086782946,0a820e12-033b-45d6-9ef9-d70f4c5e5b63,39.889883,-111.2494615
2013-11-12 06:00:00,43.511869355276076,0a820e12-033b-45d6-9ef9-d70f4c5e5b63,39.889883,-111.2494615
2013-11-13 06:00:00,44.71328679544634,0a820e12-033b-45d6-9ef9-d70f4c5e5b63,39.889883,-111.2494615
2013-11-14 06:00:00,65.40657444385752,0a820e12-033b-45d6-9ef9-d70f4c5e5b63,39.889883,-111.2494615
2013-11-15 06:00:00,88.28901946257811,0a820e12-033b-45d6-9ef9-d70f4c5e5b63,39.889883,-111.2494615
2013-11-16 06:00:00,95.71738900853764,0a820e12-033b-45d6-9ef9-d70f4c5e5b63,39.889883,-111.2494615
2013-11-17 06:00:00,83.12206416639488,0a820e12-033b-45d6-9ef9-d70f4c5e5b63,39.889883,-111.2494615
2013-11-18 06:00:00,72.31502225286577,0a820e12-033b-45d6-9ef9-d70f4c5e5b63,39.889883,-111.2494615
2013-11-19 06:00:00,71.53896212095934,0a820e12-033b-45d6-9ef9-d70f4c5e5b63,39.889883,-111.2494615
2013-11-20 06:00:00,94.58685276299514,0a820e12-033b-45d6-9ef9-d70f4c5e5b63,39.889883,-111.2494615
2013-11-21 06:00:00,100.0,0a820e12-033b-45d6-9ef9-d70f4c5e5b63,39.889883,-111.2494615
2013-11-22 06:00:00,85.90688522970368,0a820e12-033b-45d6-9ef9-d70f4c5e5b63,39.889883,-111.2494615
2013-11-23 06:00:00,78.2681759420327,0a820e12-033b-45d6-9ef9-d70f4c5e5b63,39.889883,-111.2494615
2013-11-24 06:00:00,100.0,0a820e12-033b-45d6-9ef9-d70f4c5e5b63,39.889883,-111.2494615
2013-11-25 06:00:00,87.85203645502408,0a820e12-033b-45d6-9ef9-d70f4c5e5b63,39.889883,-111.2494615
2013-11-26 06:00:00,71.9539830608937,0a820e12-033b-45d6-9ef9-d70f4c5e5b63,39.889883,-111.2494615
2013-11-27 06:00:00,60.033855742967624,0a820e12-033b-45d6-9ef9-d70f4c5e5b63,39.889883,-111.2494615
2013-11-28 06:00:00,68.7225166812783,0a820e12-033b-45d6-9ef9-d70f4c5e5b63,39.889883,-111.2494615
2013-11-29 06:00:00,78.93140151434156,0a820e12-033b-45d6-9ef9-d70f4c5e5b63,39.889883,-111.2494615
2013-11-30 06:00:00,87.26548095938102,0a820e12-033b-45d6-9ef9-d70f4c5e5b63,39.889883,-111.2494615
2013-12-01 06:00:00,92.95885453577564,0a820e12-033b-45d6-9ef9-d70f4c5e5b63,39.889883,-111.2494615
2013-12-02 06:00:00,84.3565042402104,0a820e12-033b-45d6-9ef9-d70f4c5e5b63,39.889883,-111.2494615
2013-12-03 06:00:00,100.0,0a820e12-033b-45d6-9ef9-d70f4c5e5b63,39.889883,-111.2494615
2013-12-04 06:00:00,100.0,0a820e12-033b-45d6-9ef9-d70f4c5e5b63,39.889883,-111.2494615
2013-12-05 06:00:00,100.0,0a820e12-033b-45d6-9ef9-d70f4c5e5b63,39.889883,-111.2494615
2013-12-06 06:00:00,100.0,0a820e12-033b-45d6-9ef9-d70f4c5e5b63,39.889883,-111.2494615
2013-12-07 06:00:00,100.0,0a820e12-033b-45d6-9ef9-d70f4c5e5b63,39.889883,-111.2494615
2013-12-08 06:00:00,100.0,0a820e12-033b-45d6-9ef9-d70f4c5e5b63,39.889883,-111.2494615
2013-12-09 06:00:00,100.0,0a820e12-033b-45d6-9ef9-d70f4c5e5b63,39.889883,-111.2494615
2013-12-10 06:00:00,100.0,0a820e12-033b-45d6-9ef9-d70f4c5e5b63,39.889883,-111.2494615
2013-12-11 06:00:00,97.50671727434734,0a820e12-033b-45d6-9ef9-d70f4c5e5b63,39.889883,-111.2494615
2013-12-12 06:00:00,69.06227965074967,0a820e12-033b-45d6-9ef9-d70f4c5e5b63,39.889883,-111.2494615
2013-12-13 06:00:00,73.85877166836164,0a820e12-033b-45d6-9ef9-d70f4c5e5b63,39.889883,-111.2494615
2013-12-14 06:00:00,100.0,0a820e12-033b-45d6-9ef9-d70f4c5e5b63,39.889883,-111.2494615
2013-12-15 06:00:00,94.77203162801852,0a820e12-033b-45d6-9ef9-d70f4c5e5b63,39.889883,-111.2494615
2013-12-16 06:00:00,65.42155618089339,0a820e12-033b-45d6-9ef9-d70f4c5e5b63,39.889883,-111.2494615
2013-12-17 06:00:00,59.34141469300079,0a820e12-033b-45d6-9ef9-d70f4c5e5b63,39.889883,-111.2494615
2013-12-18 06:00:00,52.024434740435524,0a820e12-033b-45d6-9ef9-d70f4c5e5b63,39.889883,-111.2494615
2013-12-19 06:00:00,100.0,0a820e12-033b-45d6-9ef9-d70f4c5e5b63,39.889883,-111.2494615
2013-12-20 06:00:00,100.0,0a820e12-033b-45d6-9ef9-d70f4c5e5b63,39.889883,-111.2494615
2013-12-21 06:00:00,100.0,0a820e12-033b-45d6-9ef9-d70f4c5e5b63,39.889883,-111.2494615
2013-12-22 06:00:00,100.0,0a820e12-033b-45d6-9ef9-d70f4c5e5b63,39.889883,-111.2494615
2013-12-23 06:00:00,100.0,0a820e12-033b-45d6-9ef9-d70f4c5e5b63,39.889883,-111.2494615
2013-12-24 06:00:00,100.0,0a820e12-033b-45d6-9ef9-d70f4c5e5b63,39.889883,-111.2494615
2013-12-25 06:00:00,77.9573479763468,0a820e12-033b-45d6-9ef9-d70f4c5e5b63,39.889883,-111.2494615
2013-12-26 06:00:00,47.24863702959459,0a820e12-033b-45d6-9ef9-d70f4c5e5b63,39.889883,-111.2494615
2013-12-27 06:00:00,60.0127265607083,0a820e12-033b-45d6-9ef9-d70f4c5e5b63,39.889883,-111.2494615
2013-12-28 06:00:00,86.05014266453762,0a820e12-033b-45d6-9ef9-d70f4c5e5b63,39.889883,-111.2494615
2013-12-29 06:00:00,100.0,0a820e12-033b-45d6-9ef9-d70f4c5e5b63,39.889883,-111.2494615
2013-12-30 06:00:00,87.81465670279978,0a820e12-033b-45d6-9ef9-d70f4c5e5b63,39.889883,-111.2494615
2013-12-31 06:00:00,100.0,0a820e12-033b-45d6-9ef9-d70f4c5e5b63,39.889883,-111.2494615
2014-01-01 06:00:00,94.38648963318752,0a820e12-033b-45d6-9ef9-d70f4c5e5b63,39.889883,-111.2494615
2014-01-02 06:00:00,57.268041744727824,0a820e12-033b-45d6-9ef9-d70f4c5e5b63,39.889883,-111.2494615
2014-01-03 06:00:00,52.59204582897256,0a820e12-033b-45d6-9ef9-d70f4c5e5b63,39.889883,-111.2494615
2014-01-04 06:00:00,99.05477455880806,0a820e12-033b-45d6-9ef9-d70f4c5e5b63,39.889883,-111.2494615
2014-01-05 06:00:00,63.77654495459548,0a820e12-033b-45d6-9ef9-d70f4c5e5b63,39.889883,-111.2494615
2014-01-06 06:00:00,60.07145014993265,0a820e12-033b-45d6-9ef9-d70f4c5e5b63,39.889883,-111.2494615
2014-01-07 06:00:00,56.11020770545644,0a820e12-033b-45d6-9ef9-d70f4c5e5b63,39.889883,-111.2494615
2014-01-08 06:00:00,85.39911089870537,0a820e12-033b-45d6-9ef9-d70f4c5e5b63,39.889883,-111.2494615
2014-01-09 06:00:00,94.94897554928117,0a820e12-033b-45d6-9ef9-d70f4c5e5b63,39.889883,-111.2494615
2014-01-10 06:00:00,81.31599606173444,0a820e12-033b-45d6-9ef9-d70f4c5e5b63,39.889883,-111.2494615
2014-01-11 06:00:00,80.73147212185461,0a820e12-033b-45d6-9ef9-d70f4c5e5b63,39.889883,-111.2494615
2014-01-12 06:00:00,79.76334887037379,0a820e12-033b-45d6-9ef9-d70f4c5e5b63,39.889883,-111.2494615
2014-01-13 06:00:00,70.78253793578749,0a820e12-033b-45d6-9ef9-d70f4c5e5b63,39.889883,-111.2494615
2014-01-14 06:00:00,74.07356401724351,0a820e12-033b-45d6-9ef9-d70f4c5e5b63,39.889883,-111.2494615
2014-01-15 06:00:00,65.67482106242763,0a820e12-033b-45d6-9ef9-d70f4c5e5b63,39.889883,-111.2494615
2014-01-16 06:00:00,54.718440506524836,0a820e12-033b-45d6-9ef9-d70f4c5e5b63,39.889883,-111.2494615
2014-01-17 06:00:00,53.59646313458939,0a820e12-033b-45d6-9ef9-d70f4c5e5b63,39.889883,-111.2494615
2014-01-18 06:00:00,51.869570239216685,0a820e12-033b-45d6-9ef9-d70f4c5e5b63,39.889883,-111.2494615
2014-01-19 06:00:00,47.820131858113406,0a820e12-033b-45d6-9ef9-d70f4c5e5b63,39.889883,-111.2494615
2014-01-20 06:00:00,44.808061821857706,0a820e12-033b-45d6-9ef9-d70f4c5e5b63,39.889883,-111.2494615
2014-01-21 06:00:00,45.804036460781006,0a820e12-033b-45d6-9ef9-d70f4c5e5b63,39.889883,-111.2494615
2014-01-22 06:00:00,45.30634750645245,0a820e12-033b-45d6-9ef9-d70f4c5e5b63,39.889883,-111.2494615
2014-01-23 06:00:00,74.9779679387435,0a820e12-033b-45d6-9ef9-d70f4c5e5b63,39.889883,-111.2494615
2014-01-24 06:00:00,43.213521647155005,0a820e12-033b-45d6-9ef9-d70f4c5e5b63,39.889883,-111.2494615
2014-01-25 06:00:00,35.562933696934074,0a820e12-033b-45d6-9ef9-d70f4c5e5b63,39.889883,-111.2494615
2014-01-26 06:00:00,51.2514979644276,0a820e12-033b-45d6-9ef9-d70f4c5e5b63,39.889883,-111.2494615
2014-01-27 06:00:00,53.89843112258984,0a820e12-033b-45d6-9ef9-d70f4c5e5b63,39.889883,-111.2494615
2014-01-28 06:00:00,66.6283777951047,0a820e12-033b-45d6-9ef9-d70f4c5e5b63,39.889883,-111.2494615
2014-01-29 06:00:00,65.80483912595543,0a820e12-033b-45d6-9ef9-d70f4c5e5b63,39.889883,-111.2494615
2014-01-30 06:00:00,100.0,0a820e12-033b-45d6-9ef9-d70f4c5e5b63,39.889883,-111.2494615
2014-01-31 06:00:00,96.01742450908701,0a820e12-033b-45d6-9ef9-d70f4c5e5b63,39.889883,-111.2494615
2014-02-01 06:00:00,84.39715316229079,0a820e12-033b-45d6-9ef9-d70f4c5e5b63,39.889883,-111.2494615
2014-02-02 06:00:00,95.35635994258584,0a820e12-033b-45d6-9ef9-d70f4c5e5b63,39.889883,-111.2494615
2014-02-03 06:00:00,91.47140242252588,0a820e12-033b-45d6-9ef9-d70f4c5e5b63,39.889883,-111.2494615
2014-02-04 06:00:00,100.0,0a820e12-033b-45d6-9ef9-d70f4c5e5b63,39.889883,-111.2494615
2014-02-05 06:00:00,100.0,0a820e12-033b-45d6-9ef9-d70f4c5e5b63,39.889883,-111.2494615
2014-02-06 06:00:00,74.81754306650024,0a820e12-033b-45d6-9ef9-d70f4c5e5b63,39.889883,-111.2494615
2014-02-07 06:00:00,71.04665202194963,0a820e12-033b-45d6-9ef9-d70f4c5e5b63,39.889883,-111.2494615
2014-02-08 06:00:00,72.7264667984611,0a820e12-033b-45d6-9ef9-d70f4c5e5b63,39.889883,-111.2494615
2014-02-09 06:00:00,90.90764785340708,0a820e12-033b-45d6-9ef9-d70f4c5e5b63,39.889883,-111.2494615
2014-02-10 06:00:00,100.0,0a820e12-033b-45d6-9ef9-d70f4c5e5b63,39.889883,-111.2494615
2014-02-11 06:00:00,86.1525632621464,0a820e12-033b-45d6-9ef9-d70f4c5e5b63,39.889883,-111.2494615
2014-02-12 06:00:00,80.34292205281851,0a820e12-033b-45d6-9ef9-d70f4c5e5b63,39.889883,-111.2494615
2014-02-13 06:00:00,69.69581236853062,0a820e12-033b-45d6-9ef9-d70f4c5e5b63,39.889883,-111.2494615
2014-02-14 06:00:00,77.50666146007607,0a820e12-033b-45d6-9ef9-d70f4c5e5b63,39.889883,-111.2494615
2014-02-15 06:00:00,55.493477018207635,0a820e12-033b-45d6-9ef9-d70f4c5e5b63,39.889883,-111.2494615
2014-02-16 06:00:00,76.03468792706987,0a820e12-033b-45d6-9ef9-d70f4c5e5b63,39.889883,-111.2494615
2014-02-17 06:00:00,64.91489499985197,0a820e12-033b-45d6-9ef9-d70f4c5e5b63,39.889883,-111.2494615
2014-02-18 06:00:00,51.73723812305206,0a820e12-033b-45d6-9ef9-d70f4c5e5b63,39.889883,-111.2494615
2014-02-19 06:00:00,83.59870318063071,0a820e12-033b-45d6-9ef9-d70f4c5e5b63,39.889883,-111.2494615
2014-02-20 06:00:00,65.68458522983877,0a820e12-033b-45d6-9ef9-d70f4c5e5b63,39.889883,-111.2494615
2014-02-21 06:00:00,70.72087867450439,0a820e12-033b-45d6-9ef9-d70f4c5e5b63,39.889883,-111.2494615
2014-02-22 06:00:00,65.96853504786706,0a820e12-033b-45d6-9ef9-d70f4c5e5b63,39.889883,-111.2494615
2014-02-23 06:00:00,62.03636631309355,0a820e12-033b-45d6-9ef9-d70f4c5e5b63,39.889883,-111.2494615
2014-02-24 06:00:00,61.491551051355536,0a820e12-033b-45d6-9ef9-d70f4c5e5b63,39.889883,-111.2494615
2014-02-25 06:00:00,61.84798270584416,0a820e12-033b-45d6-9ef9-d70f4c5e5b63,39.889883,-111.2494615
2014-02-26 06:00:00,73.31312989867341,0a820e12-033b-45d6-9ef9-d70f4c5e5b63,39.889883,-111.2494615
2014-02-27 06:00:00,72.45002898582479,0a820e12-033b-45d6-9ef9-d70f4c5e5b63,39.889883,-111.2494615
2014-02-28 06:00:00,74.34598874632732,0a820e12-033b-45d6-9ef9-d70f4c5e5b63,39.889883,-111.2494615
2014-03-01 06:00:00,87.90771518152879,0a820e12-033b-45d6-9ef9-d70f4c5e5b63,39.889883,-111.2494615
2014-03-02 06:00:00,79.69466538929504,0a820e12-033b-45d6-9ef9-d70f4c5e5b63,39.889883,-111.2494615
2014-03-03 06:00:00,72.36944207052869,0a820e12-033b-45d6-9ef9-d70f4c5e5b63,39.889883,-111.2494615
2014-03-04 06:00:00,91.37236551646434,0a820e12-033b-45d6-9ef9-d70f4c5e5b63,39.889883,-111.2494615
2014-03-05 06:00:00,83.54820310208979,0a820e12-033b-45d6-9ef9-d70f4c5e5b63,39.889883,-111.2494615
2014-03-06 06:00:00,62.03093065953919,0a820e12-033b-45d6-9ef9-d70f4c5e5b63,39.889883,-111.2494615
2014-03-07 06:00:00,96.83351202809662,0a820e12-033b-45d6-9ef9-d70f4c5e5b63,39.889883,-111.2494615
2014-03-08 06:00:00,77.81024786735291,0a820e12-033b-45d6-9ef9-d70f4c5e5b63,39.889883,-111.2494615
2014-03-09 06:00:00,58.41167929083023,0a820e12-033b-45d6-9ef9-d70f4c5e5b63,39.889883,-111.2494615
2014-03-10 06:00:00,55.32417939877257,0a820e12-033b-45d6-9ef9-d70f4c5e5b63,39.889883,-111.2494615
2014-03-11 06:00:00,100.0,0a820e12-033b-45d6-9ef9-d70f4c5e5b63,39.889883,-111.2494615
2014-03-12 06:00:00,85.10665950830219,0a820e12-033b-45d6-9ef9-d70f4c5e5b63,39.889883,-111.2494615
2014-03-13 06:00:00,62.23403388749417,0a820e12-033b-45d6-9ef9-d70f4c5e5b63,39.889883,-111.2494615
2014-03-14 06:00:00,63.11540750865184,0a820e12-033b-45d6-9ef9-d70f4c5e5b63,39.889883,-111.2494615
2014-03-15 06:00:00,68.79805343671988,0a820e12-033b-45d6-9ef9-d70f4c5e5b63,39.889883,-111.2494615
2014-03-16 06:00:00,59.546143554746244,0a820e12-033b-45d6-9ef9-d70f4c5e5b63,39.889883,-111.2494615
2014-03-17 06:00:00,76.65378458942784,0a820e12-033b-45d6-9ef9-d70f4c5e5b63,39.889883,-111.2494615
2014-03-18 06:00:00,79.5192054623704,0a820e12-033b-45d6-9ef9-d70f4c5e5b63,39.889883,-111.2494615
2014-03-19 06:00:00,87.9140775091265,0a820e12-033b-45d6-9ef9-d70f4c5e5b63,39.889883,-111.2494615
2014-03-20 06:00:00,52.65780364285304,0a820e12-033b-45d6-9ef9-d70f4c5e5b63,39.889883,-111.2494615
2014-03-21 06:00:00,55.99120874928097,0a820e12-033b-45d6-9ef9-d70f4c5e5b63,39.889883,-111.2494615
2014-03-22 06:00:00,84.3181599239757,0a820e12-033b-45d6-9ef9-d70f4c5e5b63,39.889883,-111.2494615
2014-03-23 06:00:00,59.00476566935182,0a820e12-033b-45d6-9ef9-d70f4c5e5b63,39.889883,-111.2494615
2014-03-24 06:00:00,46.324098353895344,0a820e12-033b-45d6-9ef9-d70f4c5e5b63,39.889883,-111.2494615
2014-03-25 06:00:00,48.52927395010133,0a820e12-033b-45d6-9ef9-d70f4c5e5b63,39.889883,-111.2494615
2014-03-26 06:00:00,57.91265442144194,0a820e12-033b-45d6-9ef9-d70f4c5e5b63,39.889883,-111.2494615
2014-03-27 06:00:00,82.65168488312501,0a820e12-033b-45d6-9ef9-d70f4c5e5b63,39.889883,-111.2494615
2014-03-28 06:00:00,79.15841037430822,0a820e12-033b-45d6-9ef9-d70f4c5e5b63,39.889883,-111.2494615
2014-03-29 06:00:00,63.7991756626456,0a820e12-033b-45d6-9ef9-d70f4c5e5b63,39.889883,-111.2494615
2014-03-30 06:00:00,76.82117376979207,0a820e12-033b-45d6-9ef9-d70f4c5e5b63,39.889883,-111.2494615
2014-03-31 06:00:00,81.49947845488357,0a820e12-033b-45d6-9ef9-d70f4c5e5b63,39.889883,-111.2494615
2014-04-01 06:00:00,81.22112378440762,0a820e12-033b-45d6-9ef9-d70f4c5e5b63,39.889883,-111.2494615
2014-04-02 06:00:00,89.38349535651112,0a820e12-033b-45d6-9ef9-d70f4c5e5b63,39.889883,-111.2494615
2014-04-03 06:00:00,78.61139337504794,0a820e12-033b-45d6-9ef9-d70f4c5e5b63,39.889883,-111.2494615
2014-04-04 06:00:00,81.02856620076301,0a820e12-033b-45d6-9ef9-d70f4c5e5b63,39.889883,-111.2494615
2014-04-05 06:00:00,68.4047950032356,0a820e12-033b-45d6-9ef9-d70f4c5e5b63,39.889883,-111.2494615
2014-04-06 06:00:00,69.50597721573479,0a820e12-033b-45d6-9ef9-d70f4c5e5b63,39.889883,-111.2494615
2014-04-07 06:00:00,75.2526321925144,0a820e12-033b-45d6-9ef9-d70f4c5e5b63,39.889883,-111.2494615
2014-04-08 06:00:00,66.30982836814198,0a820e12-033b-45d6-9ef9-d70f4c5e5b63,39.889883,-111.2494615
2014-04-09 06:00:00,54.82652825730941,0a820e12-033b-45d6-9ef9-d70f4c5e5b63,39.889883,-111.2494615
2014-04-10 06:00:00,55.57610323614978,0a820e12-033b-45d6-9ef9-d70f4c5e5b63,39.889883,-111.2494615
2014-04-11 06:00:00,55.86388909025073,0a820e12-033b-45d6-9ef9-d70f4c5e5b63,39.889883,-111.2494615
2014-04-12 06:00:00,49.69271228632408,0a820e12-033b-45d6-9ef9-d70f4c5e5b63,39.889883,-111.2494615
2014-04-13 06:00:00,92.12112564806529,0a820e12-033b-45d6-9ef9-d70f4c5e5b63,39.889883,-111.2494615
2014-04-14 06:00:00,75.96364409196137,0a820e12-033b-45d6-9ef9-d70f4c5e5b63,39.889883,-111.2494615
2014-04-15 06:00:00,48.70611823029651,0a820e12-033b-45d6-9ef9-d70f4c5e5b63,39.889883,-111.2494615
2014-04-16 06:00:00,52.5559397964551,0a820e12-033b-45d6-9ef9-d70f4c5e5b63,39.889883,-111.2494615
2014-04-17 06:00:00,58.769752700702874,0a820e12-033b-45d6-9ef9-d70f4c5e5b63,39.889883,-111.2494615
2014-04-18 06:00:00,56.7261999422134,0a820e12-033b-45d6-9ef9-d70f4c5e5b63,39.889883,-111.2494615
2014-04-19 06:00:00,62.53610794170185,0a820e12-033b-45d6-9ef9-d70f4c5e5b63,39.889883,-111.2494615
2014-04-20 06:00:00,74.97957829905887,0a820e12-033b-45d6-9ef9-d70f4c5e5b63,39.889883,-111.2494615
2014-04-21 06:00:00,70.34098055181423,0a820e12-033b-45d6-9ef9-d70f4c5e5b63,39.889883,-111.2494615
2014-04-22 06:00:00,83.21280778108364,0a820e12-033b-45d6-9ef9-d70f4c5e5b63,39.889883,-111.2494615
2014-04-23 06:00:00,71.33570514491709,0a820e12-033b-45d6-9ef9-d70f4c5e5b63,39.889883,-111.2494615
2014-04-24 06:00:00,53.355678932843475,0a820e12-033b-45d6-9ef9-d70f4c5e5b63,39.889883,-111.2494615
2014-04-25 06:00:00,43.75185600625884,0a820e12-033b-45d6-9ef9-d70f4c5e5b63,39.889883,-111.2494615
2014-04-26 06:00:00,79.11030716661999,0a820e12-033b-45d6-9ef9-d70f4c5e5b63,39.889883,-111.2494615
2014-04-27 06:00:00,73.4162627615759,0a820e12-033b-45d6-9ef9-d70f4c5e5b63,39.889883,-111.2494615
2014-04-28 06:00:00,78.55786147498533,0a820e12-033b-45d6-9ef9-d70f4c5e5b63,39.889883,-111.2494615
2014-04-29 06:00:00,63.70477865474287,0a820e12-033b-45d6-9ef9-d70f4c5e5b63,39.889883,-111.2494615
2014-04-30 06:00:00,64.67496808431147,0a820e12-033b-45d6-9ef9-d70f4c5e5b63,39.889883,-111.2494615
2014-05-01 06:00:00,56.15597858741033,0a820e12-033b-45d6-9ef9-d70f4c5e5b63,39.889883,-111.2494615
2014-05-02 06:00:00,50.415270169270045,0a820e12-033b-45d6-9ef9-d70f4c5e5b63,39.889883,-111.2494615
2014-05-03 06:00:00,37.684648405484445,0a820e12-033b-45d6-9ef9-d70f4c5e5b63,39.889883,-111.2494615
2014-05-04 06:00:00,31.53473317841134,0a820e12-033b-45d6-9ef9-d70f4c5e5b63,39.889883,-111.2494615
2014-05-05 06:00:00,34.40696927053178,0a820e12-033b-45d6-9ef9-d70f4c5e5b63,39.889883,-111.2494615
2014-05-06 06:00:00,56.646635688877204,0a820e12-033b-45d6-9ef9-d70f4c5e5b63,39.889883,-111.2494615
2014-05-07 06:00:00,71.41756332735238,0a820e12-033b-45d6-9ef9-d70f4c5e5b63,39.889883,-111.2494615
2014-05-08 06:00:00,72.47946534877333,0a820e12-033b-45d6-9ef9-d70f4c5e5b63,39.889883,-111.2494615
2014-05-09 06:00:00,59.486888918541624,0a820e12-033b-45d6-9ef9-d70f4c5e5b63,39.889883,-111.2494615
2014-05-10 06:00:00,72.28523291843919,0a820e12-033b-45d6-9ef9-d70f4c5e5b63,39.889883,-111.2494615
2014-05-11 06:00:00,86.18426829421601,0a820e12-033b-45d6-9ef9-d70f4c5e5b63,39.889883,-111.2494615
2014-05-12 06:00:00,80.21898188512985,0a820e12-033b-45d6-9ef9-d70f4c5e5b63,39.889883,-111.2494615
2014-05-13 06:00:00,77.88995154989351,0a820e12-033b-45d6-9ef9-d70f4c5e5b63,39.889883,-111.2494615
2014-05-14 06:00:00,49.240510171370744,0a820e12-033b-45d6-9ef9-d70f4c5e5b63,39.889883,-111.2494615
2014-05-15 06:00:00,50.15134710067735,0a820e12-033b-45d6-9ef9-d70f4c5e5b63,39.889883,-111.2494615
2014-05-16 06:00:00,47.67001334696119,0a820e12-033b-45d6-9ef9-d70f4c5e5b63,39.889883,-111.2494615
2014-05-17 06:00:00,48.87196868881799,0a820e12-033b-45d6-9ef9-d70f4c5e5b63,39.889883,-111.2494615
2014-05-18 06:00:00,48.921226284845844,0a820e12-033b-45d6-9ef9-d70f4c5e5b63,39.889883,-111.2494615
2014-05-19 06:00:00,55.62564172093058,0a820e12-033b-45d6-9ef9-d70f4c5e5b63,39.889883,-111.2494615
2014-05-20 06:00:00,50.271050020865914,0a820e12-033b-45d6-9ef9-d70f4c5e5b63,39.889883,-111.2494615
2014-05-21 06:00:00,40.39204641714821,0a820e12-033b-45d6-9ef9-d70f4c5e5b63,39.889883,-111.2494615
2014-05-22 06:00:00,45.51644733711662,0a820e12-033b-45d6-9ef9-d70f4c5e5b63,39.889883,-111.2494615
2014-05-23 06:00:00,60.23585344301724,0a820e12-033b-45d6-9ef9-d70f4c5e5b63,39.889883,-111.2494615
2014-05-24 06:00:00,69.35084807585936,0a820e12-033b-45d6-9ef9-d70f4c5e5b63,39.889883,-111.2494615
2014-05-25 06:00:00,81.62929790449097,0a820e12-033b-45d6-9ef9-d70f4c5e5b63,39.889883,-111.2494615
2014-05-26 06:00:00,73.49068528029412,0a820e12-033b-45d6-9ef9-d70f4c5e5b63,39.889883,-111.2494615
2014-05-27 06:00:00,54.43232728886535,0a820e12-033b-45d6-9ef9-d70f4c5e5b63,39.889883,-111.2494615
2014-05-28 06:00:00,44.92142501258299,0a820e12-033b-45d6-9ef9-d70f4c5e5b63,39.889883,-111.2494615
2014-05-29 06:00:00,57.36036770979411,0a820e12-033b-45d6-9ef9-d70f4c5e5b63,39.889883,-111.2494615
2014-05-30 06:00:00,59.13265826727359,0a820e12-033b-45d6-9ef9-d70f4c5e5b63,39.889883,-111.2494615
2014-05-31 06:00:00,52.88044660566402,0a820e12-033b-45d6-9ef9-d70f4c5e5b63,39.889883,-111.2494615
2014-06-01 06:00:00,48.55099430396307,0a820e12-033b-45d6-9ef9-d70f4c5e5b63,39.889883,-111.2494615
2014-06-02 06:00:00,44.240014928940745,0a820e12-033b-45d6-9ef9-d70f4c5e5b63,39.889883,-111.2494615
2014-06-03 06:00:00,38.99017216128954,0a820e12-033b-45d6-9ef9-d70f4c5e5b63,39.889883,-111.2494615
2014-06-04 06:00:00,43.69072435542411,0a820e12-033b-45d6-9ef9-d70f4c5e5b63,39.889883,-111.2494615
2014-06-05 06:00:00,45.72559126485874,0a820e12-033b-45d6-9ef9-d70f4c5e5b63,39.889883,-111.2494615
2014-06-06 06:00:00,40.04219481437911,0a820e12-033b-45d6-9ef9-d70f4c5e5b63,39.889883,-111.2494615
2014-06-07 06:00:00,49.021838198268036,0a820e12-033b-45d6-9ef9-d70f4c5e5b63,39.889883,-111.2494615
2014-06-08 06:00:00,51.48256172642786,0a820e12-033b-45d6-9ef9-d70f4c5e5b63,39.889883,-111.2494615
2014-06-09 06:00:00,59.05091791823005,0a820e12-033b-45d6-9ef9-d70f4c5e5b63,39.889883,-111.2494615
2014-06-10 06:00:00,45.45095486315085,0a820e12-033b-45d6-9ef9-d70f4c5e5b63,39.889883,-111.2494615
2014-06-11 06:00:00,56.30281162720902,0a820e12-033b-45d6-9ef9-d70f4c5e5b63,39.889883,-111.2494615
2014-06-12 06:00:00,47.01121267294861,0a820e12-033b-45d6-9ef9-d70f4c5e5b63,39.889883,-111.2494615
2014-06-13 06:00:00,46.64633932838771,0a820e12-033b-45d6-9ef9-d70f4c5e5b63,39.889883,-111.2494615
2014-06-14 06:00:00,50.998600626588434,0a820e12-033b-45d6-9ef9-d70f4c5e5b63,39.889883,-111.2494615
2014-06-15 06:00:00,48.90133516460342,0a820e12-033b-45d6-9ef9-d70f4c5e5b63,39.889883,-111.2494615
2014-06-16 06:00:00,48.328136286216946,0a820e12-033b-45d6-9ef9-d70f4c5e5b63,39.889883,-111.2494615
2014-06-17 06:00:00,86.49734042537568,0a820e12-033b-45d6-9ef9-d70f4c5e5b63,39.889883,-111.2494615
2014-06-18 06:00:00,74.84208178405468,0a820e12-033b-45d6-9ef9-d70f4c5e5b63,39.889883,-111.2494615
2014-06-19 06:00:00,65.59800373624448,0a820e12-033b-45d6-9ef9-d70f4c5e5b63,39.889883,-111.2494615
2014-06-20 06:00:00,44.89468044174533,0a820e12-033b-45d6-9ef9-d70f4c5e5b63,39.889883,-111.2494615
2014-06-21 06:00:00,34.743933507866075,0a820e12-033b-45d6-9ef9-d70f4c5e5b63,39.889883,-111.2494615
2014-06-22 06:00:00,36.57258446246414,0a820e12-033b-45d6-9ef9-d70f4c5e5b63,39.889883,-111.2494615
2014-06-23 06:00:00,41.76888267436317,0a820e12-033b-45d6-9ef9-d70f4c5e5b63,39.889883,-111.2494615
2014-06-24 06:00:00,45.00392193101253,0a820e12-033b-45d6-9ef9-d70f4c5e5b63,39.889883,-111.2494615
2014-06-25 06:00:00,45.35312278828332,0a820e12-033b-45d6-9ef9-d70f4c5e5b63,39.889883,-111.2494615
2014-06-26 06:00:00,48.41311697643233,0a820e12-033b-45d6-9ef9-d70f4c5e5b63,39.889883,-111.2494615
2014-06-27 06:00:00,79.7617659655985,0a820e12-033b-45d6-9ef9-d70f4c5e5b63,39.889883,-111.2494615
2014-06-28 06:00:00,63.85453369023137,0a820e12-033b-45d6-9ef9-d70f4c5e5b63,39.889883,-111.2494615
2014-06-29 06:00:00,49.39219158859179,0a820e12-033b-45d6-9ef9-d70f4c5e5b63,39.889883,-111.2494615
2014-06-30 06:00:00,53.31490412575334,0a820e12-033b-45d6-9ef9-d70f4c5e5b63,39.889883,-111.2494615
2014-07-01 06:00:00,44.68040689903458,0a820e12-033b-45d6-9ef9-d70f4c5e5b63,39.889883,-111.2494615
2014-07-02 06:00:00,39.85480656040989,0a820e12-033b-45d6-9ef9-d70f4c5e5b63,39.889883,-111.2494615
2014-07-03 06:00:00,48.43336544459089,0a820e12-033b-45d6-9ef9-d70f4c5e5b63,39.889883,-111.2494615
2014-07-04 06:00:00,55.581665314425635,0a820e12-033b-45d6-9ef9-d70f4c5e5b63,39.889883,-111.2494615
2014-07-05 06:00:00,55.30766609566388,0a820e12-033b-45d6-9ef9-d70f4c5e5b63,39.889883,-111.2494615
2014-07-06 06:00:00,50.59595668671565,0a820e12-033b-45d6-9ef9-d70f4c5e5b63,39.889883,-111.2494615
2014-07-07 06:00:00,48.904416955354925,0a820e12-033b-45d6-9ef9-d70f4c5e5b63,39.889883,-111.2494615
2014-07-08 06:00:00,53.305053270356495,0a820e12-033b-45d6-9ef9-d70f4c5e5b63,39.889883,-111.2494615
2014-07-09 06:00:00,69.00785359886544,0a820e12-033b-45d6-9ef9-d70f4c5e5b63,39.889883,-111.2494615
2014-07-10 06:00:00,75.4388631356233,0a820e12-033b-45d6-9ef9-d70f4c5e5b63,39.889883,-111.2494615
2014-07-11 06:00:00,90.70268068873503,0a820e12-033b-45d6-9ef9-d70f4c5e5b63,39.889883,-111.2494615
2014-07-12 06:00:00,79.55427666554897,0a820e12-033b-45d6-9ef9-d70f4c5e5b63,39.889883,-111.2494615
2014-07-13 06:00:00,69.29803394101008,0a820e12-033b-45d6-9ef9-d70f4c5e5b63,39.889883,-111.2494615
2014-07-14 06:00:00,52.82854132702766,0a820e12-033b-45d6-9ef9-d70f4c5e5b63,39.889883,-111.2494615
2014-07-15 06:00:00,54.14580934614489,0a820e12-033b-45d6-9ef9-d70f4c5e5b63,39.889883,-111.2494615
2014-07-16 06:00:00,71.80371571780398,0a820e12-033b-45d6-9ef9-d70f4c5e5b63,39.889883,-111.2494615
2014-07-17 06:00:00,63.667896891236886,0a820e12-033b-45d6-9ef9-d70f4c5e5b63,39.889883,-111.2494615
2014-07-18 06:00:00,41.4018964207551,0a820e12-033b-45d6-9ef9-d70f4c5e5b63,39.889883,-111.2494615
2014-07-19 06:00:00,55.90119652110184,0a820e12-033b-45d6-9ef9-d70f4c5e5b63,39.889883,-111.2494615
2014-07-20 06:00:00,61.976843311651265,0a820e12-033b-45d6-9ef9-d70f4c5e5b63,39.889883,-111.2494615
2014-07-21 06:00:00,62.984301052148574,0a820e12-033b-45d6-9ef9-d70f4c5e5b63,39.889883,-111.2494615
2014-07-22 06:00:00,45.53686718027448,0a820e12-033b-45d6-9ef9-d70f4c5e5b63,39.889883,-111.2494615
2014-07-23 06:00:00,42.261071977073804,0a820e12-033b-45d6-9ef9-d70f4c5e5b63,39.889883,-111.2494615
2014-07-24 06:00:00,60.7416713189574,0a820e12-033b-45d6-9ef9-d70f4c5e5b63,39.889883,-111.2494615
2014-07-25 06:00:00,59.75133615003627,0a820e12-033b-45d6-9ef9-d70f4c5e5b63,39.889883,-111.2494615
2014-07-26 06:00:00,59.402132329858176,0a820e12-033b-45d6-9ef9-d70f4c5e5b63,39.889883,-111.2494615
2014-07-27 06:00:00,51.69680392914258,0a820e12-033b-45d6-9ef9-d70f4c5e5b63,39.889883,-111.2494615
2014-07-28 06:00:00,63.93165238851302,0a820e12-033b-45d6-9ef9-d70f4c5e5b63,39.889883,-111.2494615
2014-07-29 06:00:00,85.08229126622749,0a820e12-033b-45d6-9ef9-d70f4c5e5b63,39.889883,-111.2494615
2014-07-30 06:00:00,90.23207670914887,0a820e12-033b-45d6-9ef9-d70f4c5e5b63,39.889883,-111.2494615
2014-07-31 06:00:00,89.56336895793073,0a820e12-033b-45d6-9ef9-d70f4c5e5b63,39.889883,-111.2494615
2014-08-01 06:00:00,87.14386522368356,0a820e12-033b-45d6-9ef9-d70f4c5e5b63,39.889883,-111.2494615
2014-08-02 06:00:00,73.35054787130052,0a820e12-033b-45d6-9ef9-d70f4c5e5b63,39.889883,-111.2494615
2014-08-03 06:00:00,70.14812002466549,0a820e12-033b-45d6-9ef9-d70f4c5e5b63,39.889883,-111.2494615
2014-08-04 06:00:00,93.10878494453614,0a820e12-033b-45d6-9ef9-d70f4c5e5b63,39.889883,-111.2494615
2014-08-05 06:00:00,100.0,0a820e12-033b-45d6-9ef9-d70f4c5e5b63,39.889883,-111.2494615
2014-08-06 06:00:00,98.73056559704955,0a820e12-033b-45d6-9ef9-d70f4c5e5b63,39.889883,-111.2494615
2014-08-07 06:00:00,77.29447427406348,0a820e12-033b-45d6-9ef9-d70f4c5e5b63,39.889883,-111.2494615
2014-08-08 06:00:00,87.56516441367243,0a820e12-033b-45d6-9ef9-d70f4c5e5b63,39.889883,-111.2494615
2014-08-09 06:00:00,80.16394323471994,0a820e12-033b-45d6-9ef9-d70f4c5e5b63,39.889883,-111.2494615
2014-08-10 06:00:00,69.65212571379999,0a820e12-033b-45d6-9ef9-d70f4c5e5b63,39.889883,-111.2494615
2014-08-11 06:00:00,71.2999257591622,0a820e12-033b-45d6-9ef9-d70f4c5e5b63,39.889883,-111.2494615
2014-08-12 06:00:00,72.77648916235329,0a820e12-033b-45d6-9ef9-d70f4c5e5b63,39.889883,-111.2494615
2014-08-13 06:00:00,88.10352331313867,0a820e12-033b-45d6-9ef9-d70f4c5e5b63,39.889883,-111.2494615
2014-08-14 06:00:00,98.39961225052542,0a820e12-033b-45d6-9ef9-d70f4c5e5b63,39.889883,-111.2494615
2014-08-15 06:00:00,88.71474019143304,0a820e12-033b-45d6-9ef9-d70f4c5e5b63,39.889883,-111.2494615
2014-08-16 06:00:00,73.30366387610486,0a820e12-033b-45d6-9ef9-d70f4c5e5b63,39.889883,-111.2494615
2014-08-17 06:00:00,57.6798328954056,0a820e12-033b-45d6-9ef9-d70f4c5e5b63,39.889883,-111.2494615
2014-08-18 06:00:00,51.15253084639841,0a820e12-033b-45d6-9ef9-d70f4c5e5b63,39.889883,-111.2494615
2014-08-19 06:00:00,72.2751605389093,0a820e12-033b-45d6-9ef9-d70f4c5e5b63,39.889883,-111.2494615
2014-08-20 06:00:00,99.73178113069068,0a820e12-033b-45d6-9ef9-d70f4c5e5b63,39.889883,-111.2494615
2014-08-21 06:00:00,78.95345968002306,0a820e12-033b-45d6-9ef9-d70f4c5e5b63,39.889883,-111.2494615
2014-08-22 06:00:00,85.96293789934265,0a820e12-033b-45d6-9ef9-d70f4c5e5b63,39.889883,-111.2494615
2014-08-23 06:00:00,100.0,0a820e12-033b-45d6-9ef9-d70f4c5e5b63,39.889883,-111.2494615
2014-08-24 06:00:00,81.75418749488927,0a820e12-033b-45d6-9ef9-d70f4c5e5b63,39.889883,-111.2494615
2014-08-25 06:00:00,90.25104171708873,0a820e12-033b-45d6-9ef9-d70f4c5e5b63,39.889883,-111.2494615
2014-08-26 06:00:00,80.49870279732522,0a820e12-033b-45d6-9ef9-d70f4c5e5b63,39.889883,-111.2494615
2014-08-27 06:00:00,99.52269438669244,0a820e12-033b-45d6-9ef9-d70f4c5e5b63,39.889883,-111.2494615
2014-08-28 06:00:00,99.64823400297341,0a820e12-033b-45d6-9ef9-d70f4c5e5b63,39.889883,-111.2494615
2014-08-29 06:00:00,71.71354839776548,0a820e12-033b-45d6-9ef9-d70f4c5e5b63,39.889883,-111.2494615
2014-08-30 06:00:00,63.97748589171482,0a820e12-033b-45d6-9ef9-d70f4c5e5b63,39.889883,-111.2494615
2014-08-31 06:00:00,79.79008682882476,0a820e12-033b-45d6-9ef9-d70f4c5e5b63,39.889883,-111.2494615
2014-09-01 06:00:00,66.04839783155425,0a820e12-033b-45d6-9ef9-d70f4c5e5b63,39.889883,-111.2494615
2014-09-02 06:00:00,64.59136162501785,0a820e12-033b-45d6-9ef9-d70f4c5e5b63,39.889883,-111.2494615
2014-09-03 06:00:00,56.119049512846644,0a820e12-033b-45d6-9ef9-d70f4c5e5b63,39.889883,-111.2494615
2014-09-04 06:00:00,60.73141887029624,0a820e12-033b-45d6-9ef9-d70f4c5e5b63,39.889883,-111.2494615
2014-09-05 06:00:00,69.38106605889593,0a820e12-033b-45d6-9ef9-d70f4c5e5b63,39.889883,-111.2494615
2014-09-06 06:00:00,74.81091581753978,0a820e12-033b-45d6-9ef9-d70f4c5e5b63,39.889883,-111.2494615
2014-09-07 06:00:00,69.43080899896705,0a820e12-033b-45d6-9ef9-d70f4c5e5b63,39.889883,-111.2494615
2014-09-08 06:00:00,69.95534190819514,0a820e12-033b-45d6-9ef9-d70f4c5e5b63,39.889883,-111.2494615
2014-09-09 06:00:00,100.0,0a820e12-033b-45d6-9ef9-d70f4c5e5b63,39.889883,-111.2494615
2014-09-10 06:00:00,89.5781035877628,0a820e12-033b-45d6-9ef9-d70f4c5e5b63,39.889883,-111.2494615
2014-09-11 06:00:00,74.90000543236388,0a820e12-033b-45d6-9ef9-d70f4c5e5b63,39.889883,-111.2494615
2014-09-12 06:00:00,80.2283250957412,0a820e12-033b-45d6-9ef9-d70f4c5e5b63,39.889883,-111.2494615
2014-09-13 06:00:00,61.97874952211646,0a820e12-033b-45d6-9ef9-d70f4c5e5b63,39.889883,-111.2494615
2014-09-14 06:00:00,48.81701592233344,0a820e12-033b-45d6-9ef9-d70f4c5e5b63,39.889883,-111.2494615
2014-09-15 06:00:00,53.238261240279016,0a820e12-033b-45d6-9ef9-d70f4c5e5b63,39.889883,-111.2494615
2014-09-16 06:00:00,57.3451881628982,0a820e12-033b-45d6-9ef9-d70f4c5e5b63,39.889883,-111.2494615
2014-09-17 06:00:00,63.59348920541274,0a820e12-033b-45d6-9ef9-d70f4c5e5b63,39.889883,-111.2494615
2014-09-18 06:00:00,72.84827162418604,0a820e12-033b-45d6-9ef9-d70f4c5e5b63,39.889883,-111.2494615
2014-09-19 06:00:00,81.23609588740536,0a820e12-033b-45d6-9ef9-d70f4c5e5b63,39.889883,-111.2494615
2014-09-20 06:00:00,66.96248674438594,0a820e12-033b-45d6-9ef9-d70f4c5e5b63,39.889883,-111.2494615
2014-09-21 06:00:00,80.67787257792057,0a820e12-033b-45d6-9ef9-d70f4c5e5b63,39.889883,-111.2494615
2014-09-22 06:00:00,91.24918125361864,0a820e12-033b-45d6-9ef9-d70f4c5e5b63,39.889883,-111.2494615
2014-09-23 06:00:00,83.47343104842537,0a820e12-033b-45d6-9ef9-d70f4c5e5b63,39.889883,-111.2494615
2014-09-24 06:00:00,75.53880994427766,0a820e12-033b-45d6-9ef9-d70f4c5e5b63,39.889883,-111.2494615
2014-09-25 06:00:00,68.45230747255944,0a820e12-033b-45d6-9ef9-d70f4c5e5b63,39.889883,-111.2494615
2014-09-26 06:00:00,69.94883926288799,0a820e12-033b-45d6-9ef9-d70f4c5e5b63,39.889883,-111.2494615
2014-09-27 06:00:00,96.23918688630002,0a820e12-033b-45d6-9ef9-d70f4c5e5b63,39.889883,-111.2494615
2014-09-28 06:00:00,100.0,0a820e12-033b-45d6-9ef9-d70f4c5e5b63,39.889883,-111.2494615
2014-09-29 06:00:00,86.55562717118323,0a820e12-033b-45d6-9ef9-d70f4c5e5b63,39.889883,-111.2494615
2014-09-30 06:00:00,83.07804594508033,0a820e12-033b-45d6-9ef9-d70f4c5e5b63,39.889883,-111.2494615
2014-10-01 06:00:00,100.0,0a820e12-033b-45d6-9ef9-d70f4c5e5b63,39.889883,-111.2494615
2014-10-02 06:00:00,80.37369854571844,0a820e12-033b-45d6-9ef9-d70f4c5e5b63,39.889883,-111.2494615
2014-10-03 06:00:00,64.73577236142494,0a820e12-033b-45d6-9ef9-d70f4c5e5b63,39.889883,-111.2494615
2014-10-04 06:00:00,61.53821773730986,0a820e12-033b-45d6-9ef9-d70f4c5e5b63,39.889883,-111.2494615
2014-10-05 06:00:00,66.11110959681785,0a820e12-033b-45d6-9ef9-d70f4c5e5b63,39.889883,-111.2494615
2014-10-06 06:00:00,71.46091807037736,0a820e12-033b-45d6-9ef9-d70f4c5e5b63,39.889883,-111.2494615
2014-10-07 06:00:00,70.21552358118815,0a820e12-033b-45d6-9ef9-d70f4c5e5b63,39.889883,-111.2494615
2014-10-08 06:00:00,55.392652351886056,0a820e12-033b-45d6-9ef9-d70f4c5e5b63,39.889883,-111.2494615
2014-10-09 06:00:00,64.4881291540915,0a820e12-033b-45d6-9ef9-d70f4c5e5b63,39.889883,-111.2494615
2014-10-10 06:00:00,65.74887140033563,0a820e12-033b-45d6-9ef9-d70f4c5e5b63,39.889883,-111.2494615
2014-10-11 06:00:00,74.01851022553282,0a820e12-033b-45d6-9ef9-d70f4c5e5b63,39.889883,-111.2494615
2014-10-12 06:00:00,79.69265805814447,0a820e12-033b-45d6-9ef9-d70f4c5e5b63,39.889883,-111.2494615
2014-10-13 06:00:00,72.12354895377871,0a820e12-033b-45d6-9ef9-d70f4c5e5b63,39.889883,-111.2494615
2014-10-14 06:00:00,66.28201619240959,0a820e12-033b-45d6-9ef9-d70f4c5e5b63,39.889883,-111.2494615
2014-10-15 06:00:00,56.60882230213448,0a820e12-033b-45d6-9ef9-d70f4c5e5b63,39.889883,-111.2494615
2014-10-16 06:00:00,63.34172739537434,0a820e12-033b-45d6-9ef9-d70f4c5e5b63,39.889883,-111.2494615
2014-10-17 06:00:00,62.676152424816905,0a820e12-033b-45d6-9ef9-d70f4c5e5b63,39.889883,-111.2494615
2014-10-18 06:00:00,60.98946518296801,0a820e12-033b-45d6-9ef9-d70f4c5e5b63,39.889883,-111.2494615
2014-10-19 06:00:00,66.9144914643597,0a820e12-033b-45d6-9ef9-d70f4c5e5b63,39.889883,-111.2494615
2014-10-20 06:00:00,71.30055844818203,0a820e12-033b-45d6-9ef9-d70f4c5e5b63,39.889883,-111.2494615
2014-10-21 06:00:00,98.73524993514648,0a820e12-033b-45d6-9ef9-d70f4c5e5b63,39.889883,-111.2494615
2014-10-22 06:00:00,80.58260266888703,0a820e12-033b-45d6-9ef9-d70f4c5e5b63,39.889883,-111.2494615
2014-10-23 06:00:00,60.66545800364167,0a820e12-033b-45d6-9ef9-d70f4c5e5b63,39.889883,-111.2494615
2014-10-24 06:00:00,57.95982905691696,0a820e12-033b-45d6-9ef9-d70f4c5e5b63,39.889883,-111.2494615
2014-10-25 06:00:00,54.812042706281204,0a820e12-033b-45d6-9ef9-d70f4c5e5b63,39.889883,-111.2494615
2014-10-26 06:00:00,89.82776829826936,0a820e12-033b-45d6-9ef9-d70f4c5e5b63,39.889883,-111.2494615
2014-10-27 06:00:00,69.81558442689457,0a820e12-033b-45d6-9ef9-d70f4c5e5b63,39.889883,-111.2494615
2014-10-28 06:00:00,49.19078502342952,0a820e12-033b-45d6-9ef9-d70f4c5e5b63,39.889883,-111.2494615
2014-10-29 06:00:00,52.510856991897306,0a820e12-033b-45d6-9ef9-d70f4c5e5b63,39.889883,-111.2494615
2014-10-30 06:00:00,61.00872376105095,0a820e12-033b-45d6-9ef9-d70f4c5e5b63,39.889883,-111.2494615
2014-10-31 06:00:00,45.84428574651107,0a820e12-033b-45d6-9ef9-d70f4c5e5b63,39.889883,-111.2494615
2014-11-01 06:00:00,75.89768354105651,0a820e12-033b-45d6-9ef9-d70f4c5e5b63,39.889883,-111.2494615
2014-11-02 06:00:00,88.01555355244584,0a820e12-033b-45d6-9ef9-d70f4c5e5b63,39.889883,-111.2494615
2014-11-03 06:00:00,100.0,0a820e12-033b-45d6-9ef9-d70f4c5e5b63,39.889883,-111.2494615
2014-11-04 06:00:00,79.05758566392856,0a820e12-033b-45d6-9ef9-d70f4c5e5b63,39.889883,-111.2494615
2014-11-05 06:00:00,62.9039117778231,0a820e12-033b-45d6-9ef9-d70f4c5e5b63,39.889883,-111.2494615
2014-11-06 06:00:00,56.076367603114754,0a820e12-033b-45d6-9ef9-d70f4c5e5b63,39.889883,-111.2494615
2014-11-07 06:00:00,67.14170780126813,0a820e12-033b-45d6-9ef9-d70f4c5e5b63,39.889883,-111.2494615
2014-11-08 06:00:00,71.63953364411722,0a820e12-033b-45d6-9ef9-d70f4c5e5b63,39.889883,-111.2494615
2014-11-09 06:00:00,54.83866430728681,0a820e12-033b-45d6-9ef9-d70f4c5e5b63,39.889883,-111.2494615
2014-11-10 06:00:00,100.0,0a820e12-033b-45d6-9ef9-d70f4c5e5b63,39.889883,-111.2494615
2014-11-11 06:00:00,75.211999358984,0a820e12-033b-45d6-9ef9-d70f4c5e5b63,39.889883,-111.2494615
2014-11-12 06:00:00,94.92286190146777,0a820e12-033b-45d6-9ef9-d70f4c5e5b63,39.889883,-111.2494615
2014-11-13 06:00:00,96.70631774373646,0a820e12-033b-45d6-9ef9-d70f4c5e5b63,39.889883,-111.2494615
2014-11-14 06:00:00,94.92241027655798,0a820e12-033b-45d6-9ef9-d70f4c5e5b63,39.889883,-111.2494615
2014-11-15 06:00:00,100.0,0a820e12-033b-45d6-9ef9-d70f4c5e5b63,39.889883,-111.2494615
2014-11-16 06:00:00,91.5640647087795,0a820e12-033b-45d6-9ef9-d70f4c5e5b63,39.889883,-111.2494615
2014-11-17 06:00:00,81.13443206845855,0a820e12-033b-45d6-9ef9-d70f4c5e5b63,39.889883,-111.2494615
2014-11-18 06:00:00,68.2450253997891,0a820e12-033b-45d6-9ef9-d70f4c5e5b63,39.889883,-111.2494615
2014-11-19 06:00:00,58.106856132265,0a820e12-033b-45d6-9ef9-d70f4c5e5b63,39.889883,-111.2494615
2014-11-20 06:00:00,62.203979440786384,0a820e12-033b-45d6-9ef9-d70f4c5e5b63,39.889883,-111.2494615
2014-11-21 06:00:00,73.45899097637218,0a820e12-033b-45d6-9ef9-d70f4c5e5b63,39.889883,-111.2494615
2014-11-22 06:00:00,78.57803999723667,0a820e12-033b-45d6-9ef9-d70f4c5e5b63,39.889883,-111.2494615
2014-11-23 06:00:00,97.56821647254863,0a820e12-033b-45d6-9ef9-d70f4c5e5b63,39.889883,-111.2494615
2014-11-24 06:00:00,96.98989083929861,0a820e12-033b-45d6-9ef9-d70f4c5e5b63,39.889883,-111.2494615
2014-11-25 06:00:00,82.47408652282657,0a820e12-033b-45d6-9ef9-d70f4c5e5b63,39.889883,-111.2494615
2014-11-26 06:00:00,83.66511087720502,0a820e12-033b-45d6-9ef9-d70f4c5e5b63,39.889883,-111.2494615
2014-11-27 06:00:00,57.63156029533262,0a820e12-033b-45d6-9ef9-d70f4c5e5b63,39.889883,-111.2494615
2014-11-28 06:00:00,46.4507440891945,0a820e12-033b-45d6-9ef9-d70f4c5e5b63,39.889883,-111.2494615
2014-11-29 06:00:00,45.959398322890195,0a820e12-033b-45d6-9ef9-d70f4c5e5b63,39.889883,-111.2494615
2014-11-30 06:00:00,61.40283038641422,0a820e12-033b-45d6-9ef9-d70f4c5e5b63,39.889883,-111.2494615
2014-12-01 06:00:00,80.91069352385858,0a820e12-033b-45d6-9ef9-d70f4c5e5b63,39.889883,-111.2494615
2014-12-02 06:00:00,74.5893631715747,0a820e12-033b-45d6-9ef9-d70f4c5e5b63,39.889883,-111.2494615
2014-12-03 06:00:00,68.28378054313183,0a820e12-033b-45d6-9ef9-d70f4c5e5b63,39.889883,-111.2494615
2014-12-04 06:00:00,90.83754550320695,0a820e12-033b-45d6-9ef9-d70f4c5e5b63,39.889883,-111.2494615
2014-12-05 06:00:00,89.36536914138865,0a820e12-033b-45d6-9ef9-d70f4c5e5b63,39.889883,-111.2494615
2014-12-06 06:00:00,87.0887436779562,0a820e12-033b-45d6-9ef9-d70f4c5e5b63,39.889883,-111.2494615
2014-12-07 06:00:00,89.52853005109095,0a820e12-033b-45d6-9ef9-d70f4c5e5b63,39.889883,-111.2494615
2014-12-08 06:00:00,71.6602237837262,0a820e12-033b-45d6-9ef9-d70f4c5e5b63,39.889883,-111.2494615
2014-12-09 06:00:00,63.424614224328344,0a820e12-033b-45d6-9ef9-d70f4c5e5b63,39.889883,-111.2494615
2014-12-10 06:00:00,58.635747933410705,0a820e12-033b-45d6-9ef9-d70f4c5e5b63,39.889883,-111.2494615
2014-12-11 06:00:00,72.18753511430668,0a820e12-033b-45d6-9ef9-d70f4c5e5b63,39.889883,-111.2494615
2014-12-12 06:00:00,66.44287840005181,0a820e12-033b-45d6-9ef9-d70f4c5e5b63,39.889883,-111.2494615
2014-12-13 06:00:00,92.51699602936644,0a820e12-033b-45d6-9ef9-d70f4c5e5b63,39.889883,-111.2494615
2014-12-14 06:00:00,100.0,0a820e12-033b-45d6-9ef9-d70f4c5e5b63,39.889883,-111.2494615
2014-12-15 06:00:00,83.25933270275421,0a820e12-033b-45d6-9ef9-d70f4c5e5b63,39.889883,-111.2494615
2014-12-16 06:00:00,68.8757568300631,0a820e12-033b-45d6-9ef9-d70f4c5e5b63,39.889883,-111.2494615
2014-12-17 06:00:00,82.89299331386005,0a820e12-033b-45d6-9ef9-d70f4c5e5b63,39.889883,-111.2494615
2014-12-18 06:00:00,100.0,0a820e12-033b-45d6-9ef9-d70f4c5e5b63,39.889883,-111.2494615
2014-12-19 06:00:00,97.13278901703204,0a820e12-033b-45d6-9ef9-d70f4c5e5b63,39.889883,-111.2494615
2014-12-20 06:00:00,79.81109705053922,0a820e12-033b-45d6-9ef9-d70f4c5e5b63,39.889883,-111.2494615
2014-12-21 06:00:00,86.49629173976396,0a820e12-033b-45d6-9ef9-d70f4c5e5b63,39.889883,-111.2494615
2014-12-22 06:00:00,100.0,0a820e12-033b-45d6-9ef9-d70f4c5e5b63,39.889883,-111.2494615
2014-12-23 06:00:00,97.42470571097557,0a820e12-033b-45d6-9ef9-d70f4c5e5b63,39.889883,-111.2494615
2014-12-24 06:00:00,75.80241097385087,0a820e12-033b-45d6-9ef9-d70f4c5e5b63,39.889883,-111.2494615
2014-12-25 06:00:00,97.47483393179898,0a820e12-033b-45d6-9ef9-d70f4c5e5b63,39.889883,-111.2494615
2014-12-26 06:00:00,96.57955318740979,0a820e12-033b-45d6-9ef9-d70f4c5e5b63,39.889883,-111.2494615
2014-12-27 06:00:00,99.60297799867662,0a820e12-033b-45d6-9ef9-d70f4c5e5b63,39.889883,-111.2494615
2014-12-28 06:00:00,71.23081325497962,0a820e12-033b-45d6-9ef9-d70f4c5e5b63,39.889883,-111.2494615
2014-12-29 06:00:00,100.0,0a820e12-033b-45d6-9ef9-d70f4c5e5b63,39.889883,-111.2494615
2014-12-30 06:00:00,100.0,0a820e12-033b-45d6-9ef9-d70f4c5e5b63,39.889883,-111.2494615
2014-12-31 06:00:00,92.16633381260716,0a820e12-033b-45d6-9ef9-d70f4c5e5b63,39.889883,-111.2494615
2015-01-01 06:00:00,74.65502906924148,0a820e12-033b-45d6-9ef9-d70f4c5e5b63,39.889883,-111.2494615
2015-01-02 06:00:00,84.20640675578699,0a820e12-033b-45d6-9ef9-d70f4c5e5b63,39.889883,-111.2494615
2015-01-03 06:00:00,87.75701830866707,0a820e12-033b-45d6-9ef9-d70f4c5e5b63,39.889883,-111.2494615
2015-01-04 06:00:00,85.04608319514756,0a820e12-033b-45d6-9ef9-d70f4c5e5b63,39.889883,-111.2494615
2015-01-05 06:00:00,78.33486649896,0a820e12-033b-45d6-9ef9-d70f4c5e5b63,39.889883,-111.2494615
2015-01-06 06:00:00,81.19254228814044,0a820e12-033b-45d6-9ef9-d70f4c5e5b63,39.889883,-111.2494615
2015-01-07 06:00:00,64.22616649844304,0a820e12-033b-45d6-9ef9-d70f4c5e5b63,39.889883,-111.2494615
2015-01-08 06:00:00,64.92188253393532,0a820e12-033b-45d6-9ef9-d70f4c5e5b63,39.889883,-111.2494615
2015-01-09 06:00:00,78.0490658257992,0a820e12-033b-45d6-9ef9-d70f4c5e5b63,39.889883,-111.2494615
2015-01-10 06:00:00,80.05082550636268,0a820e12-033b-45d6-9ef9-d70f4c5e5b63,39.889883,-111.2494615
2015-01-11 06:00:00,86.23862830300646,0a820e12-033b-45d6-9ef9-d70f4c5e5b63,39.889883,-111.2494615
2015-01-12 06:00:00,85.4113907947118,0a820e12-033b-45d6-9ef9-d70f4c5e5b63,39.889883,-111.2494615
2015-01-13 06:00:00,96.1644951211821,0a820e12-033b-45d6-9ef9-d70f4c5e5b63,39.889883,-111.2494615
2015-01-14 06:00:00,93.68531007739188,0a820e12-033b-45d6-9ef9-d70f4c5e5b63,39.889883,-111.2494615
2015-01-15 06:00:00,68.11221383969524,0a820e12-033b-45d6-9ef9-d70f4c5e5b63,39.889883,-111.2494615
2015-01-16 06:00:00,45.626583653763014,0a820e12-033b-45d6-9ef9-d70f4c5e5b63,39.889883,-111.2494615
2015-01-17 06:00:00,71.33911186416523,0a820e12-033b-45d6-9ef9-d70f4c5e5b63,39.889883,-111.2494615
2015-01-18 06:00:00,54.0257195444263,0a820e12-033b-45d6-9ef9-d70f4c5e5b63,39.889883,-111.2494615
2015-01-19 06:00:00,78.64441934242286,0a820e12-033b-45d6-9ef9-d70f4c5e5b63,39.889883,-111.2494615
2015-01-20 06:00:00,96.00719145700494,0a820e12-033b-45d6-9ef9-d70f4c5e5b63,39.889883,-111.2494615
2015-01-21 06:00:00,69.44090705702693,0a820e12-033b-45d6-9ef9-d70f4c5e5b63,39.889883,-111.2494615
2015-01-22 06:00:00,66.50222822378414,0a820e12-033b-45d6-9ef9-d70f4c5e5b63,39.889883,-111.2494615
2015-01-23 06:00:00,55.72242283385114,0a820e12-033b-45d6-9ef9-d70f4c5e5b63,39.889883,-111.2494615
2015-01-24 06:00:00,76.02185181222131,0a820e12-033b-45d6-9ef9-d70f4c5e5b63,39.889883,-111.2494615
2015-01-25 06:00:00,79.41993623059798,0a820e12-033b-45d6-9ef9-d70f4c5e5b63,39.889883,-111.2494615
2015-01-26 06:00:00,68.54534510446354,0a820e12-033b-45d6-9ef9-d70f4c5e5b63,39.889883,-111.2494615
2015-01-27 06:00:00,59.359997790633074,0a820e12-033b-45d6-9ef9-d70f4c5e5b63,39.889883,-111.2494615
2015-01-28 06:00:00,86.62601501787937,0a820e12-033b-45d6-9ef9-d70f4c5e5b63,39.889883,-111.2494615
2015-01-29 06:00:00,82.62977068463235,0a820e12-033b-45d6-9ef9-d70f4c5e5b63,39.889883,-111.2494615
2015-01-30 06:00:00,74.06039342797641,0a820e12-033b-45d6-9ef9-d70f4c5e5b63,39.889883,-111.2494615
2015-01-31 06:00:00,100.0,0a820e12-033b-45d6-9ef9-d70f4c5e5b63,39.889883,-111.2494615
2015-02-01 06:00:00,82.84565819307976,0a820e12-033b-45d6-9ef9-d70f4c5e5b63,39.889883,-111.2494615
2015-02-02 06:00:00,66.51962293490868,0a820e12-033b-45d6-9ef9-d70f4c5e5b63,39.889883,-111.2494615
2015-02-03 06:00:00,73.7746778310091,0a820e12-033b-45d6-9ef9-d70f4c5e5b63,39.889883,-111.2494615
2015-02-04 06:00:00,76.21443124868414,0a820e12-033b-45d6-9ef9-d70f4c5e5b63,39.889883,-111.2494615
2015-02-05 06:00:00,52.37568527970667,0a820e12-033b-45d6-9ef9-d70f4c5e5b63,39.889883,-111.2494615
2015-02-06 06:00:00,51.582613136357594,0a820e12-033b-45d6-9ef9-d70f4c5e5b63,39.889883,-111.2494615
2015-02-07 06:00:00,51.76713239653278,0a820e12-033b-45d6-9ef9-d70f4c5e5b63,39.889883,-111.2494615
2015-02-08 06:00:00,64.33231380194626,0a820e12-033b-45d6-9ef9-d70f4c5e5b63,39.889883,-111.2494615
2015-02-09 06:00:00,76.4488551458335,0a820e12-033b-45d6-9ef9-d70f4c5e5b63,39.889883,-111.2494615
2015-02-10 06:00:00,85.53168329673966,0a820e12-033b-45d6-9ef9-d70f4c5e5b63,39.889883,-111.2494615
2015-02-11 06:00:00,84.45529995019673,0a820e12-033b-45d6-9ef9-d70f4c5e5b63,39.889883,-111.2494615
2015-02-12 06:00:00,62.60485149600164,0a820e12-033b-45d6-9ef9-d70f4c5e5b63,39.889883,-111.2494615
2015-02-13 06:00:00,52.64423814980999,0a820e12-033b-45d6-9ef9-d70f4c5e5b63,39.889883,-111.2494615
2015-02-14 06:00:00,47.73673470784426,0a820e12-033b-45d6-9ef9-d70f4c5e5b63,39.889883,-111.2494615
2015-02-15 06:00:00,59.859712294137054,0a820e12-033b-45d6-9ef9-d70f4c5e5b63,39.889883,-111.2494615
2015-02-16 06:00:00,83.9412424419796,0a820e12-033b-45d6-9ef9-d70f4c5e5b63,39.889883,-111.2494615
2015-02-17 06:00:00,75.10391764048777,0a820e12-033b-45d6-9ef9-d70f4c5e5b63,39.889883,-111.2494615
2015-02-18 06:00:00,57.80653172805977,0a820e12-033b-45d6-9ef9-d70f4c5e5b63,39.889883,-111.2494615
2015-02-19 06:00:00,56.466693110828565,0a820e12-033b-45d6-9ef9-d70f4c5e5b63,39.889883,-111.2494615
2015-02-20 06:00:00,72.54682034592541,0a820e12-033b-45d6-9ef9-d70f4c5e5b63,39.889883,-111.2494615
2015-02-21 06:00:00,90.35170840574527,0a820e12-033b-45d6-9ef9-d70f4c5e5b63,39.889883,-111.2494615
2015-02-22 06:00:00,97.31520364006857,0a820e12-033b-45d6-9ef9-d70f4c5e5b63,39.889883,-111.2494615
2015-02-23 06:00:00,91.43334247930562,0a820e12-033b-45d6-9ef9-d70f4c5e5b63,39.889883,-111.2494615
2015-02-24 06:00:00,76.36734321601583,0a820e12-033b-45d6-9ef9-d70f4c5e5b63,39.889883,-111.2494615
2015-02-25 06:00:00,62.801515228594575,0a820e12-033b-45d6-9ef9-d70f4c5e5b63,39.889883,-111.2494615
2015-02-26 06:00:00,74.66887372542848,0a820e12-033b-45d6-9ef9-d70f4c5e5b63,39.889883,-111.2494615
2015-02-27 06:00:00,96.52125715268589,0a820e12-033b-45d6-9ef9-d70f4c5e5b63,39.889883,-111.2494615
2015-02-28 06:00:00,74.18919264616244,0a820e12-033b-45d6-9ef9-d70f4c5e5b63,39.889883,-111.2494615
2015-03-01 06:00:00,82.78076555914782,0a820e12-033b-45d6-9ef9-d70f4c5e5b63,39.889883,-111.2494615
2015-03-02 06:00:00,87.73337348592865,0a820e12-033b-45d6-9ef9-d70f4c5e5b63,39.889883,-111.2494615
2015-03-03 06:00:00,100.0,0a820e12-033b-45d6-9ef9-d70f4c5e5b63,39.889883,-111.2494615
2015-03-04 06:00:00,87.42022516362591,0a820e12-033b-45d6-9ef9-d70f4c5e5b63,39.889883,-111.2494615
2015-03-05 06:00:00,76.1415613521396,0a820e12-033b-45d6-9ef9-d70f4c5e5b63,39.889883,-111.2494615
2015-03-06 06:00:00,59.842876687660265,0a820e12-033b-45d6-9ef9-d70f4c5e5b63,39.889883,-111.2494615
2015-03-07 06:00:00,57.52760627019623,0a820e12-033b-45d6-9ef9-d70f4c5e5b63,39.889883,-111.2494615
2015-03-08 06:00:00,55.096410261196404,0a820e12-033b-45d6-9ef9-d70f4c5e5b63,39.889883,-111.2494615
2015-03-09 06:00:00,59.37766534990709,0a820e12-033b-45d6-9ef9-d70f4c5e5b63,39.889883,-111.2494615
2015-03-10 06:00:00,58.53094803678864,0a820e12-033b-45d6-9ef9-d70f4c5e5b63,39.889883,-111.2494615
2015-03-11 06:00:00,42.50599290041882,0a820e12-033b-45d6-9ef9-d70f4c5e5b63,39.889883,-111.2494615
2015-03-12 06:00:00,68.11290470743775,0a820e12-033b-45d6-9ef9-d70f4c5e5b63,39.889883,-111.2494615
2015-03-13 06:00:00,77.73310910794916,0a820e12-033b-45d6-9ef9-d70f4c5e5b63,39.889883,-111.2494615
2015-03-14 06:00:00,70.68495808987807,0a820e12-033b-45d6-9ef9-d70f4c5e5b63,39.889883,-111.2494615
2015-03-15 06:00:00,53.49656093476253,0a820e12-033b-45d6-9ef9-d70f4c5e5b63,39.889883,-111.2494615
2015-03-16 06:00:00,51.6344464167135,0a820e12-033b-45d6-9ef9-d70f4c5e5b63,39.889883,-111.2494615
2015-03-17 06:00:00,50.38058162538678,0a820e12-033b-45d6-9ef9-d70f4c5e5b63,39.889883,-111.2494615
2015-03-18 06:00:00,71.79511672929576,0a820e12-033b-45d6-9ef9-d70f4c5e5b63,39.889883,-111.2494615
2015-03-19 06:00:00,63.37354155201769,0a820e12-033b-45d6-9ef9-d70f4c5e5b63,39.889883,-111.2494615
2015-03-20 06:00:00,54.664764642944924,0a820e12-033b-45d6-9ef9-d70f4c5e5b63,39.889883,-111.2494615
2015-03-21 06:00:00,46.630033817970485,0a820e12-033b-45d6-9ef9-d70f4c5e5b63,39.889883,-111.2494615
2015-03-22 06:00:00,49.427769430562556,0a820e12-033b-45d6-9ef9-d70f4c5e5b63,39.889883,-111.2494615
2015-03-23 06:00:00,70.84946037784461,0a820e12-033b-45d6-9ef9-d70f4c5e5b63,39.889883,-111.2494615
2015-03-24 06:00:00,74.24285102234766,0a820e12-033b-45d6-9ef9-d70f4c5e5b63,39.889883,-111.2494615
2015-03-25 06:00:00,71.26547181732501,0a820e12-033b-45d6-9ef9-d70f4c5e5b63,39.889883,-111.2494615
2015-03-26 06:00:00,56.52388306692085,0a820e12-033b-45d6-9ef9-d70f4c5e5b63,39.889883,-111.2494615
2015-03-27 06:00:00,59.43341930194815,0a820e12-033b-45d6-9ef9-d70f4c5e5b63,39.889883,-111.2494615
2015-03-28 06:00:00,56.269592615592,0a820e12-033b-45d6-9ef9-d70f4c5e5b63,39.889883,-111.2494615
2015-03-29 06:00:00,50.9592636776613,0a820e12-033b-45d6-9ef9-d70f4c5e5b63,39.889883,-111.2494615
2015-03-30 06:00:00,44.262261971702245,0a820e12-033b-45d6-9ef9-d70f4c5e5b63,39.889883,-111.2494615
2015-03-31 06:00:00,47.01149878625805,0a820e12-033b-45d6-9ef9-d70f4c5e5b63,39.889883,-111.2494615
2015-04-01 06:00:00,68.7661373002582,0a820e12-033b-45d6-9ef9-d70f4c5e5b63,39.889883,-111.2494615
2015-04-02 06:00:00,71.74281996872932,0a820e12-033b-45d6-9ef9-d70f4c5e5b63,39.889883,-111.2494615
2015-04-03 06:00:00,61.878343495872876,0a820e12-033b-45d6-9ef9-d70f4c5e5b63,39.889883,-111.2494615
2015-04-04 06:00:00,44.8649734776105,0a820e12-033b-45d6-9ef9-d70f4c5e5b63,39.889883,-111.2494615
2015-04-05 06:00:00,41.464602065614145,0a820e12-033b-45d6-9ef9-d70f4c5e5b63,39.889883,-111.2494615
2015-04-06 06:00:00,48.545795554490596,0a820e12-033b-45d6-9ef9-d70f4c5e5b63,39.889883,-111.2494615
2015-04-07 06:00:00,52.07871091767385,0a820e12-033b-45d6-9ef9-d70f4c5e5b63,39.889883,-111.2494615
2015-04-08 06:00:00,58.26333837720267,0a820e12-033b-45d6-9ef9-d70f4c5e5b63,39.889883,-111.2494615
2015-04-09 06:00:00,79.21999352522145,0a820e12-033b-45d6-9ef9-d70f4c5e5b63,39.889883,-111.2494615
2015-04-10 06:00:00,48.61361597408114,0a820e12-033b-45d6-9ef9-d70f4c5e5b63,39.889883,-111.2494615
2015-04-11 06:00:00,48.40939747403744,0a820e12-033b-45d6-9ef9-d70f4c5e5b63,39.889883,-111.2494615
2015-04-12 06:00:00,63.52881890334569,0a820e12-033b-45d6-9ef9-d70f4c5e5b63,39.889883,-111.2494615
2015-04-13 06:00:00,47.61719397654088,0a820e12-033b-45d6-9ef9-d70f4c5e5b63,39.889883,-111.2494615
2015-04-14 06:00:00,78.77110316227902,0a820e12-033b-45d6-9ef9-d70f4c5e5b63,39.889883,-111.2494615
2015-04-15 06:00:00,80.47548968523483,0a820e12-033b-45d6-9ef9-d70f4c5e5b63,39.889883,-111.2494615
2015-04-16 06:00:00,82.7028083103683,0a820e12-033b-45d6-9ef9-d70f4c5e5b63,39.889883,-111.2494615
2015-04-17 06:00:00,81.18053135949907,0a820e12-033b-45d6-9ef9-d70f4c5e5b63,39.889883,-111.2494615
2015-04-18 06:00:00,75.5052915835633,0a820e12-033b-45d6-9ef9-d70f4c5e5b63,39.889883,-111.2494615
2015-04-19 06:00:00,64.5037832691534,0a820e12-033b-45d6-9ef9-d70f4c5e5b63,39.889883,-111.2494615
2015-04-20 06:00:00,58.67731919348297,0a820e12-033b-45d6-9ef9-d70f4c5e5b63,39.889883,-111.2494615
2015-04-21 06:00:00,46.56785548616764,0a820e12-033b-45d6-9ef9-d70f4c5e5b63,39.889883,-111.2494615
2015-04-22 06:00:00,48.675362341901916,0a820e12-033b-45d6-9ef9-d70f4c5e5b63,39.889883,-111.2494615
2015-04-23 06:00:00,63.51549124694766,0a820e12-033b-45d6-9ef9-d70f4c5e5b63,39.889883,-111.2494615
2015-04-24 06:00:00,60.41203455332957,0a820e12-033b-45d6-9ef9-d70f4c5e5b63,39.889883,-111.2494615
2015-04-25 06:00:00,84.93669550641438,0a820e12-033b-45d6-9ef9-d70f4c5e5b63,39.889883,-111.2494615
2015-04-26 06:00:00,90.06531175864902,0a820e12-033b-45d6-9ef9-d70f4c5e5b63,39.889883,-111.2494615
2015-04-27 06:00:00,80.270426429844,0a820e12-033b-45d6-9ef9-d70f4c5e5b63,39.889883,-111.2494615
2015-04-28 06:00:00,77.28596964332206,0a820e12-033b-45d6-9ef9-d70f4c5e5b63,39.889883,-111.2494615
2015-04-29 06:00:00,63.27793814518684,0a820e12-033b-45d6-9ef9-d70f4c5e5b63,39.889883,-111.2494615
2015-04-30 06:00:00,59.09444737365546,0a820e12-033b-45d6-9ef9-d70f4c5e5b63,39.889883,-111.2494615
2015-05-01 06:00:00,57.37824970718985,0a820e12-033b-45d6-9ef9-d70f4c5e5b63,39.889883,-111.2494615
2015-05-02 06:00:00,50.223314316486146,0a820e12-033b-45d6-9ef9-d70f4c5e5b63,39.889883,-111.2494615
2015-05-03 06:00:00,45.897634621878105,0a820e12-033b-45d6-9ef9-d70f4c5e5b63,39.889883,-111.2494615
2015-05-04 06:00:00,59.997210986345756,0a820e12-033b-45d6-9ef9-d70f4c5e5b63,39.889883,-111.2494615
2015-05-05 06:00:00,67.7826887760401,0a820e12-033b-45d6-9ef9-d70f4c5e5b63,39.889883,-111.2494615
2015-05-06 06:00:00,83.96345682300205,0a820e12-033b-45d6-9ef9-d70f4c5e5b63,39.889883,-111.2494615
2015-05-07 06:00:00,77.30640464980975,0a820e12-033b-45d6-9ef9-d70f4c5e5b63,39.889883,-111.2494615
2015-05-08 06:00:00,63.957840927755534,0a820e12-033b-45d6-9ef9-d70f4c5e5b63,39.889883,-111.2494615
2015-05-09 06:00:00,69.13224270391969,0a820e12-033b-45d6-9ef9-d70f4c5e5b63,39.889883,-111.2494615
2015-05-10 06:00:00,86.2401606584536,0a820e12-033b-45d6-9ef9-d70f4c5e5b63,39.889883,-111.2494615
2015-05-11 06:00:00,63.004494337535334,0a820e12-033b-45d6-9ef9-d70f4c5e5b63,39.889883,-111.2494615
2015-05-12 06:00:00,46.979744240225685,0a820e12-033b-45d6-9ef9-d70f4c5e5b63,39.889883,-111.2494615
2015-05-13 06:00:00,46.21696547801043,0a820e12-033b-45d6-9ef9-d70f4c5e5b63,39.889883,-111.2494615
2015-05-14 06:00:00,59.38200420640317,0a820e12-033b-45d6-9ef9-d70f4c5e5b63,39.889883,-111.2494615
2015-05-15 06:00:00,86.16084660373133,0a820e12-033b-45d6-9ef9-d70f4c5e5b63,39.889883,-111.2494615
2015-05-16 06:00:00,74.15666529166228,0a820e12-033b-45d6-9ef9-d70f4c5e5b63,39.889883,-111.2494615
2015-05-17 06:00:00,70.52376226695026,0a820e12-033b-45d6-9ef9-d70f4c5e5b63,39.889883,-111.2494615
2015-05-18 06:00:00,72.17484718153865,0a820e12-033b-45d6-9ef9-d70f4c5e5b63,39.889883,-111.2494615
2015-05-19 06:00:00,70.17109343865609,0a820e12-033b-45d6-9ef9-d70f4c5e5b63,39.889883,-111.2494615
2015-05-20 06:00:00,72.82481223465275,0a820e12-033b-45d6-9ef9-d70f4c5e5b63,39.889883,-111.2494615
2015-05-21 06:00:00,69.5283909890374,0a820e12-033b-45d6-9ef9-d70f4c5e5b63,39.889883,-111.2494615
2015-05-22 06:00:00,70.64878570586013,0a820e12-033b-45d6-9ef9-d70f4c5e5b63,39.889883,-111.2494615
2015-05-23 06:00:00,70.22556082438228,0a820e12-033b-45d6-9ef9-d70f4c5e5b63,39.889883,-111.2494615
2015-05-24 06:00:00,77.63704312042735,0a820e12-033b-45d6-9ef9-d70f4c5e5b63,39.889883,-111.2494615
2015-05-25 06:00:00,71.89533517817331,0a820e12-033b-45d6-9ef9-d70f4c5e5b63,39.889883,-111.2494615
2015-05-26 06:00:00,74.45214150569207,0a820e12-033b-45d6-9ef9-d70f4c5e5b63,39.889883,-111.2494615
2015-05-27 06:00:00,81.01706662513064,0a820e12-033b-45d6-9ef9-d70f4c5e5b63,39.889883,-111.2494615
2015-05-28 06:00:00,81.42021780592302,0a820e12-033b-45d6-9ef9-d70f4c5e5b63,39.889883,-111.2494615
2015-05-29 06:00:00,71.24637158038641,0a820e12-033b-45d6-9ef9-d70f4c5e5b63,39.889883,-111.2494615
2015-05-30 06:00:00,61.48194880848095,0a820e12-033b-45d6-9ef9-d70f4c5e5b63,39.889883,-111.2494615
2015-05-31 06:00:00,53.49451356214096,0a820e12-033b-45d6-9ef9-d70f4c5e5b63,39.889883,-111.2494615
2015-06-01 06:00:00,48.95267666476179,0a820e12-033b-45d6-9ef9-d70f4c5e5b63,39.889883,-111.2494615
2015-06-02 06:00:00,41.32933340724324,0a820e12-033b-45d6-9ef9-d70f4c5e5b63,39.889883,-111.2494615
2015-06-03 06:00:00,46.99824992777408,0a820e12-033b-45d6-9ef9-d70f4c5e5b63,39.889883,-111.2494615
2015-06-04 06:00:00,40.117374438523555,0a820e12-033b-45d6-9ef9-d70f4c5e5b63,39.889883,-111.2494615
2015-06-05 06:00:00,42.686510109924384,0a820e12-033b-45d6-9ef9-d70f4c5e5b63,39.889883,-111.2494615
2015-06-06 06:00:00,77.64814815576312,0a820e12-033b-45d6-9ef9-d70f4c5e5b63,39.889883,-111.2494615
2015-06-07 06:00:00,76.9463831485752,0a820e12-033b-45d6-9ef9-d70f4c5e5b63,39.889883,-111.2494615
2015-06-08 06:00:00,57.65322149752194,0a820e12-033b-45d6-9ef9-d70f4c5e5b63,39.889883,-111.2494615
2015-06-09 06:00:00,50.41096601220021,0a820e12-033b-45d6-9ef9-d70f4c5e5b63,39.889883,-111.2494615
2015-06-10 06:00:00,62.58413201002574,0a820e12-033b-45d6-9ef9-d70f4c5e5b63,39.889883,-111.2494615
2015-06-11 06:00:00,81.36260636066221,0a820e12-033b-45d6-9ef9-d70f4c5e5b63,39.889883,-111.2494615
2015-06-12 06:00:00,87.70708094019517,0a820e12-033b-45d6-9ef9-d70f4c5e5b63,39.889883,-111.2494615
2015-06-13 06:00:00,61.96028728687041,0a820e12-033b-45d6-9ef9-d70f4c5e5b63,39.889883,-111.2494615
2015-06-14 06:00:00,56.360924097525604,0a820e12-033b-45d6-9ef9-d70f4c5e5b63,39.889883,-111.2494615
2015-06-15 06:00:00,60.70934746515534,0a820e12-033b-45d6-9ef9-d70f4c5e5b63,39.889883,-111.2494615
2015-06-16 06:00:00,57.37555745246895,0a820e12-033b-45d6-9ef9-d70f4c5e5b63,39.889883,-111.2494615
2015-06-17 06:00:00,45.16421112266151,0a820e12-033b-45d6-9ef9-d70f4c5e5b63,39.889883,-111.2494615
2015-06-18 06:00:00,40.198154849657314,0a820e12-033b-45d6-9ef9-d70f4c5e5b63,39.889883,-111.2494615
2015-06-19 06:00:00,38.38100495030952,0a820e12-033b-45d6-9ef9-d70f4c5e5b63,39.889883,-111.2494615
2015-06-20 06:00:00,42.27613633773555,0a820e12-033b-45d6-9ef9-d70f4c5e5b63,39.889883,-111.2494615
2015-06-21 06:00:00,36.612397848355066,0a820e12-033b-45d6-9ef9-d70f4c5e5b63,39.889883,-111.2494615
2015-06-22 06:00:00,37.95855332889503,0a820e12-033b-45d6-9ef9-d70f4c5e5b63,39.889883,-111.2494615
2015-06-23 06:00:00,38.131744608727644,0a820e12-033b-45d6-9ef9-d70f4c5e5b63,39.889883,-111.2494615
2015-06-24 06:00:00,40.314650016982924,0a820e12-033b-45d6-9ef9-d70f4c5e5b63,39.889883,-111.2494615
2015-06-25 06:00:00,40.09838521331405,0a820e12-033b-45d6-9ef9-d70f4c5e5b63,39.889883,-111.2494615
2015-06-26 06:00:00,44.64978902631361,0a820e12-033b-45d6-9ef9-d70f4c5e5b63,39.889883,-111.2494615
2015-06-27 06:00:00,40.814581301031026,0a820e12-033b-45d6-9ef9-d70f4c5e5b63,39.889883,-111.2494615
2015-06-28 06:00:00,39.08019206292132,0a820e12-033b-45d6-9ef9-d70f4c5e5b63,39.889883,-111.2494615
2015-06-29 06:00:00,43.13544339647192,0a820e12-033b-45d6-9ef9-d70f4c5e5b63,39.889883,-111.2494615
2015-06-30 06:00:00,46.0222308073512,0a820e12-033b-45d6-9ef9-d70f4c5e5b63,39.889883,-111.2494615
2015-07-01 06:00:00,54.99153199255524,0a820e12-033b-45d6-9ef9-d70f4c5e5b63,39.889883,-111.2494615
2015-07-02 06:00:00,57.291654651043395,0a820e12-033b-45d6-9ef9-d70f4c5e5b63,39.889883,-111.2494615
2015-07-03 06:00:00,56.40790397416409,0a820e12-033b-45d6-9ef9-d70f4c5e5b63,39.889883,-111.2494615
2015-07-04 06:00:00,51.3452612809887,0a820e12-033b-45d6-9ef9-d70f4c5e5b63,39.889883,-111.2494615
2015-07-05 06:00:00,73.31227533305577,0a820e12-033b-45d6-9ef9-d70f4c5e5b63,39.889883,-111.2494615
2015-07-06 06:00:00,74.88702808192879,0a820e12-033b-45d6-9ef9-d70f4c5e5b63,39.889883,-111.2494615
2015-07-07 06:00:00,76.49972319763594,0a820e12-033b-45d6-9ef9-d70f4c5e5b63,39.889883,-111.2494615
2015-07-08 06:00:00,85.00667960467077,0a820e12-033b-45d6-9ef9-d70f4c5e5b63,39.889883,-111.2494615
2015-07-09 06:00:00,76.89525157792622,0a820e12-033b-45d6-9ef9-d70f4c5e5b63,39.889883,-111.2494615
2015-07-10 06:00:00,75.12053817734336,0a820e12-033b-45d6-9ef9-d70f4c5e5b63,39.889883,-111.2494615
2015-07-11 06:00:00,67.17969312475093,0a820e12-033b-45d6-9ef9-d70f4c5e5b63,39.889883,-111.2494615
2015-07-12 06:00:00,67.6739593814266,0a820e12-033b-45d6-9ef9-d70f4c5e5b63,39.889883,-111.2494615
2015-07-13 06:00:00,57.823114125285734,0a820e12-033b-45d6-9ef9-d70f4c5e5b63,39.889883,-111.2494615
2015-07-14 06:00:00,55.47936198479631,0a820e12-033b-45d6-9ef9-d70f4c5e5b63,39.889883,-111.2494615
2015-07-15 06:00:00,65.12961412416959,0a820e12-033b-45d6-9ef9-d70f4c5e5b63,39.889883,-111.2494615
2015-07-16 06:00:00,53.35823073768065,0a820e12-033b-45d6-9ef9-d70f4c5e5b63,39.889883,-111.2494615
2015-07-17 06:00:00,43.19616876185456,0a820e12-033b-45d6-9ef9-d70f4c5e5b63,39.889883,-111.2494615
2015-07-18 06:00:00,59.71594480967958,0a820e12-033b-45d6-9ef9-d70f4c5e5b63,39.889883,-111.2494615
2015-07-19 06:00:00,63.42071146960437,0a820e12-033b-45d6-9ef9-d70f4c5e5b63,39.889883,-111.2494615
2015-07-20 06:00:00,64.76634833856313,0a820e12-033b-45d6-9ef9-d70f4c5e5b63,39.889883,-111.2494615
2015-07-21 06:00:00,75.67906498105856,0a820e12-033b-45d6-9ef9-d70f4c5e5b63,39.889883,-111.2494615
2015-07-22 06:00:00,71.10807194494078,0a820e12-033b-45d6-9ef9-d70f4c5e5b63,39.889883,-111.2494615
2015-07-23 06:00:00,67.76453898983348,0a820e12-033b-45d6-9ef9-d70f4c5e5b63,39.889883,-111.2494615
2015-07-24 06:00:00,49.453631378115084,0a820e12-033b-45d6-9ef9-d70f4c5e5b63,39.889883,-111.2494615
2015-07-25 06:00:00,48.29063275275722,0a820e12-033b-45d6-9ef9-d70f4c5e5b63,39.889883,-111.2494615
2015-07-26 06:00:00,47.85302095532532,0a820e12-033b-45d6-9ef9-d70f4c5e5b63,39.889883,-111.2494615
2015-07-27 06:00:00,54.83573895583827,0a820e12-033b-45d6-9ef9-d70f4c5e5b63,39.889883,-111.2494615
2015-07-28 06:00:00,60.445451536352984,0a820e12-033b-45d6-9ef9-d70f4c5e5b63,39.889883,-111.2494615
2015-07-29 06:00:00,44.60529337305651,0a820e12-033b-45d6-9ef9-d70f4c5e5b63,39.889883,-111.2494615
2015-07-30 06:00:00,38.307683873107734,0a820e12-033b-45d6-9ef9-d70f4c5e5b63,39.889883,-111.2494615
2015-07-31 06:00:00,38.32518514609314,0a820e12-033b-45d6-9ef9-d70f4c5e5b63,39.889883,-111.2494615
2015-08-01 06:00:00,43.28809773772812,0a820e12-033b-45d6-9ef9-d70f4c5e5b63,39.889883,-111.2494615
2015-08-02 06:00:00,54.058298744297126,0a820e12-033b-45d6-9ef9-d70f4c5e5b63,39.889883,-111.2494615
2015-08-03 06:00:00,100.0,0a820e12-033b-45d6-9ef9-d70f4c5e5b63,39.889883,-111.2494615
2015-08-04 06:00:00,82.23164952179924,0a820e12-033b-45d6-9ef9-d70f4c5e5b63,39.889883,-111.2494615
2015-08-05 06:00:00,61.44092579273448,0a820e12-033b-45d6-9ef9-d70f4c5e5b63,39.889883,-111.2494615
2015-08-06 06:00:00,64.23840773346564,0a820e12-033b-45d6-9ef9-d70f4c5e5b63,39.889883,-111.2494615
2015-08-07 06:00:00,81.51314346416278,0a820e12-033b-45d6-9ef9-d70f4c5e5b63,39.889883,-111.2494615
2015-08-08 06:00:00,100.0,0a820e12-033b-45d6-9ef9-d70f4c5e5b63,39.889883,-111.2494615
2015-08-09 06:00:00,81.74022055544226,0a820e12-033b-45d6-9ef9-d70f4c5e5b63,39.889883,-111.2494615
2015-08-10 06:00:00,60.63930156072593,0a820e12-033b-45d6-9ef9-d70f4c5e5b63,39.889883,-111.2494615
2015-08-11 06:00:00,65.35724308722519,0a820e12-033b-45d6-9ef9-d70f4c5e5b63,39.889883,-111.2494615
2015-08-12 06:00:00,81.33693807416516,0a820e12-033b-45d6-9ef9-d70f4c5e5b63,39.889883,-111.2494615
2015-08-13 06:00:00,84.58812740057908,0a820e12-033b-45d6-9ef9-d70f4c5e5b63,39.889883,-111.2494615
2015-08-14 06:00:00,74.79693637293504,0a820e12-033b-45d6-9ef9-d70f4c5e5b63,39.889883,-111.2494615
2015-08-15 06:00:00,66.57482025322717,0a820e12-033b-45d6-9ef9-d70f4c5e5b63,39.889883,-111.2494615
2015-08-16 06:00:00,67.09594973287867,0a820e12-033b-45d6-9ef9-d70f4c5e5b63,39.889883,-111.2494615
2015-08-17 06:00:00,58.81746704791806,0a820e12-033b-45d6-9ef9-d70f4c5e5b63,39.889883,-111.2494615
2015-08-18 06:00:00,51.444413927682206,0a820e12-033b-45d6-9ef9-d70f4c5e5b63,39.889883,-111.2494615
2015-08-19 06:00:00,54.3392010597912,0a820e12-033b-45d6-9ef9-d70f4c5e5b63,39.889883,-111.2494615
2015-08-20 06:00:00,53.19643201268098,0a820e12-033b-45d6-9ef9-d70f4c5e5b63,39.889883,-111.2494615
2015-08-21 06:00:00,50.2954220813094,0a820e12-033b-45d6-9ef9-d70f4c5e5b63,39.889883,-111.2494615
2015-08-22 06:00:00,53.91394592593562,0a820e12-033b-45d6-9ef9-d70f4c5e5b63,39.889883,-111.2494615
2015-08-23 06:00:00,57.81945372683367,0a820e12-033b-45d6-9ef9-d70f4c5e5b63,39.889883,-111.2494615
2015-08-24 06:00:00,57.69493145983993,0a820e12-033b-45d6-9ef9-d70f4c5e5b63,39.889883,-111.2494615
2015-08-25 06:00:00,48.71930755527118,0a820e12-033b-45d6-9ef9-d70f4c5e5b63,39.889883,-111.2494615
2015-08-26 06:00:00,73.33460281856709,0a820e12-033b-45d6-9ef9-d70f4c5e5b63,39.889883,-111.2494615
2015-08-27 06:00:00,90.9207858470223,0a820e12-033b-45d6-9ef9-d70f4c5e5b63,39.889883,-111.2494615
2015-08-28 06:00:00,60.00710798893214,0a820e12-033b-45d6-9ef9-d70f4c5e5b63,39.889883,-111.2494615
2015-08-29 06:00:00,49.87580099830958,0a820e12-033b-45d6-9ef9-d70f4c5e5b63,39.889883,-111.2494615
2015-08-30 06:00:00,64.29804258374094,0a820e12-033b-45d6-9ef9-d70f4c5e5b63,39.889883,-111.2494615
2015-08-31 06:00:00,67.78965775431983,0a820e12-033b-45d6-9ef9-d70f4c5e5b63,39.889883,-111.2494615
2015-09-01 06:00:00,61.14024303829131,0a820e12-033b-45d6-9ef9-d70f4c5e5b63,39.889883,-111.2494615
2015-09-02 06:00:00,63.13372651835379,0a820e12-033b-45d6-9ef9-d70f4c5e5b63,39.889883,-111.2494615
2015-09-03 06:00:00,53.438242158715376,0a820e12-033b-45d6-9ef9-d70f4c5e5b63,39.889883,-111.2494615
2015-09-04 06:00:00,55.19261120969682,0a820e12-033b-45d6-9ef9-d70f4c5e5b63,39.889883,-111.2494615
2015-09-05 06:00:00,83.85202559470211,0a820e12-033b-45d6-9ef9-d70f4c5e5b63,39.889883,-111.2494615
2015-09-06 06:00:00,63.22480936940756,0a820e12-033b-45d6-9ef9-d70f4c5e5b63,39.889883,-111.2494615
2015-09-07 06:00:00,64.21290329170411,0a820e12-033b-45d6-9ef9-d70f4c5e5b63,39.889883,-111.2494615
2015-09-08 06:00:00,55.29560882524301,0a820e12-033b-45d6-9ef9-d70f4c5e5b63,39.889883,-111.2494615
2015-09-09 06:00:00,43.64540121392406,0a820e12-033b-45d6-9ef9-d70f4c5e5b63,39.889883,-111.2494615
2015-09-10 06:00:00,39.26971232512458,0a820e12-033b-45d6-9ef9-d70f4c5e5b63,39.889883,-111.2494615
2015-09-11 06:00:00,42.569719812064584,0a820e12-033b-45d6-9ef9-d70f4c5e5b63,39.889883,-111.2494615
2015-09-12 06:00:00,39.839316609504706,0a820e12-033b-45d6-9ef9-d70f4c5e5b63,39.889883,-111.2494615
2015-09-13 06:00:00,41.65266012755349,0a820e12-033b-45d6-9ef9-d70f4c5e5b63,39.889883,-111.2494615
2015-09-14 06:00:00,58.915494979403135,0a820e12-033b-45d6-9ef9-d70f4c5e5b63,39.889883,-111.2494615
2015-09-15 06:00:00,80.87006110153712,0a820e12-033b-45d6-9ef9-d70f4c5e5b63,39.889883,-111.2494615
2015-09-16 06:00:00,91.82640829077124,0a820e12-033b-45d6-9ef9-d70f4c5e5b63,39.889883,-111.2494615
2015-09-17 06:00:00,87.88866542048817,0a820e12-033b-45d6-9ef9-d70f4c5e5b63,39.889883,-111.2494615
2015-09-18 06:00:00,83.4250498708334,0a820e12-033b-45d6-9ef9-d70f4c5e5b63,39.889883,-111.2494615
2015-09-19 06:00:00,58.45985426549388,0a820e12-033b-45d6-9ef9-d70f4c5e5b63,39.889883,-111.2494615
2015-09-20 06:00:00,51.336844887609544,0a820e12-033b-45d6-9ef9-d70f4c5e5b63,39.889883,-111.2494615
2015-09-21 06:00:00,48.018521867886086,0a820e12-033b-45d6-9ef9-d70f4c5e5b63,39.889883,-111.2494615
2015-09-22 06:00:00,41.91503472277703,0a820e12-033b-45d6-9ef9-d70f4c5e5b63,39.889883,-111.2494615
2015-09-23 06:00:00,44.32872483269083,0a820e12-033b-45d6-9ef9-d70f4c5e5b63,39.889883,-111.2494615
2015-09-24 06:00:00,43.8058901833616,0a820e12-033b-45d6-9ef9-d70f4c5e5b63,39.889883,-111.2494615
2015-09-25 06:00:00,43.9835253835757,0a820e12-033b-45d6-9ef9-d70f4c5e5b63,39.889883,-111.2494615
2015-09-26 06:00:00,47.049913448594424,0a820e12-033b-45d6-9ef9-d70f4c5e5b63,39.889883,-111.2494615
2015-09-27 06:00:00,55.791423437799594,0a820e12-033b-45d6-9ef9-d70f4c5e5b63,39.889883,-111.2494615
2015-09-28 06:00:00,60.00417437658962,0a820e12-033b-45d6-9ef9-d70f4c5e5b63,39.889883,-111.2494615
2015-09-29 06:00:00,61.61012916454797,0a820e12-033b-45d6-9ef9-d70f4c5e5b63,39.889883,-111.2494615
2015-09-30 06:00:00,48.32060517796653,0a820e12-033b-45d6-9ef9-d70f4c5e5b63,39.889883,-111.2494615
2015-10-01 06:00:00,60.92517868203538,0a820e12-033b-45d6-9ef9-d70f4c5e5b63,39.889883,-111.2494615
2015-10-02 06:00:00,63.60564565429101,0a820e12-033b-45d6-9ef9-d70f4c5e5b63,39.889883,-111.2494615
2015-10-03 06:00:00,84.66860301776845,0a820e12-033b-45d6-9ef9-d70f4c5e5b63,39.889883,-111.2494615
2015-10-04 06:00:00,72.77940422990669,0a820e12-033b-45d6-9ef9-d70f4c5e5b63,39.889883,-111.2494615
2015-10-05 06:00:00,73.39899895441314,0a820e12-033b-45d6-9ef9-d70f4c5e5b63,39.889883,-111.2494615
2015-10-06 06:00:00,93.52953469328747,0a820e12-033b-45d6-9ef9-d70f4c5e5b63,39.889883,-111.2494615
2015-10-07 06:00:00,85.62487602050312,0a820e12-033b-45d6-9ef9-d70f4c5e5b63,39.889883,-111.2494615
2015-10-08 06:00:00,68.85242371104793,0a820e12-033b-45d6-9ef9-d70f4c5e5b63,39.889883,-111.2494615
2015-10-09 06:00:00,74.80638881826539,0a820e12-033b-45d6-9ef9-d70f4c5e5b63,39.889883,-111.2494615
2015-10-10 06:00:00,62.265024701027606,0a820e12-033b-45d6-9ef9-d70f4c5e5b63,39.889883,-111.2494615
2015-10-11 06:00:00,75.45744550629689,0a820e12-033b-45d6-9ef9-d70f4c5e5b63,39.889883,-111.2494615
2015-10-12 06:00:00,50.884034631341784,0a820e12-033b-45d6-9ef9-d70f4c5e5b63,39.889883,-111.2494615
2015-10-13 06:00:00,41.84535113748618,0a820e12-033b-45d6-9ef9-d70f4c5e5b63,39.889883,-111.2494615
2015-10-14 06:00:00,51.982933929267126,0a820e12-033b-45d6-9ef9-d70f4c5e5b63,39.889883,-111.2494615
2015-10-15 06:00:00,51.84697823620853,0a820e12-033b-45d6-9ef9-d70f4c5e5b63,39.889883,-111.2494615
2015-10-16 06:00:00,47.977374285201364,0a820e12-033b-45d6-9ef9-d70f4c5e5b63,39.889883,-111.2494615
2015-10-17 06:00:00,65.13822481010371,0a820e12-033b-45d6-9ef9-d70f4c5e5b63,39.889883,-111.2494615
2015-10-18 06:00:00,83.74709195237072,0a820e12-033b-45d6-9ef9-d70f4c5e5b63,39.889883,-111.2494615
2015-10-19 06:00:00,100.0,0a820e12-033b-45d6-9ef9-d70f4c5e5b63,39.889883,-111.2494615
2015-10-20 06:00:00,90.90849873283027,0a820e12-033b-45d6-9ef9-d70f4c5e5b63,39.889883,-111.2494615
2015-10-21 06:00:00,83.8979985711664,0a820e12-033b-45d6-9ef9-d70f4c5e5b63,39.889883,-111.2494615
2015-10-22 06:00:00,91.43068684788136,0a820e12-033b-45d6-9ef9-d70f4c5e5b63,39.889883,-111.2494615
2015-10-23 06:00:00,88.2526263181009,0a820e12-033b-45d6-9ef9-d70f4c5e5b63,39.889883,-111.2494615
2015-10-24 06:00:00,61.36663975867087,0a820e12-033b-45d6-9ef9-d70f4c5e5b63,39.889883,-111.2494615
2015-10-25 06:00:00,57.9259052368399,0a820e12-033b-45d6-9ef9-d70f4c5e5b63,39.889883,-111.2494615
2015-10-26 06:00:00,77.89840126955477,0a820e12-033b-45d6-9ef9-d70f4c5e5b63,39.889883,-111.2494615
2015-10-27 06:00:00,72.74825346343671,0a820e12-033b-45d6-9ef9-d70f4c5e5b63,39.889883,-111.2494615
2015-10-28 06:00:00,48.87552983538249,0a820e12-033b-45d6-9ef9-d70f4c5e5b63,39.889883,-111.2494615
2015-10-29 06:00:00,63.7941153437272,0a820e12-033b-45d6-9ef9-d70f4c5e5b63,39.889883,-111.2494615
2015-10-30 06:00:00,81.10103756975279,0a820e12-033b-45d6-9ef9-d70f4c5e5b63,39.889883,-111.2494615
2015-10-31 06:00:00,79.44850756412981,0a820e12-033b-45d6-9ef9-d70f4c5e5b63,39.889883,-111.2494615
2015-11-01 06:00:00,61.04944238304747,0a820e12-033b-45d6-9ef9-d70f4c5e5b63,39.889883,-111.2494615
2015-11-02 06:00:00,60.060646864860765,0a820e12-033b-45d6-9ef9-d70f4c5e5b63,39.889883,-111.2494615
2015-11-03 06:00:00,68.14522003232571,0a820e12-033b-45d6-9ef9-d70f4c5e5b63,39.889883,-111.2494615
2015-11-04 06:00:00,80.03231166806556,0a820e12-033b-45d6-9ef9-d70f4c5e5b63,39.889883,-111.2494615
2015-11-05 06:00:00,83.59674886606196,0a820e12-033b-45d6-9ef9-d70f4c5e5b63,39.889883,-111.2494615
2015-11-06 06:00:00,90.23888867904178,0a820e12-033b-45d6-9ef9-d70f4c5e5b63,39.889883,-111.2494615
2015-11-07 06:00:00,76.73790701314506,0a820e12-033b-45d6-9ef9-d70f4c5e5b63,39.889883,-111.2494615
2015-11-08 06:00:00,63.02837343188407,0a820e12-033b-45d6-9ef9-d70f4c5e5b63,39.889883,-111.2494615
2015-11-09 06:00:00,66.76737515667061,0a820e12-033b-45d6-9ef9-d70f4c5e5b63,39.889883,-111.2494615
2015-11-10 06:00:00,88.16641764048778,0a820e12-033b-45d6-9ef9-d70f4c5e5b63,39.889883,-111.2494615
2015-11-11 06:00:00,100.0,0a820e12-033b-45d6-9ef9-d70f4c5e5b63,39.889883,-111.2494615
2015-11-12 06:00:00,83.29247435935996,0a820e12-033b-45d6-9ef9-d70f4c5e5b63,39.889883,-111.2494615
2015-11-13 06:00:00,69.88379012723746,0a820e12-033b-45d6-9ef9-d70f4c5e5b63,39.889883,-111.2494615
2015-11-14 06:00:00,52.838817735952865,0a820e12-033b-45d6-9ef9-d70f4c5e5b63,39.889883,-111.2494615
2015-11-15 06:00:00,58.84071803161798,0a820e12-033b-45d6-9ef9-d70f4c5e5b63,39.889883,-111.2494615
2015-11-16 06:00:00,94.34459985874385,0a820e12-033b-45d6-9ef9-d70f4c5e5b63,39.889883,-111.2494615
2015-11-17 06:00:00,79.45089770877902,0a820e12-033b-45d6-9ef9-d70f4c5e5b63,39.889883,-111.2494615
2015-11-18 06:00:00,86.9831026387513,0a820e12-033b-45d6-9ef9-d70f4c5e5b63,39.889883,-111.2494615
2015-11-19 06:00:00,84.89968203855777,0a820e12-033b-45d6-9ef9-d70f4c5e5b63,39.889883,-111.2494615
2015-11-20 06:00:00,100.0,0a820e12-033b-45d6-9ef9-d70f4c5e5b63,39.889883,-111.2494615
2015-11-21 06:00:00,87.14516498907125,0a820e12-033b-45d6-9ef9-d70f4c5e5b63,39.889883,-111.2494615
2015-11-22 06:00:00,42.90090969919126,0a820e12-033b-45d6-9ef9-d70f4c5e5b63,39.889883,-111.2494615
2015-11-23 06:00:00,41.95241582611642,0a820e12-033b-45d6-9ef9-d70f4c5e5b63,39.889883,-111.2494615
2015-11-24 06:00:00,64.50596550362287,0a820e12-033b-45d6-9ef9-d70f4c5e5b63,39.889883,-111.2494615
2015-11-25 06:00:00,100.0,0a820e12-033b-45d6-9ef9-d70f4c5e5b63,39.889883,-111.2494615
2015-11-26 06:00:00,100.0,0a820e12-033b-45d6-9ef9-d70f4c5e5b63,39.889883,-111.2494615
2015-11-27 06:00:00,100.0,0a820e12-033b-45d6-9ef9-d70f4c5e5b63,39.889883,-111.2494615
2015-11-28 06:00:00,100.0,0a820e12-033b-45d6-9ef9-d70f4c5e5b63,39.889883,-111.2494615
2015-11-29 06:00:00,99.78727009895333,0a820e12-033b-45d6-9ef9-d70f4c5e5b63,39.889883,-111.2494615
2015-11-30 06:00:00,96.63456401512875,0a820e12-033b-45d6-9ef9-d70f4c5e5b63,39.889883,-111.2494615
2015-12-01 06:00:00,72.78436792573756,0a820e12-033b-45d6-9ef9-d70f4c5e5b63,39.889883,-111.2494615
2015-12-02 06:00:00,58.76739766668884,0a820e12-033b-45d6-9ef9-d70f4c5e5b63,39.889883,-111.2494615
2015-12-03 06:00:00,68.32554020665953,0a820e12-033b-45d6-9ef9-d70f4c5e5b63,39.889883,-111.2494615
2015-12-04 06:00:00,68.69848974262786,0a820e12-033b-45d6-9ef9-d70f4c5e5b63,39.889883,-111.2494615
2015-12-05 06:00:00,90.87843073091332,0a820e12-033b-45d6-9ef9-d70f4c5e5b63,39.889883,-111.2494615
2015-12-06 06:00:00,61.22014022401253,0a820e12-033b-45d6-9ef9-d70f4c5e5b63,39.889883,-111.2494615
2015-12-07 06:00:00,51.621059358980474,0a820e12-033b-45d6-9ef9-d70f4c5e5b63,39.889883,-111.2494615
2015-12-08 06:00:00,75.74151334496389,0a820e12-033b-45d6-9ef9-d70f4c5e5b63,39.889883,-111.2494615
2015-12-09 06:00:00,75.00233737772997,0a820e12-033b-45d6-9ef9-d70f4c5e5b63,39.889883,-111.2494615
2015-12-10 06:00:00,68.85490714872653,0a820e12-033b-45d6-9ef9-d70f4c5e5b63,39.889883,-111.2494615
2015-12-11 06:00:00,97.78825805781551,0a820e12-033b-45d6-9ef9-d70f4c5e5b63,39.889883,-111.2494615
2015-12-12 06:00:00,100.0,0a820e12-033b-45d6-9ef9-d70f4c5e5b63,39.889883,-111.2494615
2015-12-13 06:00:00,99.65047874120249,0a820e12-033b-45d6-9ef9-d70f4c5e5b63,39.889883,-111.2494615
2015-12-14 06:00:00,97.09660402505413,0a820e12-033b-45d6-9ef9-d70f4c5e5b63,39.889883,-111.2494615
2015-12-15 06:00:00,83.74573557232296,0a820e12-033b-45d6-9ef9-d70f4c5e5b63,39.889883,-111.2494615
2015-12-16 06:00:00,75.83076756819725,0a820e12-033b-45d6-9ef9-d70f4c5e5b63,39.889883,-111.2494615
2015-12-17 06:00:00,90.94563838308885,0a820e12-033b-45d6-9ef9-d70f4c5e5b63,39.889883,-111.2494615
2015-12-18 06:00:00,94.38789937493891,0a820e12-033b-45d6-9ef9-d70f4c5e5b63,39.889883,-111.2494615
2015-12-19 06:00:00,87.2809047313466,0a820e12-033b-45d6-9ef9-d70f4c5e5b63,39.889883,-111.2494615
2015-12-20 06:00:00,78.47976551661706,0a820e12-033b-45d6-9ef9-d70f4c5e5b63,39.889883,-111.2494615
2015-12-21 06:00:00,79.19076049041013,0a820e12-033b-45d6-9ef9-d70f4c5e5b63,39.889883,-111.2494615
2015-12-22 06:00:00,98.46289097746481,0a820e12-033b-45d6-9ef9-d70f4c5e5b63,39.889883,-111.2494615
2015-12-23 06:00:00,100.0,0a820e12-033b-45d6-9ef9-d70f4c5e5b63,39.889883,-111.2494615
2015-12-24 06:00:00,98.17281666848383,0a820e12-033b-45d6-9ef9-d70f4c5e5b63,39.889883,-111.2494615
2015-12-25 06:00:00,100.0,0a820e12-033b-45d6-9ef9-d70f4c5e5b63,39.889883,-111.2494615
2015-12-26 06:00:00,100.0,0a820e12-033b-45d6-9ef9-d70f4c5e5b63,39.889883,-111.2494615
2015-12-27 06:00:00,75.44900374646596,0a820e12-033b-45d6-9ef9-d70f4c5e5b63,39.889883,-111.2494615
2015-12-28 06:00:00,74.56188997887325,0a820e12-033b-45d6-9ef9-d70f4c5e5b63,39.889883,-111.2494615
2015-12-29 06:00:00,100.0,0a820e12-033b-45d6-9ef9-d70f4c5e5b63,39.889883,-111.2494615
2015-12-30 06:00:00,97.63923276400085,0a820e12-033b-45d6-9ef9-d70f4c5e5b63,39.889883,-111.2494615
2015-12-31 06:00:00,89.90401233309615,0a820e12-033b-45d6-9ef9-d70f4c5e5b63,39.889883,-111.2494615
2016-01-01 06:00:00,92.90400021711832,0a820e12-033b-45d6-9ef9-d70f4c5e5b63,39.889883,-111.2494615
2016-01-02 06:00:00,89.04777138409875,0a820e12-033b-45d6-9ef9-d70f4c5e5b63,39.889883,-111.2494615
2016-01-03 06:00:00,76.20813413441928,0a820e12-033b-45d6-9ef9-d70f4c5e5b63,39.889883,-111.2494615
2016-01-04 06:00:00,70.00829194760068,0a820e12-033b-45d6-9ef9-d70f4c5e5b63,39.889883,-111.2494615
2016-01-05 06:00:00,78.40460799128189,0a820e12-033b-45d6-9ef9-d70f4c5e5b63,39.889883,-111.2494615
2016-01-06 06:00:00,78.59691392973826,0a820e12-033b-45d6-9ef9-d70f4c5e5b63,39.889883,-111.2494615
2016-01-07 06:00:00,97.56981399727051,0a820e12-033b-45d6-9ef9-d70f4c5e5b63,39.889883,-111.2494615
2016-01-08 06:00:00,88.1547841943148,0a820e12-033b-45d6-9ef9-d70f4c5e5b63,39.889883,-111.2494615
2016-01-09 06:00:00,86.80421145955914,0a820e12-033b-45d6-9ef9-d70f4c5e5b63,39.889883,-111.2494615
2016-01-10 06:00:00,86.26896418552197,0a820e12-033b-45d6-9ef9-d70f4c5e5b63,39.889883,-111.2494615
2016-01-11 06:00:00,76.9256646575781,0a820e12-033b-45d6-9ef9-d70f4c5e5b63,39.889883,-111.2494615
2016-01-12 06:00:00,71.43692652506824,0a820e12-033b-45d6-9ef9-d70f4c5e5b63,39.889883,-111.2494615
2016-01-13 06:00:00,59.46291823474344,0a820e12-033b-45d6-9ef9-d70f4c5e5b63,39.889883,-111.2494615
2016-01-14 06:00:00,78.05059370200604,0a820e12-033b-45d6-9ef9-d70f4c5e5b63,39.889883,-111.2494615
2016-01-15 06:00:00,75.93839230138138,0a820e12-033b-45d6-9ef9-d70f4c5e5b63,39.889883,-111.2494615
2016-01-16 06:00:00,95.1389680629286,0a820e12-033b-45d6-9ef9-d70f4c5e5b63,39.889883,-111.2494615
2016-01-17 06:00:00,75.06307612576086,0a820e12-033b-45d6-9ef9-d70f4c5e5b63,39.889883,-111.2494615
2016-01-18 06:00:00,74.41570282716722,0a820e12-033b-45d6-9ef9-d70f4c5e5b63,39.889883,-111.2494615
2016-01-19 06:00:00,88.87881301571477,0a820e12-033b-45d6-9ef9-d70f4c5e5b63,39.889883,-111.2494615
2016-01-20 06:00:00,100.0,0a820e12-033b-45d6-9ef9-d70f4c5e5b63,39.889883,-111.2494615
2016-01-21 06:00:00,79.70460592495695,0a820e12-033b-45d6-9ef9-d70f4c5e5b63,39.889883,-111.2494615
2016-01-22 06:00:00,66.68819522215152,0a820e12-033b-45d6-9ef9-d70f4c5e5b63,39.889883,-111.2494615
2016-01-23 06:00:00,85.33478272248051,0a820e12-033b-45d6-9ef9-d70f4c5e5b63,39.889883,-111.2494615
2016-01-24 06:00:00,83.72802000073312,0a820e12-033b-45d6-9ef9-d70f4c5e5b63,39.889883,-111.2494615
2016-01-25 06:00:00,86.09337231927014,0a820e12-033b-45d6-9ef9-d70f4c5e5b63,39.889883,-111.2494615
2016-01-26 06:00:00,84.20606907981309,0a820e12-033b-45d6-9ef9-d70f4c5e5b63,39.889883,-111.2494615
2016-01-27 06:00:00,81.84158472789952,0a820e12-033b-45d6-9ef9-d70f4c5e5b63,39.889883,-111.2494615
2016-01-28 06:00:00,73.89557225481607,0a820e12-033b-45d6-9ef9-d70f4c5e5b63,39.889883,-111.2494615
2016-01-29 06:00:00,84.28917305646205,0a820e12-033b-45d6-9ef9-d70f4c5e5b63,39.889883,-111.2494615
2016-01-30 06:00:00,100.0,0a820e12-033b-45d6-9ef9-d70f4c5e5b63,39.889883,-111.2494615
2016-01-31 06:00:00,100.0,0a820e12-033b-45d6-9ef9-d70f4c5e5b63,39.889883,-111.2494615
2016-02-01 06:00:00,64.6852698303164,0a820e12-033b-45d6-9ef9-d70f4c5e5b63,39.889883,-111.2494615
2016-02-02 06:00:00,43.109094419653765,0a820e12-033b-45d6-9ef9-d70f4c5e5b63,39.889883,-111.2494615
2016-02-03 06:00:00,41.58214795623868,0a820e12-033b-45d6-9ef9-d70f4c5e5b63,39.889883,-111.2494615
2016-02-04 06:00:00,43.02494770156523,0a820e12-033b-45d6-9ef9-d70f4c5e5b63,39.889883,-111.2494615
2016-02-05 06:00:00,61.98601795596728,0a820e12-033b-45d6-9ef9-d70f4c5e5b63,39.889883,-111.2494615
2016-02-06 06:00:00,45.38493903401497,0a820e12-033b-45d6-9ef9-d70f4c5e5b63,39.889883,-111.2494615
2016-02-07 06:00:00,44.946654058168214,0a820e12-033b-45d6-9ef9-d70f4c5e5b63,39.889883,-111.2494615
2016-02-08 06:00:00,52.96349089460033,0a820e12-033b-45d6-9ef9-d70f4c5e5b63,39.889883,-111.2494615
2016-02-09 06:00:00,40.477748694617205,0a820e12-033b-45d6-9ef9-d70f4c5e5b63,39.889883,-111.2494615
2016-02-10 06:00:00,37.1389111839199,0a820e12-033b-45d6-9ef9-d70f4c5e5b63,39.889883,-111.2494615
2016-02-11 06:00:00,49.92468874493508,0a820e12-033b-45d6-9ef9-d70f4c5e5b63,39.889883,-111.2494615
2016-02-12 06:00:00,75.59930475728802,0a820e12-033b-45d6-9ef9-d70f4c5e5b63,39.889883,-111.2494615
2016-02-13 06:00:00,91.86197771764466,0a820e12-033b-45d6-9ef9-d70f4c5e5b63,39.889883,-111.2494615
2016-02-14 06:00:00,100.0,0a820e12-033b-45d6-9ef9-d70f4c5e5b63,39.889883,-111.2494615
2016-02-15 06:00:00,100.0,0a820e12-033b-45d6-9ef9-d70f4c5e5b63,39.889883,-111.2494615
2016-02-16 06:00:00,95.18130425608307,0a820e12-033b-45d6-9ef9-d70f4c5e5b63,39.889883,-111.2494615
2016-02-17 06:00:00,70.999232764882,0a820e12-033b-45d6-9ef9-d70f4c5e5b63,39.889883,-111.2494615
2016-02-18 06:00:00,77.06048764622591,0a820e12-033b-45d6-9ef9-d70f4c5e5b63,39.889883,-111.2494615
2016-02-19 06:00:00,68.52955021642515,0a820e12-033b-45d6-9ef9-d70f4c5e5b63,39.889883,-111.2494615
2016-02-20 06:00:00,75.5696601977821,0a820e12-033b-45d6-9ef9-d70f4c5e5b63,39.889883,-111.2494615
2016-02-21 06:00:00,63.66344311652676,0a820e12-033b-45d6-9ef9-d70f4c5e5b63,39.889883,-111.2494615
2016-02-22 06:00:00,99.38281085516421,0a820e12-033b-45d6-9ef9-d70f4c5e5b63,39.889883,-111.2494615
2016-02-23 06:00:00,100.0,0a820e12-033b-45d6-9ef9-d70f4c5e5b63,39.889883,-111.2494615
2016-02-24 06:00:00,100.0,0a820e12-033b-45d6-9ef9-d70f4c5e5b63,39.889883,-111.2494615
2016-02-25 06:00:00,100.0,0a820e12-033b-45d6-9ef9-d70f4c5e5b63,39.889883,-111.2494615
2016-02-26 06:00:00,100.0,0a820e12-033b-45d6-9ef9-d70f4c5e5b63,39.889883,-111.2494615
2016-02-27 06:00:00,100.0,0a820e12-033b-45d6-9ef9-d70f4c5e5b63,39.889883,-111.2494615
2016-02-28 06:00:00,100.0,0a820e12-033b-45d6-9ef9-d70f4c5e5b63,39.889883,-111.2494615
2016-02-29 06:00:00,100.0,0a820e12-033b-45d6-9ef9-d70f4c5e5b63,39.889883,-111.2494615
2016-03-01 06:00:00,65.69424861434335,0a820e12-033b-45d6-9ef9-d70f4c5e5b63,39.889883,-111.2494615
2016-03-02 06:00:00,54.5267063761354,0a820e12-033b-45d6-9ef9-d70f4c5e5b63,39.889883,-111.2494615
2016-03-03 06:00:00,53.874023577017326,0a820e12-033b-45d6-9ef9-d70f4c5e5b63,39.889883,-111.2494615
2016-03-04 06:00:00,63.666218519899225,0a820e12-033b-45d6-9ef9-d70f4c5e5b63,39.889883,-111.2494615
2016-03-05 06:00:00,53.97369444244061,0a820e12-033b-45d6-9ef9-d70f4c5e5b63,39.889883,-111.2494615
2016-03-06 06:00:00,85.23096388962776,0a820e12-033b-45d6-9ef9-d70f4c5e5b63,39.889883,-111.2494615
2016-03-07 06:00:00,92.19175885432723,0a820e12-033b-45d6-9ef9-d70f4c5e5b63,39.889883,-111.2494615
2016-03-08 06:00:00,83.23887207648065,0a820e12-033b-45d6-9ef9-d70f4c5e5b63,39.889883,-111.2494615
2016-03-09 06:00:00,71.61037320971374,0a820e12-033b-45d6-9ef9-d70f4c5e5b63,39.889883,-111.2494615
2016-03-10 06:00:00,67.08906931872546,0a820e12-033b-45d6-9ef9-d70f4c5e5b63,39.889883,-111.2494615
2016-03-11 06:00:00,58.96906517329872,0a820e12-033b-45d6-9ef9-d70f4c5e5b63,39.889883,-111.2494615
2016-03-12 06:00:00,72.26228164364444,0a820e12-033b-45d6-9ef9-d70f4c5e5b63,39.889883,-111.2494615
2016-03-13 06:00:00,67.45694540278974,0a820e12-033b-45d6-9ef9-d70f4c5e5b63,39.889883,-111.2494615
2016-03-14 06:00:00,86.54661900774576,0a820e12-033b-45d6-9ef9-d70f4c5e5b63,39.889883,-111.2494615
2016-03-15 06:00:00,72.44714068356791,0a820e12-033b-45d6-9ef9-d70f4c5e5b63,39.889883,-111.2494615
2016-03-16 06:00:00,71.9038267897458,0a820e12-033b-45d6-9ef9-d70f4c5e5b63,39.889883,-111.2494615
2016-03-17 06:00:00,72.20571577055621,0a820e12-033b-45d6-9ef9-d70f4c5e5b63,39.889883,-111.2494615
2016-03-18 06:00:00,66.1565077619213,0a820e12-033b-45d6-9ef9-d70f4c5e5b63,39.889883,-111.2494615
2016-03-19 06:00:00,59.67357795575815,0a820e12-033b-45d6-9ef9-d70f4c5e5b63,39.889883,-111.2494615
2016-03-20 06:00:00,65.24394659312215,0a820e12-033b-45d6-9ef9-d70f4c5e5b63,39.889883,-111.2494615
2016-03-21 06:00:00,48.544906825486926,0a820e12-033b-45d6-9ef9-d70f4c5e5b63,39.889883,-111.2494615
2016-03-22 06:00:00,73.2654532248063,0a820e12-033b-45d6-9ef9-d70f4c5e5b63,39.889883,-111.2494615
2016-03-23 06:00:00,74.15154384579995,0a820e12-033b-45d6-9ef9-d70f4c5e5b63,39.889883,-111.2494615
2016-03-24 06:00:00,76.65661859007497,0a820e12-033b-45d6-9ef9-d70f4c5e5b63,39.889883,-111.2494615
2016-03-25 06:00:00,72.99642817301746,0a820e12-033b-45d6-9ef9-d70f4c5e5b63,39.889883,-111.2494615
2016-03-26 06:00:00,70.7279892702075,0a820e12-033b-45d6-9ef9-d70f4c5e5b63,39.889883,-111.2494615
2016-03-27 06:00:00,70.39033039816306,0a820e12-033b-45d6-9ef9-d70f4c5e5b63,39.889883,-111.2494615
2016-03-28 06:00:00,64.48352244636897,0a820e12-033b-45d6-9ef9-d70f4c5e5b63,39.889883,-111.2494615
2016-03-29 06:00:00,78.15323004479359,0a820e12-033b-45d6-9ef9-d70f4c5e5b63,39.889883,-111.2494615
2016-03-30 06:00:00,80.23904693574144,0a820e12-033b-45d6-9ef9-d70f4c5e5b63,39.889883,-111.2494615
2016-03-31 06:00:00,88.69312523556398,0a820e12-033b-45d6-9ef9-d70f4c5e5b63,39.889883,-111.2494615
2016-04-01 06:00:00,80.09032031913809,0a820e12-033b-45d6-9ef9-d70f4c5e5b63,39.889883,-111.2494615
2016-04-02 06:00:00,71.56561987163701,0a820e12-033b-45d6-9ef9-d70f4c5e5b63,39.889883,-111.2494615
2016-04-03 06:00:00,68.01631886369341,0a820e12-033b-45d6-9ef9-d70f4c5e5b63,39.889883,-111.2494615
2016-04-04 06:00:00,66.65803220893928,0a820e12-033b-45d6-9ef9-d70f4c5e5b63,39.889883,-111.2494615
2016-04-05 06:00:00,64.49111425933985,0a820e12-033b-45d6-9ef9-d70f4c5e5b63,39.889883,-111.2494615
2016-04-06 06:00:00,61.02971089632037,0a820e12-033b-45d6-9ef9-d70f4c5e5b63,39.889883,-111.2494615
2016-04-07 06:00:00,62.16171855761296,0a820e12-033b-45d6-9ef9-d70f4c5e5b63,39.889883,-111.2494615
2016-04-08 06:00:00,56.032193379406756,0a820e12-033b-45d6-9ef9-d70f4c5e5b63,39.889883,-111.2494615
2016-04-09 06:00:00,75.42497848936638,0a820e12-033b-45d6-9ef9-d70f4c5e5b63,39.889883,-111.2494615
2016-04-10 06:00:00,74.66041547318166,0a820e12-033b-45d6-9ef9-d70f4c5e5b63,39.889883,-111.2494615
2016-04-11 06:00:00,73.8508693779513,0a820e12-033b-45d6-9ef9-d70f4c5e5b63,39.889883,-111.2494615
2016-04-12 06:00:00,70.04058840827831,0a820e12-033b-45d6-9ef9-d70f4c5e5b63,39.889883,-111.2494615
2016-04-13 06:00:00,73.53523424752522,0a820e12-033b-45d6-9ef9-d70f4c5e5b63,39.889883,-111.2494615
2016-04-14 06:00:00,98.62988292998827,0a820e12-033b-45d6-9ef9-d70f4c5e5b63,39.889883,-111.2494615
2016-04-15 06:00:00,68.10530422236394,0a820e12-033b-45d6-9ef9-d70f4c5e5b63,39.889883,-111.2494615
2016-04-16 06:00:00,68.7426940066179,0a820e12-033b-45d6-9ef9-d70f4c5e5b63,39.889883,-111.2494615
2016-04-17 06:00:00,67.55413139864616,0a820e12-033b-45d6-9ef9-d70f4c5e5b63,39.889883,-111.2494615
2016-04-18 06:00:00,69.43631460210013,0a820e12-033b-45d6-9ef9-d70f4c5e5b63,39.889883,-111.2494615
2016-04-19 06:00:00,65.7315960572934,0a820e12-033b-45d6-9ef9-d70f4c5e5b63,39.889883,-111.2494615
2016-04-20 06:00:00,65.44469799963296,0a820e12-033b-45d6-9ef9-d70f4c5e5b63,39.889883,-111.2494615
2016-04-21 06:00:00,53.44090220696428,0a820e12-033b-45d6-9ef9-d70f4c5e5b63,39.889883,-111.2494615
2016-04-22 06:00:00,48.28173199929906,0a820e12-033b-45d6-9ef9-d70f4c5e5b63,39.889883,-111.2494615
2016-04-23 06:00:00,63.8990209100336,0a820e12-033b-45d6-9ef9-d70f4c5e5b63,39.889883,-111.2494615
2016-04-24 06:00:00,69.35093840965293,0a820e12-033b-45d6-9ef9-d70f4c5e5b63,39.889883,-111.2494615
2016-04-25 06:00:00,63.29047316697151,0a820e12-033b-45d6-9ef9-d70f4c5e5b63,39.889883,-111.2494615
2016-04-26 06:00:00,83.65963603396963,0a820e12-033b-45d6-9ef9-d70f4c5e5b63,39.889883,-111.2494615
2016-04-27 06:00:00,78.86912961781772,0a820e12-033b-45d6-9ef9-d70f4c5e5b63,39.889883,-111.2494615
2016-04-28 06:00:00,79.73476943749436,0a820e12-033b-45d6-9ef9-d70f4c5e5b63,39.889883,-111.2494615
2016-04-29 06:00:00,80.02054337473072,0a820e12-033b-45d6-9ef9-d70f4c5e5b63,39.889883,-111.2494615
2016-04-30 06:00:00,74.12923017984635,0a820e12-033b-45d6-9ef9-d70f4c5e5b63,39.889883,-111.2494615
2016-05-01 06:00:00,63.486150218387195,0a820e12-033b-45d6-9ef9-d70f4c5e5b63,39.889883,-111.2494615
2016-05-02 06:00:00,67.43297799397708,0a820e12-033b-45d6-9ef9-d70f4c5e5b63,39.889883,-111.2494615
2016-05-03 06:00:00,67.94637805986451,0a820e12-033b-45d6-9ef9-d70f4c5e5b63,39.889883,-111.2494615
2016-05-04 06:00:00,57.90152352767225,0a820e12-033b-45d6-9ef9-d70f4c5e5b63,39.889883,-111.2494615
2016-05-05 06:00:00,47.42760586119019,0a820e12-033b-45d6-9ef9-d70f4c5e5b63,39.889883,-111.2494615
2016-05-06 06:00:00,67.4987339464028,0a820e12-033b-45d6-9ef9-d70f4c5e5b63,39.889883,-111.2494615
2016-05-07 06:00:00,62.35287505325156,0a820e12-033b-45d6-9ef9-d70f4c5e5b63,39.889883,-111.2494615
2016-05-08 06:00:00,73.47579333366856,0a820e12-033b-45d6-9ef9-d70f4c5e5b63,39.889883,-111.2494615
2016-05-09 06:00:00,95.25282488796319,0a820e12-033b-45d6-9ef9-d70f4c5e5b63,39.889883,-111.2494615
2016-05-10 06:00:00,66.29146133143817,0a820e12-033b-45d6-9ef9-d70f4c5e5b63,39.889883,-111.2494615
2016-05-11 06:00:00,61.44790072987238,0a820e12-033b-45d6-9ef9-d70f4c5e5b63,39.889883,-111.2494615
2016-05-12 06:00:00,56.82402135134891,0a820e12-033b-45d6-9ef9-d70f4c5e5b63,39.889883,-111.2494615
2016-05-13 06:00:00,49.25653134181709,0a820e12-033b-45d6-9ef9-d70f4c5e5b63,39.889883,-111.2494615
2016-05-14 06:00:00,50.27805937839541,0a820e12-033b-45d6-9ef9-d70f4c5e5b63,39.889883,-111.2494615
2016-05-15 06:00:00,73.9284453405797,0a820e12-033b-45d6-9ef9-d70f4c5e5b63,39.889883,-111.2494615
2016-05-16 06:00:00,66.7806854321477,0a820e12-033b-45d6-9ef9-d70f4c5e5b63,39.889883,-111.2494615
2016-05-17 06:00:00,74.18752607505292,0a820e12-033b-45d6-9ef9-d70f4c5e5b63,39.889883,-111.2494615
2016-05-18 06:00:00,73.45959021060712,0a820e12-033b-45d6-9ef9-d70f4c5e5b63,39.889883,-111.2494615
2016-05-19 06:00:00,72.43827829370142,0a820e12-033b-45d6-9ef9-d70f4c5e5b63,39.889883,-111.2494615
2016-05-20 06:00:00,54.98712187208041,0a820e12-033b-45d6-9ef9-d70f4c5e5b63,39.889883,-111.2494615
2016-05-21 06:00:00,73.3237721550568,0a820e12-033b-45d6-9ef9-d70f4c5e5b63,39.889883,-111.2494615
2016-05-22 06:00:00,64.51065438704725,0a820e12-033b-45d6-9ef9-d70f4c5e5b63,39.889883,-111.2494615
2016-05-23 06:00:00,54.52452137334859,0a820e12-033b-45d6-9ef9-d70f4c5e5b63,39.889883,-111.2494615
2016-05-24 06:00:00,55.79587468284041,0a820e12-033b-45d6-9ef9-d70f4c5e5b63,39.889883,-111.2494615
2016-05-25 06:00:00,64.16552134450522,0a820e12-033b-45d6-9ef9-d70f4c5e5b63,39.889883,-111.2494615
2016-05-26 06:00:00,66.81368703539263,0a820e12-033b-45d6-9ef9-d70f4c5e5b63,39.889883,-111.2494615
2016-05-27 06:00:00,69.98587493602763,0a820e12-033b-45d6-9ef9-d70f4c5e5b63,39.889883,-111.2494615
2016-05-28 06:00:00,66.34241625847325,0a820e12-033b-45d6-9ef9-d70f4c5e5b63,39.889883,-111.2494615
2016-05-29 06:00:00,57.12504641888116,0a820e12-033b-45d6-9ef9-d70f4c5e5b63,39.889883,-111.2494615
2016-05-30 06:00:00,62.756945847776564,0a820e12-033b-45d6-9ef9-d70f4c5e5b63,39.889883,-111.2494615
2016-05-31 06:00:00,51.193203042170765,0a820e12-033b-45d6-9ef9-d70f4c5e5b63,39.889883,-111.2494615
2016-06-01 06:00:00,58.662733696652104,0a820e12-033b-45d6-9ef9-d70f4c5e5b63,39.889883,-111.2494615
2016-06-02 06:00:00,53.361381200325965,0a820e12-033b-45d6-9ef9-d70f4c5e5b63,39.889883,-111.2494615
2016-06-03 06:00:00,54.060481547850394,0a820e12-033b-45d6-9ef9-d70f4c5e5b63,39.889883,-111.2494615
2016-06-04 06:00:00,58.6125778110126,0a820e12-033b-45d6-9ef9-d70f4c5e5b63,39.889883,-111.2494615
2016-06-05 06:00:00,45.86581537285255,0a820e12-033b-45d6-9ef9-d70f4c5e5b63,39.889883,-111.2494615
2016-06-06 06:00:00,42.459499975944276,0a820e12-033b-45d6-9ef9-d70f4c5e5b63,39.889883,-111.2494615
2016-06-07 06:00:00,51.34145723844057,0a820e12-033b-45d6-9ef9-d70f4c5e5b63,39.889883,-111.2494615
2016-06-08 06:00:00,64.44824082169886,0a820e12-033b-45d6-9ef9-d70f4c5e5b63,39.889883,-111.2494615
2016-06-09 06:00:00,49.579902017426335,0a820e12-033b-45d6-9ef9-d70f4c5e5b63,39.889883,-111.2494615
2016-06-10 06:00:00,39.71564768551633,0a820e12-033b-45d6-9ef9-d70f4c5e5b63,39.889883,-111.2494615
2016-06-11 06:00:00,69.87717739542134,0a820e12-033b-45d6-9ef9-d70f4c5e5b63,39.889883,-111.2494615
2016-06-12 06:00:00,69.72945899706373,0a820e12-033b-45d6-9ef9-d70f4c5e5b63,39.889883,-111.2494615
2016-06-13 06:00:00,67.1058075347695,0a820e12-033b-45d6-9ef9-d70f4c5e5b63,39.889883,-111.2494615
2016-06-14 06:00:00,63.82003392062587,0a820e12-033b-45d6-9ef9-d70f4c5e5b63,39.889883,-111.2494615
2016-06-15 06:00:00,43.018155759750826,0a820e12-033b-45d6-9ef9-d70f4c5e5b63,39.889883,-111.2494615
2016-06-16 06:00:00,49.64767450914576,0a820e12-033b-45d6-9ef9-d70f4c5e5b63,39.889883,-111.2494615
2016-06-17 06:00:00,50.873060411851604,0a820e12-033b-45d6-9ef9-d70f4c5e5b63,39.889883,-111.2494615
2016-06-18 06:00:00,45.906496215027275,0a820e12-033b-45d6-9ef9-d70f4c5e5b63,39.889883,-111.2494615
2016-06-19 06:00:00,44.219323662178695,0a820e12-033b-45d6-9ef9-d70f4c5e5b63,39.889883,-111.2494615
2016-06-20 06:00:00,47.39446306274531,0a820e12-033b-45d6-9ef9-d70f4c5e5b63,39.889883,-111.2494615
2016-06-21 06:00:00,42.49245459856725,0a820e12-033b-45d6-9ef9-d70f4c5e5b63,39.889883,-111.2494615
2016-06-22 06:00:00,41.55563343844813,0a820e12-033b-45d6-9ef9-d70f4c5e5b63,39.889883,-111.2494615
2016-06-23 06:00:00,46.647341044392,0a820e12-033b-45d6-9ef9-d70f4c5e5b63,39.889883,-111.2494615
2016-06-24 06:00:00,47.67222607330822,0a820e12-033b-45d6-9ef9-d70f4c5e5b63,39.889883,-111.2494615
2016-06-25 06:00:00,47.92971406703505,0a820e12-033b-45d6-9ef9-d70f4c5e5b63,39.889883,-111.2494615
2016-06-26 06:00:00,37.306979740205236,0a820e12-033b-45d6-9ef9-d70f4c5e5b63,39.889883,-111.2494615
2016-06-27 06:00:00,37.37273543929686,0a820e12-033b-45d6-9ef9-d70f4c5e5b63,39.889883,-111.2494615
2016-06-28 06:00:00,39.18785355891943,0a820e12-033b-45d6-9ef9-d70f4c5e5b63,39.889883,-111.2494615
2016-06-29 06:00:00,49.90378486846247,0a820e12-033b-45d6-9ef9-d70f4c5e5b63,39.889883,-111.2494615
2016-06-30 06:00:00,62.360518891497,0a820e12-033b-45d6-9ef9-d70f4c5e5b63,39.889883,-111.2494615
2016-07-01 06:00:00,83.77550110803188,0a820e12-033b-45d6-9ef9-d70f4c5e5b63,39.889883,-111.2494615
2016-07-02 06:00:00,80.48993602088144,0a820e12-033b-45d6-9ef9-d70f4c5e5b63,39.889883,-111.2494615
2016-07-03 06:00:00,68.21672026530496,0a820e12-033b-45d6-9ef9-d70f4c5e5b63,39.889883,-111.2494615
2016-07-04 06:00:00,59.726704815010024,0a820e12-033b-45d6-9ef9-d70f4c5e5b63,39.889883,-111.2494615
2016-07-05 06:00:00,45.83625699833566,0a820e12-033b-45d6-9ef9-d70f4c5e5b63,39.889883,-111.2494615
2016-07-06 06:00:00,48.65644334530578,0a820e12-033b-45d6-9ef9-d70f4c5e5b63,39.889883,-111.2494615
2016-07-07 06:00:00,55.32163757309533,0a820e12-033b-45d6-9ef9-d70f4c5e5b63,39.889883,-111.2494615
2016-07-08 06:00:00,46.11184837040245,0a820e12-033b-45d6-9ef9-d70f4c5e5b63,39.889883,-111.2494615
2016-07-09 06:00:00,43.95684253446636,0a820e12-033b-45d6-9ef9-d70f4c5e5b63,39.889883,-111.2494615
2016-07-10 06:00:00,54.650881513020984,0a820e12-033b-45d6-9ef9-d70f4c5e5b63,39.889883,-111.2494615
2016-07-11 06:00:00,52.58944140407647,0a820e12-033b-45d6-9ef9-d70f4c5e5b63,39.889883,-111.2494615
2016-07-12 06:00:00,48.43968636858796,0a820e12-033b-45d6-9ef9-d70f4c5e5b63,39.889883,-111.2494615
2016-07-13 06:00:00,45.72001646113465,0a820e12-033b-45d6-9ef9-d70f4c5e5b63,39.889883,-111.2494615
2016-07-14 06:00:00,46.32047025737451,0a820e12-033b-45d6-9ef9-d70f4c5e5b63,39.889883,-111.2494615
2016-07-15 06:00:00,43.59029235692984,0a820e12-033b-45d6-9ef9-d70f4c5e5b63,39.889883,-111.2494615
2016-07-16 06:00:00,41.00023929423387,0a820e12-033b-45d6-9ef9-d70f4c5e5b63,39.889883,-111.2494615
2016-07-17 06:00:00,38.26872304084785,0a820e12-033b-45d6-9ef9-d70f4c5e5b63,39.889883,-111.2494615
2016-07-18 06:00:00,51.733378174444944,0a820e12-033b-45d6-9ef9-d70f4c5e5b63,39.889883,-111.2494615
2016-07-19 06:00:00,62.60903702663388,0a820e12-033b-45d6-9ef9-d70f4c5e5b63,39.889883,-111.2494615
2016-07-20 06:00:00,58.28239198598412,0a820e12-033b-45d6-9ef9-d70f4c5e5b63,39.889883,-111.2494615
2016-07-21 06:00:00,48.94473530215868,0a820e12-033b-45d6-9ef9-d70f4c5e5b63,39.889883,-111.2494615
2016-07-22 06:00:00,55.99733695947171,0a820e12-033b-45d6-9ef9-d70f4c5e5b63,39.889883,-111.2494615
2016-07-23 06:00:00,44.84900993883208,0a820e12-033b-45d6-9ef9-d70f4c5e5b63,39.889883,-111.2494615
2016-07-24 06:00:00,43.94501457177641,0a820e12-033b-45d6-9ef9-d70f4c5e5b63,39.889883,-111.2494615
2016-07-25 06:00:00,42.32377322346574,0a820e12-033b-45d6-9ef9-d70f4c5e5b63,39.889883,-111.2494615
2016-07-26 06:00:00,41.49399628698883,0a820e12-033b-45d6-9ef9-d70f4c5e5b63,39.889883,-111.2494615
2016-07-27 06:00:00,37.331038411703105,0a820e12-033b-45d6-9ef9-d70f4c5e5b63,39.889883,-111.2494615
2016-07-28 06:00:00,37.742190624453684,0a820e12-033b-45d6-9ef9-d70f4c5e5b63,39.889883,-111.2494615
2016-07-29 06:00:00,42.834301696131156,0a820e12-033b-45d6-9ef9-d70f4c5e5b63,39.889883,-111.2494615
2016-07-30 06:00:00,50.00074448278022,0a820e12-033b-45d6-9ef9-d70f4c5e5b63,39.889883,-111.2494615
2016-07-31 06:00:00,67.51936293336723,0a820e12-033b-45d6-9ef9-d70f4c5e5b63,39.889883,-111.2494615
2016-08-01 06:00:00,67.57192462263941,0a820e12-033b-45d6-9ef9-d70f4c5e5b63,39.889883,-111.2494615
2016-08-02 06:00:00,58.858143733945234,0a820e12-033b-45d6-9ef9-d70f4c5e5b63,39.889883,-111.2494615
2016-08-03 06:00:00,67.00717042660462,0a820e12-033b-45d6-9ef9-d70f4c5e5b63,39.889883,-111.2494615
2016-08-04 06:00:00,61.540716558608786,0a820e12-033b-45d6-9ef9-d70f4c5e5b63,39.889883,-111.2494615
2016-08-05 06:00:00,78.20670218004186,0a820e12-033b-45d6-9ef9-d70f4c5e5b63,39.889883,-111.2494615
2016-08-06 06:00:00,86.6555100882478,0a820e12-033b-45d6-9ef9-d70f4c5e5b63,39.889883,-111.2494615
2016-08-07 06:00:00,80.06605905747621,0a820e12-033b-45d6-9ef9-d70f4c5e5b63,39.889883,-111.2494615
2016-08-08 06:00:00,61.77880384648959,0a820e12-033b-45d6-9ef9-d70f4c5e5b63,39.889883,-111.2494615
2016-08-09 06:00:00,49.25749946351919,0a820e12-033b-45d6-9ef9-d70f4c5e5b63,39.889883,-111.2494615
2016-08-10 06:00:00,64.2352383625519,0a820e12-033b-45d6-9ef9-d70f4c5e5b63,39.889883,-111.2494615
2016-08-11 06:00:00,70.14279547829946,0a820e12-033b-45d6-9ef9-d70f4c5e5b63,39.889883,-111.2494615
2016-08-12 06:00:00,57.76372974164447,0a820e12-033b-45d6-9ef9-d70f4c5e5b63,39.889883,-111.2494615
2016-08-13 06:00:00,46.257222602411005,0a820e12-033b-45d6-9ef9-d70f4c5e5b63,39.889883,-111.2494615
2016-08-14 06:00:00,41.69054916572755,0a820e12-033b-45d6-9ef9-d70f4c5e5b63,39.889883,-111.2494615
2016-08-15 06:00:00,42.20655225399483,0a820e12-033b-45d6-9ef9-d70f4c5e5b63,39.889883,-111.2494615
2016-08-16 06:00:00,56.61776251696531,0a820e12-033b-45d6-9ef9-d70f4c5e5b63,39.889883,-111.2494615
2016-08-17 06:00:00,52.22795152342927,0a820e12-033b-45d6-9ef9-d70f4c5e5b63,39.889883,-111.2494615
2016-08-18 06:00:00,59.561139797911956,0a820e12-033b-45d6-9ef9-d70f4c5e5b63,39.889883,-111.2494615
2016-08-19 06:00:00,56.43516232120635,0a820e12-033b-45d6-9ef9-d70f4c5e5b63,39.889883,-111.2494615
2016-08-20 06:00:00,51.256507278750796,0a820e12-033b-45d6-9ef9-d70f4c5e5b63,39.889883,-111.2494615
2016-08-21 06:00:00,46.21207303881531,0a820e12-033b-45d6-9ef9-d70f4c5e5b63,39.889883,-111.2494615
2016-08-22 06:00:00,52.96106972570483,0a820e12-033b-45d6-9ef9-d70f4c5e5b63,39.889883,-111.2494615
2016-08-23 06:00:00,64.18830016854866,0a820e12-033b-45d6-9ef9-d70f4c5e5b63,39.889883,-111.2494615
2016-08-24 06:00:00,51.99393592371863,0a820e12-033b-45d6-9ef9-d70f4c5e5b63,39.889883,-111.2494615
2016-08-25 06:00:00,44.14432947123934,0a820e12-033b-45d6-9ef9-d70f4c5e5b63,39.889883,-111.2494615
2016-08-26 06:00:00,61.74811091345016,0a820e12-033b-45d6-9ef9-d70f4c5e5b63,39.889883,-111.2494615
2016-08-27 06:00:00,64.43739792472245,0a820e12-033b-45d6-9ef9-d70f4c5e5b63,39.889883,-111.2494615
2016-08-28 06:00:00,61.65240610689928,0a820e12-033b-45d6-9ef9-d70f4c5e5b63,39.889883,-111.2494615
2016-08-29 06:00:00,48.422769265638394,0a820e12-033b-45d6-9ef9-d70f4c5e5b63,39.889883,-111.2494615
2016-08-30 06:00:00,47.74800520337925,0a820e12-033b-45d6-9ef9-d70f4c5e5b63,39.889883,-111.2494615
2016-08-31 06:00:00,45.69536670615055,0a820e12-033b-45d6-9ef9-d70f4c5e5b63,39.889883,-111.2494615
2016-09-01 06:00:00,55.81806408291946,0a820e12-033b-45d6-9ef9-d70f4c5e5b63,39.889883,-111.2494615
2016-09-02 06:00:00,71.90322494139686,0a820e12-033b-45d6-9ef9-d70f4c5e5b63,39.889883,-111.2494615
2016-09-03 06:00:00,67.05658612512876,0a820e12-033b-45d6-9ef9-d70f4c5e5b63,39.889883,-111.2494615
2016-09-04 06:00:00,53.2574351056478,0a820e12-033b-45d6-9ef9-d70f4c5e5b63,39.889883,-111.2494615
2016-09-05 06:00:00,62.64151357112882,0a820e12-033b-45d6-9ef9-d70f4c5e5b63,39.889883,-111.2494615
2016-09-06 06:00:00,58.2951406822168,0a820e12-033b-45d6-9ef9-d70f4c5e5b63,39.889883,-111.2494615
2016-09-07 06:00:00,50.17113570873271,0a820e12-033b-45d6-9ef9-d70f4c5e5b63,39.889883,-111.2494615
2016-09-08 06:00:00,49.94201147613673,0a820e12-033b-45d6-9ef9-d70f4c5e5b63,39.889883,-111.2494615
2016-09-09 06:00:00,48.18094883570886,0a820e12-033b-45d6-9ef9-d70f4c5e5b63,39.889883,-111.2494615
2016-09-10 06:00:00,33.45847512943683,0a820e12-033b-45d6-9ef9-d70f4c5e5b63,39.889883,-111.2494615
2016-09-11 06:00:00,44.47423859303449,0a820e12-033b-45d6-9ef9-d70f4c5e5b63,39.889883,-111.2494615
2016-09-12 06:00:00,50.401000455208305,0a820e12-033b-45d6-9ef9-d70f4c5e5b63,39.889883,-111.2494615
2016-09-13 06:00:00,69.79471290008281,0a820e12-033b-45d6-9ef9-d70f4c5e5b63,39.889883,-111.2494615
2016-09-14 06:00:00,84.48772684488307,0a820e12-033b-45d6-9ef9-d70f4c5e5b63,39.889883,-111.2494615
2016-09-15 06:00:00,81.0902921292963,0a820e12-033b-45d6-9ef9-d70f4c5e5b63,39.889883,-111.2494615
2016-09-16 06:00:00,74.3101076377597,0a820e12-033b-45d6-9ef9-d70f4c5e5b63,39.889883,-111.2494615
2016-09-17 06:00:00,65.84248610524976,0a820e12-033b-45d6-9ef9-d70f4c5e5b63,39.889883,-111.2494615
2016-09-18 06:00:00,51.64274355949865,0a820e12-033b-45d6-9ef9-d70f4c5e5b63,39.889883,-111.2494615
2016-09-19 06:00:00,37.9553987725178,0a820e12-033b-45d6-9ef9-d70f4c5e5b63,39.889883,-111.2494615
2016-09-20 06:00:00,45.41586551537757,0a820e12-033b-45d6-9ef9-d70f4c5e5b63,39.889883,-111.2494615
2016-09-21 06:00:00,79.1191705624798,0a820e12-033b-45d6-9ef9-d70f4c5e5b63,39.889883,-111.2494615
2016-09-22 06:00:00,100.0,0a820e12-033b-45d6-9ef9-d70f4c5e5b63,39.889883,-111.2494615
2016-09-23 06:00:00,84.95695263566135,0a820e12-033b-45d6-9ef9-d70f4c5e5b63,39.889883,-111.2494615
2016-09-24 06:00:00,98.08025177266302,0a820e12-033b-45d6-9ef9-d70f4c5e5b63,39.889883,-111.2494615
2016-09-25 06:00:00,81.59510875918522,0a820e12-033b-45d6-9ef9-d70f4c5e5b63,39.889883,-111.2494615
2016-09-26 06:00:00,74.56524266820325,0a820e12-033b-45d6-9ef9-d70f4c5e5b63,39.889883,-111.2494615
2016-09-27 06:00:00,59.96049485927137,0a820e12-033b-45d6-9ef9-d70f4c5e5b63,39.889883,-111.2494615
2016-09-28 06:00:00,61.69891629847801,0a820e12-033b-45d6-9ef9-d70f4c5e5b63,39.889883,-111.2494615
2016-09-29 06:00:00,75.76683551836061,0a820e12-033b-45d6-9ef9-d70f4c5e5b63,39.889883,-111.2494615
2016-09-30 06:00:00,82.45399817282242,0a820e12-033b-45d6-9ef9-d70f4c5e5b63,39.889883,-111.2494615
2016-10-01 06:00:00,77.5553452801085,0a820e12-033b-45d6-9ef9-d70f4c5e5b63,39.889883,-111.2494615
2016-10-02 06:00:00,74.85444163817185,0a820e12-033b-45d6-9ef9-d70f4c5e5b63,39.889883,-111.2494615
2016-10-03 06:00:00,69.53955912291717,0a820e12-033b-45d6-9ef9-d70f4c5e5b63,39.889883,-111.2494615
2016-10-04 06:00:00,65.1357322230261,0a820e12-033b-45d6-9ef9-d70f4c5e5b63,39.889883,-111.2494615
2016-10-05 06:00:00,68.50935023787851,0a820e12-033b-45d6-9ef9-d70f4c5e5b63,39.889883,-111.2494615
2016-10-06 06:00:00,74.80964310382626,0a820e12-033b-45d6-9ef9-d70f4c5e5b63,39.889883,-111.2494615
2016-10-07 06:00:00,62.29510507592797,0a820e12-033b-45d6-9ef9-d70f4c5e5b63,39.889883,-111.2494615
2016-10-08 06:00:00,55.50160663740582,0a820e12-033b-45d6-9ef9-d70f4c5e5b63,39.889883,-111.2494615
2016-10-09 06:00:00,60.781890524018834,0a820e12-033b-45d6-9ef9-d70f4c5e5b63,39.889883,-111.2494615
2016-10-10 06:00:00,59.422795513252204,0a820e12-033b-45d6-9ef9-d70f4c5e5b63,39.889883,-111.2494615
2016-10-11 06:00:00,64.17364398416586,0a820e12-033b-45d6-9ef9-d70f4c5e5b63,39.889883,-111.2494615
2016-10-12 06:00:00,62.92094980190303,0a820e12-033b-45d6-9ef9-d70f4c5e5b63,39.889883,-111.2494615
2016-10-13 06:00:00,63.57395481260151,0a820e12-033b-45d6-9ef9-d70f4c5e5b63,39.889883,-111.2494615
2016-10-14 06:00:00,43.62169347254558,0a820e12-033b-45d6-9ef9-d70f4c5e5b63,39.889883,-111.2494615
2016-10-15 06:00:00,47.07327890625587,0a820e12-033b-45d6-9ef9-d70f4c5e5b63,39.889883,-111.2494615
2016-10-16 06:00:00,55.87035958783001,0a820e12-033b-45d6-9ef9-d70f4c5e5b63,39.889883,-111.2494615
2016-10-17 06:00:00,92.3997807066755,0a820e12-033b-45d6-9ef9-d70f4c5e5b63,39.889883,-111.2494615
2016-10-18 06:00:00,72.0280601567552,0a820e12-033b-45d6-9ef9-d70f4c5e5b63,39.889883,-111.2494615
2016-10-19 06:00:00,76.1915348923126,0a820e12-033b-45d6-9ef9-d70f4c5e5b63,39.889883,-111.2494615
2016-10-20 06:00:00,53.15060400572731,0a820e12-033b-45d6-9ef9-d70f4c5e5b63,39.889883,-111.2494615
2016-10-21 06:00:00,42.73912456611582,0a820e12-033b-45d6-9ef9-d70f4c5e5b63,39.889883,-111.2494615
2016-10-22 06:00:00,53.97636549787182,0a820e12-033b-45d6-9ef9-d70f4c5e5b63,39.889883,-111.2494615
2016-10-23 06:00:00,52.9628259550504,0a820e12-033b-45d6-9ef9-d70f4c5e5b63,39.889883,-111.2494615
2016-10-24 06:00:00,74.14387645115637,0a820e12-033b-45d6-9ef9-d70f4c5e5b63,39.889883,-111.2494615
2016-10-25 06:00:00,94.16863125166834,0a820e12-033b-45d6-9ef9-d70f4c5e5b63,39.889883,-111.2494615
2016-10-26 06:00:00,86.45774065886012,0a820e12-033b-45d6-9ef9-d70f4c5e5b63,39.889883,-111.2494615
2016-10-27 06:00:00,73.89271955884799,0a820e12-033b-45d6-9ef9-d70f4c5e5b63,39.889883,-111.2494615
2016-10-28 06:00:00,69.03225337919763,0a820e12-033b-45d6-9ef9-d70f4c5e5b63,39.889883,-111.2494615
2016-10-29 06:00:00,77.4676605019005,0a820e12-033b-45d6-9ef9-d70f4c5e5b63,39.889883,-111.2494615
2016-10-30 06:00:00,71.05190511341848,0a820e12-033b-45d6-9ef9-d70f4c5e5b63,39.889883,-111.2494615
2016-10-31 06:00:00,84.27981745083821,0a820e12-033b-45d6-9ef9-d70f4c5e5b63,39.889883,-111.2494615
2016-11-01 06:00:00,79.32085767494473,0a820e12-033b-45d6-9ef9-d70f4c5e5b63,39.889883,-111.2494615
2016-11-02 06:00:00,71.52726262434959,0a820e12-033b-45d6-9ef9-d70f4c5e5b63,39.889883,-111.2494615
2016-11-03 06:00:00,58.363069091884995,0a820e12-033b-45d6-9ef9-d70f4c5e5b63,39.889883,-111.2494615
2016-11-04 06:00:00,65.10864403204235,0a820e12-033b-45d6-9ef9-d70f4c5e5b63,39.889883,-111.2494615
2016-11-05 06:00:00,73.52953578005398,0a820e12-033b-45d6-9ef9-d70f4c5e5b63,39.889883,-111.2494615
2016-11-06 06:00:00,76.697063266141,0a820e12-033b-45d6-9ef9-d70f4c5e5b63,39.889883,-111.2494615
2016-11-07 06:00:00,68.71168490162943,0a820e12-033b-45d6-9ef9-d70f4c5e5b63,39.889883,-111.2494615
2016-11-08 06:00:00,61.763319535021374,0a820e12-033b-45d6-9ef9-d70f4c5e5b63,39.889883,-111.2494615
2016-11-09 06:00:00,59.777600660131334,0a820e12-033b-45d6-9ef9-d70f4c5e5b63,39.889883,-111.2494615
2016-11-10 06:00:00,60.89483247523817,0a820e12-033b-45d6-9ef9-d70f4c5e5b63,39.889883,-111.2494615
2016-11-11 06:00:00,66.71744357449602,0a820e12-033b-45d6-9ef9-d70f4c5e5b63,39.889883,-111.2494615
2016-11-12 06:00:00,60.21270568744854,0a820e12-033b-45d6-9ef9-d70f4c5e5b63,39.889883,-111.2494615
2016-11-13 06:00:00,60.62983650009259,0a820e12-033b-45d6-9ef9-d70f4c5e5b63,39.889883,-111.2494615
2016-11-14 06:00:00,58.3899126392471,0a820e12-033b-45d6-9ef9-d70f4c5e5b63,39.889883,-111.2494615
2016-11-15 06:00:00,40.26101941575903,0a820e12-033b-45d6-9ef9-d70f4c5e5b63,39.889883,-111.2494615
2016-11-16 06:00:00,56.480813126476825,0a820e12-033b-45d6-9ef9-d70f4c5e5b63,39.889883,-111.2494615
2016-11-17 06:00:00,100.0,0a820e12-033b-45d6-9ef9-d70f4c5e5b63,39.889883,-111.2494615
2016-11-18 06:00:00,89.12000072725237,0a820e12-033b-45d6-9ef9-d70f4c5e5b63,39.889883,-111.2494615
2016-11-19 06:00:00,64.62723536119654,0a820e12-033b-45d6-9ef9-d70f4c5e5b63,39.889883,-111.2494615
2016-11-20 06:00:00,66.6522299038664,0a820e12-033b-45d6-9ef9-d70f4c5e5b63,39.889883,-111.2494615
2016-11-21 06:00:00,84.59912162979023,0a820e12-033b-45d6-9ef9-d70f4c5e5b63,39.889883,-111.2494615
2016-11-22 06:00:00,95.08944561162515,0a820e12-033b-45d6-9ef9-d70f4c5e5b63,39.889883,-111.2494615
2016-11-23 06:00:00,83.46995868260639,0a820e12-033b-45d6-9ef9-d70f4c5e5b63,39.889883,-111.2494615
2016-11-24 06:00:00,81.32869434081327,0a820e12-033b-45d6-9ef9-d70f4c5e5b63,39.889883,-111.2494615
2016-11-25 06:00:00,56.628123326526456,0a820e12-033b-45d6-9ef9-d70f4c5e5b63,39.889883,-111.2494615
2016-11-26 06:00:00,64.95675980069525,0a820e12-033b-45d6-9ef9-d70f4c5e5b63,39.889883,-111.2494615
2016-11-27 06:00:00,78.50337061363419,0a820e12-033b-45d6-9ef9-d70f4c5e5b63,39.889883,-111.2494615
2016-11-28 06:00:00,78.85074572154716,0a820e12-033b-45d6-9ef9-d70f4c5e5b63,39.889883,-111.2494615
2016-11-29 06:00:00,100.0,0a820e12-033b-45d6-9ef9-d70f4c5e5b63,39.889883,-111.2494615
2016-11-30 06:00:00,89.54221987976722,0a820e12-033b-45d6-9ef9-d70f4c5e5b63,39.889883,-111.2494615
2016-12-01 06:00:00,89.6559784846081,0a820e12-033b-45d6-9ef9-d70f4c5e5b63,39.889883,-111.2494615
2016-12-02 06:00:00,95.97419870209534,0a820e12-033b-45d6-9ef9-d70f4c5e5b63,39.889883,-111.2494615
2016-12-03 06:00:00,92.81484900172565,0a820e12-033b-45d6-9ef9-d70f4c5e5b63,39.889883,-111.2494615
2016-12-04 06:00:00,94.64242832745579,0a820e12-033b-45d6-9ef9-d70f4c5e5b63,39.889883,-111.2494615
2016-12-05 06:00:00,100.0,0a820e12-033b-45d6-9ef9-d70f4c5e5b63,39.889883,-111.2494615
2016-12-06 06:00:00,85.46817538690063,0a820e12-033b-45d6-9ef9-d70f4c5e5b63,39.889883,-111.2494615
2016-12-07 06:00:00,91.20271048669753,0a820e12-033b-45d6-9ef9-d70f4c5e5b63,39.889883,-111.2494615
2016-12-08 06:00:00,100.0,0a820e12-033b-45d6-9ef9-d70f4c5e5b63,39.889883,-111.2494615
2016-12-09 06:00:00,81.99587061040326,0a820e12-033b-45d6-9ef9-d70f4c5e5b63,39.889883,-111.2494615
2016-12-10 06:00:00,86.04923293083418,0a820e12-033b-45d6-9ef9-d70f4c5e5b63,39.889883,-111.2494615
2016-12-11 06:00:00,87.60640074038757,0a820e12-033b-45d6-9ef9-d70f4c5e5b63,39.889883,-111.2494615
2016-12-12 06:00:00,95.42400971780728,0a820e12-033b-45d6-9ef9-d70f4c5e5b63,39.889883,-111.2494615
2016-12-13 06:00:00,68.27176763187589,0a820e12-033b-45d6-9ef9-d70f4c5e5b63,39.889883,-111.2494615
2016-12-14 06:00:00,70.14698017549928,0a820e12-033b-45d6-9ef9-d70f4c5e5b63,39.889883,-111.2494615
2016-12-15 06:00:00,65.05403835527936,0a820e12-033b-45d6-9ef9-d70f4c5e5b63,39.889883,-111.2494615
2016-12-16 06:00:00,100.0,0a820e12-033b-45d6-9ef9-d70f4c5e5b63,39.889883,-111.2494615
2016-12-17 06:00:00,100.0,0a820e12-033b-45d6-9ef9-d70f4c5e5b63,39.889883,-111.2494615
2016-12-18 06:00:00,77.11531787244488,0a820e12-033b-45d6-9ef9-d70f4c5e5b63,39.889883,-111.2494615
2016-12-19 06:00:00,85.90591698684179,0a820e12-033b-45d6-9ef9-d70f4c5e5b63,39.889883,-111.2494615
2016-12-20 06:00:00,54.07145860908809,0a820e12-033b-45d6-9ef9-d70f4c5e5b63,39.889883,-111.2494615
2016-12-21 06:00:00,62.20800753346536,0a820e12-033b-45d6-9ef9-d70f4c5e5b63,39.889883,-111.2494615
2016-12-22 06:00:00,69.78500981555752,0a820e12-033b-45d6-9ef9-d70f4c5e5b63,39.889883,-111.2494615
2016-12-23 06:00:00,90.9005988656155,0a820e12-033b-45d6-9ef9-d70f4c5e5b63,39.889883,-111.2494615
2016-12-24 06:00:00,85.67642148764116,0a820e12-033b-45d6-9ef9-d70f4c5e5b63,39.889883,-111.2494615
2016-12-25 06:00:00,100.0,0a820e12-033b-45d6-9ef9-d70f4c5e5b63,39.889883,-111.2494615
2016-12-26 06:00:00,78.86362362550474,0a820e12-033b-45d6-9ef9-d70f4c5e5b63,39.889883,-111.2494615
2016-12-27 06:00:00,100.0,0a820e12-033b-45d6-9ef9-d70f4c5e5b63,39.889883,-111.2494615
2016-12-28 06:00:00,91.94031682533064,0a820e12-033b-45d6-9ef9-d70f4c5e5b63,39.889883,-111.2494615
2016-12-29 06:00:00,59.51607089368509,0a820e12-033b-45d6-9ef9-d70f4c5e5b63,39.889883,-111.2494615
2016-12-30 06:00:00,67.44038648118871,0a820e12-033b-45d6-9ef9-d70f4c5e5b63,39.889883,-111.2494615
2016-12-31 06:00:00,96.01544089588096,0a820e12-033b-45d6-9ef9-d70f4c5e5b63,39.889883,-111.2494615
2017-01-01 06:00:00,90.7130879832645,0a820e12-033b-45d6-9ef9-d70f4c5e5b63,39.889883,-111.2494615
2017-01-02 06:00:00,76.01905373361274,0a820e12-033b-45d6-9ef9-d70f4c5e5b63,39.889883,-111.2494615
2017-01-03 06:00:00,83.78392685274302,0a820e12-033b-45d6-9ef9-d70f4c5e5b63,39.889883,-111.2494615
2017-01-04 06:00:00,82.64215359582249,0a820e12-033b-45d6-9ef9-d70f4c5e5b63,39.889883,-111.2494615
2017-01-05 06:00:00,100.0,0a820e12-033b-45d6-9ef9-d70f4c5e5b63,39.889883,-111.2494615
2017-01-06 06:00:00,88.03869410084347,0a820e12-033b-45d6-9ef9-d70f4c5e5b63,39.889883,-111.2494615
2017-01-07 06:00:00,100.0,0a820e12-033b-45d6-9ef9-d70f4c5e5b63,39.889883,-111.2494615
2017-01-08 06:00:00,100.0,0a820e12-033b-45d6-9ef9-d70f4c5e5b63,39.889883,-111.2494615
2017-01-09 06:00:00,88.3819071353916,0a820e12-033b-45d6-9ef9-d70f4c5e5b63,39.889883,-111.2494615
2017-01-10 06:00:00,68.61857635086837,0a820e12-033b-45d6-9ef9-d70f4c5e5b63,39.889883,-111.2494615
2017-01-11 06:00:00,81.20250226811105,0a820e12-033b-45d6-9ef9-d70f4c5e5b63,39.889883,-111.2494615
2017-01-12 06:00:00,78.21405131364808,0a820e12-033b-45d6-9ef9-d70f4c5e5b63,39.889883,-111.2494615
2017-01-13 06:00:00,87.88844883820549,0a820e12-033b-45d6-9ef9-d70f4c5e5b63,39.889883,-111.2494615
2017-01-14 06:00:00,98.42463761918012,0a820e12-033b-45d6-9ef9-d70f4c5e5b63,39.889883,-111.2494615
2017-01-15 06:00:00,91.2487969201155,0a820e12-033b-45d6-9ef9-d70f4c5e5b63,39.889883,-111.2494615
2017-01-16 06:00:00,76.10808615367841,0a820e12-033b-45d6-9ef9-d70f4c5e5b63,39.889883,-111.2494615
2017-01-17 06:00:00,80.34831555011297,0a820e12-033b-45d6-9ef9-d70f4c5e5b63,39.889883,-111.2494615
2017-01-18 06:00:00,75.06891255383313,0a820e12-033b-45d6-9ef9-d70f4c5e5b63,39.889883,-111.2494615
2017-01-19 06:00:00,86.28845036408441,0a820e12-033b-45d6-9ef9-d70f4c5e5b63,39.889883,-111.2494615
2017-01-20 06:00:00,88.25630559544933,0a820e12-033b-45d6-9ef9-d70f4c5e5b63,39.889883,-111.2494615
2017-01-21 06:00:00,98.90201971735142,0a820e12-033b-45d6-9ef9-d70f4c5e5b63,39.889883,-111.2494615
2017-01-22 06:00:00,91.2472585727666,0a820e12-033b-45d6-9ef9-d70f4c5e5b63,39.889883,-111.2494615
2017-01-23 06:00:00,92.65880879906074,0a820e12-033b-45d6-9ef9-d70f4c5e5b63,39.889883,-111.2494615
2017-01-24 06:00:00,91.30760360291879,0a820e12-033b-45d6-9ef9-d70f4c5e5b63,39.889883,-111.2494615
2017-01-25 06:00:00,88.6693945142142,0a820e12-033b-45d6-9ef9-d70f4c5e5b63,39.889883,-111.2494615
2017-01-26 06:00:00,93.746295242383,0a820e12-033b-45d6-9ef9-d70f4c5e5b63,39.889883,-111.2494615
2017-01-27 06:00:00,95.98998964693365,0a820e12-033b-45d6-9ef9-d70f4c5e5b63,39.889883,-111.2494615
2017-01-28 06:00:00,84.12309986220976,0a820e12-033b-45d6-9ef9-d70f4c5e5b63,39.889883,-111.2494615
2017-01-29 06:00:00,62.246776907574805,0a820e12-033b-45d6-9ef9-d70f4c5e5b63,39.889883,-111.2494615
2017-01-30 06:00:00,55.53320543805032,0a820e12-033b-45d6-9ef9-d70f4c5e5b63,39.889883,-111.2494615
2017-01-31 06:00:00,49.96987524390565,0a820e12-033b-45d6-9ef9-d70f4c5e5b63,39.889883,-111.2494615
2017-02-01 06:00:00,39.62059636340908,0a820e12-033b-45d6-9ef9-d70f4c5e5b63,39.889883,-111.2494615
2017-02-02 06:00:00,63.226660683478606,0a820e12-033b-45d6-9ef9-d70f4c5e5b63,39.889883,-111.2494615
2017-02-03 06:00:00,74.1718961919467,0a820e12-033b-45d6-9ef9-d70f4c5e5b63,39.889883,-111.2494615
2017-02-04 06:00:00,74.66737233548353,0a820e12-033b-45d6-9ef9-d70f4c5e5b63,39.889883,-111.2494615
2017-02-05 06:00:00,71.81106826591308,0a820e12-033b-45d6-9ef9-d70f4c5e5b63,39.889883,-111.2494615
2017-02-06 06:00:00,62.34071335044472,0a820e12-033b-45d6-9ef9-d70f4c5e5b63,39.889883,-111.2494615
2017-02-07 06:00:00,69.04571928991736,0a820e12-033b-45d6-9ef9-d70f4c5e5b63,39.889883,-111.2494615
2017-02-08 06:00:00,62.77988483403255,0a820e12-033b-45d6-9ef9-d70f4c5e5b63,39.889883,-111.2494615
2017-02-09 06:00:00,62.65476495928208,0a820e12-033b-45d6-9ef9-d70f4c5e5b63,39.889883,-111.2494615
2017-02-10 06:00:00,66.07988225002491,0a820e12-033b-45d6-9ef9-d70f4c5e5b63,39.889883,-111.2494615
2017-02-11 06:00:00,94.36987494871637,0a820e12-033b-45d6-9ef9-d70f4c5e5b63,39.889883,-111.2494615
2017-02-12 06:00:00,70.20654628045061,0a820e12-033b-45d6-9ef9-d70f4c5e5b63,39.889883,-111.2494615
2017-02-13 06:00:00,63.987969634392954,0a820e12-033b-45d6-9ef9-d70f4c5e5b63,39.889883,-111.2494615
2017-02-14 06:00:00,50.424639440248285,0a820e12-033b-45d6-9ef9-d70f4c5e5b63,39.889883,-111.2494615
2017-02-15 06:00:00,51.620114698217286,0a820e12-033b-45d6-9ef9-d70f4c5e5b63,39.889883,-111.2494615
2017-02-16 06:00:00,60.39499634934573,0a820e12-033b-45d6-9ef9-d70f4c5e5b63,39.889883,-111.2494615
2017-02-17 06:00:00,69.06987553909494,0a820e12-033b-45d6-9ef9-d70f4c5e5b63,39.889883,-111.2494615
2017-02-18 06:00:00,67.9000015258789,0a820e12-033b-45d6-9ef9-d70f4c5e5b63,39.889883,-111.2494615
2017-02-19 06:00:00,83.93320514286104,0a820e12-033b-45d6-9ef9-d70f4c5e5b63,39.889883,-111.2494615
2017-02-20 06:00:00,77.28190501913414,0a820e12-033b-45d6-9ef9-d70f4c5e5b63,39.889883,-111.2494615
2017-02-21 06:00:00,76.68691354261442,0a820e12-033b-45d6-9ef9-d70f4c5e5b63,39.889883,-111.2494615
2017-02-22 06:00:00,100.0,0a820e12-033b-45d6-9ef9-d70f4c5e5b63,39.889883,-111.2494615
2017-02-23 06:00:00,90.90201971735142,0a820e12-033b-45d6-9ef9-d70f4c5e5b63,39.889883,-111.2494615
2017-02-24 06:00:00,100.0,0a820e12-033b-45d6-9ef9-d70f4c5e5b63,39.889883,-111.2494615
2017-02-25 06:00:00,92.63214324275614,0a820e12-033b-45d6-9ef9-d70f4c5e5b63,39.889883,-111.2494615
2017-02-26 06:00:00,99.84321303454813,0a820e12-033b-45d6-9ef9-d70f4c5e5b63,39.889883,-111.2494615
2017-02-27 06:00:00,100.0,0a820e12-033b-45d6-9ef9-d70f4c5e5b63,39.889883,-111.2494615
2017-02-28 06:00:00,86.34619819854059,0a820e12-033b-45d6-9ef9-d70f4c5e5b63,39.889883,-111.2494615
2017-03-01 06:00:00,71.11106767553453,0a820e12-033b-45d6-9ef9-d70f4c5e5b63,39.889883,-111.2494615
2017-03-02 06:00:00,67.57536238081991,0a820e12-033b-45d6-9ef9-d70f4c5e5b63,39.889883,-111.2494615
2017-03-03 06:00:00,49.38748949508007,0a820e12-033b-45d6-9ef9-d70f4c5e5b63,39.889883,-111.2494615
2017-03-04 06:00:00,53.299037900306026,0a820e12-033b-45d6-9ef9-d70f4c5e5b63,39.889883,-111.2494615
2017-03-05 06:00:00,78.42512110544008,0a820e12-033b-45d6-9ef9-d70f4c5e5b63,39.889883,-111.2494615
2017-03-06 06:00:00,60.46130971385381,0a820e12-033b-45d6-9ef9-d70f4c5e5b63,39.889883,-111.2494615
2017-03-07 06:00:00,67.42512110544008,0a820e12-033b-45d6-9ef9-d70f4c5e5b63,39.889883,-111.2494615
2017-03-08 06:00:00,58.33820985164404,0a820e12-033b-45d6-9ef9-d70f4c5e5b63,39.889883,-111.2494615
2017-03-09 06:00:00,55.417614251174406,0a820e12-033b-45d6-9ef9-d70f4c5e5b63,39.889883,-111.2494615
2017-03-10 06:00:00,47.274399985936654,0a820e12-033b-45d6-9ef9-d70f4c5e5b63,39.889883,-111.2494615
2017-03-11 06:00:00,64.41511075237374,0a820e12-033b-45d6-9ef9-d70f4c5e5b63,39.889883,-111.2494615
2017-03-12 06:00:00,62.24927858530729,0a820e12-033b-45d6-9ef9-d70f4c5e5b63,39.889883,-111.2494615
2017-03-13 06:00:00,57.31058677328218,0a820e12-033b-45d6-9ef9-d70f4c5e5b63,39.889883,-111.2494615
2017-03-14 06:00:00,53.31963578959402,0a820e12-033b-45d6-9ef9-d70f4c5e5b63,39.889883,-111.2494615
2017-03-15 06:00:00,49.30606308937991,0a820e12-033b-45d6-9ef9-d70f4c5e5b63,39.889883,-111.2494615
2017-03-16 06:00:00,47.408567055930774,0a820e12-033b-45d6-9ef9-d70f4c5e5b63,39.889883,-111.2494615
2017-03-17 06:00:00,52.3834456553014,0a820e12-033b-45d6-9ef9-d70f4c5e5b63,39.889883,-111.2494615
2017-03-18 06:00:00,49.76284929189232,0a820e12-033b-45d6-9ef9-d70f4c5e5b63,39.889883,-111.2494615
2017-03-19 06:00:00,51.39749802707823,0a820e12-033b-45d6-9ef9-d70f4c5e5b63,39.889883,-111.2494615
2017-03-20 06:00:00,52.04273412592486,0a820e12-033b-45d6-9ef9-d70f4c5e5b63,39.889883,-111.2494615
2017-03-21 06:00:00,49.251782084107965,0a820e12-033b-45d6-9ef9-d70f4c5e5b63,39.889883,-111.2494615
2017-03-22 06:00:00,67.51357087914595,0a820e12-033b-45d6-9ef9-d70f4c5e5b63,39.889883,-111.2494615
2017-03-23 06:00:00,73.95476419634265,0a820e12-033b-45d6-9ef9-d70f4c5e5b63,39.889883,-111.2494615
2017-03-24 06:00:00,62.41154840522597,0a820e12-033b-45d6-9ef9-d70f4c5e5b63,39.889883,-111.2494615
2017-03-25 06:00:00,68.48797145546114,0a820e12-033b-45d6-9ef9-d70f4c5e5b63,39.889883,-111.2494615
2017-03-26 06:00:00,64.60404430752884,0a820e12-033b-45d6-9ef9-d70f4c5e5b63,39.889883,-111.2494615
2017-03-27 06:00:00,69.6929717591683,0a820e12-033b-45d6-9ef9-d70f4c5e5b63,39.889883,-111.2494615
2017-03-28 06:00:00,70.92964461678147,0a820e12-033b-45d6-9ef9-d70f4c5e5b63,39.889883,-111.2494615
2017-03-29 06:00:00,64.8226209535865,0a820e12-033b-45d6-9ef9-d70f4c5e5b63,39.889883,-111.2494615
2017-03-30 06:00:00,59.85678573476224,0a820e12-033b-45d6-9ef9-d70f4c5e5b63,39.889883,-111.2494615
2017-03-31 06:00:00,69.99249132466615,0a820e12-033b-45d6-9ef9-d70f4c5e5b63,39.889883,-111.2494615
2017-04-01 06:00:00,72.42165609732399,0a820e12-033b-45d6-9ef9-d70f4c5e5b63,39.889883,-111.2494615
2017-04-02 06:00:00,76.08998812105474,0a820e12-033b-45d6-9ef9-d70f4c5e5b63,39.889883,-111.2494615
2017-04-03 06:00:00,54.774399985936654,0a820e12-033b-45d6-9ef9-d70f4c5e5b63,39.889883,-111.2494615
2017-04-04 06:00:00,54.00856553005186,0a820e12-033b-45d6-9ef9-d70f4c5e5b63,39.889883,-111.2494615
2017-04-05 06:00:00,61.22666068347861,0a820e12-033b-45d6-9ef9-d70f4c5e5b63,39.889883,-111.2494615
2017-04-06 06:00:00,59.924157775056486,0a820e12-033b-45d6-9ef9-d70f4c5e5b63,39.889883,-111.2494615
2017-04-07 06:00:00,49.87035644134727,0a820e12-033b-45d6-9ef9-d70f4c5e5b63,39.889883,-111.2494615
2017-04-08 06:00:00,97.24523275189954,0a820e12-033b-45d6-9ef9-d70f4c5e5b63,39.889883,-111.2494615
2017-04-09 06:00:00,85.77641817740917,0a820e12-033b-45d6-9ef9-d70f4c5e5b63,39.889883,-111.2494615
2017-04-10 06:00:00,68.01058935728982,0a820e12-033b-45d6-9ef9-d70f4c5e5b63,39.889883,-111.2494615
2017-04-11 06:00:00,57.11058783141091,0a820e12-033b-45d6-9ef9-d70f4c5e5b63,39.889883,-111.2494615
2017-04-12 06:00:00,56.210586305532004,0a820e12-033b-45d6-9ef9-d70f4c5e5b63,39.889883,-111.2494615
2017-04-13 06:00:00,62.65178178891869,0a820e12-033b-45d6-9ef9-d70f4c5e5b63,39.889883,-111.2494615
2017-04-14 06:00:00,69.33118449000926,0a820e12-033b-45d6-9ef9-d70f4c5e5b63,39.889883,-111.2494615
2017-04-15 06:00:00,60.66082699053326,0a820e12-033b-45d6-9ef9-d70f4c5e5b63,39.889883,-111.2494615
2017-04-16 06:00:00,54.75832378692186,0a820e12-033b-45d6-9ef9-d70f4c5e5b63,39.889883,-111.2494615
2017-04-17 06:00:00,47.006545517511164,0a820e12-033b-45d6-9ef9-d70f4c5e5b63,39.889883,-111.2494615
2017-04-18 06:00:00,70.85880574730294,0a820e12-033b-45d6-9ef9-d70f4c5e5b63,39.889883,-111.2494615
2017-04-19 06:00:00,73.73320420736067,0a820e12-033b-45d6-9ef9-d70f4c5e5b63,39.889883,-111.2494615
2017-04-20 06:00:00,67.30153957803854,0a820e12-033b-45d6-9ef9-d70f4c5e5b63,39.889883,-111.2494615
2017-04-21 06:00:00,72.16284882414216,0a820e12-033b-45d6-9ef9-d70f4c5e5b63,39.889883,-111.2494615
2017-04-22 06:00:00,65.86737327098388,0a820e12-033b-45d6-9ef9-d70f4c5e5b63,39.889883,-111.2494615
2017-04-23 06:00:00,62.555823339879,0a820e12-033b-45d6-9ef9-d70f4c5e5b63,39.889883,-111.2494615
2017-04-24 06:00:00,74.08344641824085,0a820e12-033b-45d6-9ef9-d70f4c5e5b63,39.889883,-111.2494615
2017-04-25 06:00:00,86.39903819549531,0a820e12-033b-45d6-9ef9-d70f4c5e5b63,39.889883,-111.2494615
2017-04-26 06:00:00,86.93368464186285,0a820e12-033b-45d6-9ef9-d70f4c5e5b63,39.889883,-111.2494615
2017-04-27 06:00:00,80.88546766147117,0a820e12-033b-45d6-9ef9-d70f4c5e5b63,39.889883,-111.2494615
2017-04-28 06:00:00,72.65428528771938,0a820e12-033b-45d6-9ef9-d70f4c5e5b63,39.889883,-111.2494615
2017-04-29 06:00:00,82.20202276910925,0a820e12-033b-45d6-9ef9-d70f4c5e5b63,39.889883,-111.2494615
2017-04-30 06:00:00,76.41309256090122,0a820e12-033b-45d6-9ef9-d70f4c5e5b63,39.889883,-111.2494615
2017-05-01 06:00:00,61.32463914505902,0a820e12-033b-45d6-9ef9-d70f4c5e5b63,39.889883,-111.2494615
2017-05-02 06:00:00,61.222136999576335,0a820e12-033b-45d6-9ef9-d70f4c5e5b63,39.889883,-111.2494615
2017-05-03 06:00:00,53.42665945278898,0a820e12-033b-45d6-9ef9-d70f4c5e5b63,39.889883,-111.2494615
2017-05-04 06:00:00,48.09951880255838,0a820e12-033b-45d6-9ef9-d70f4c5e5b63,39.889883,-111.2494615
2017-05-05 06:00:00,51.222136999576335,0a820e12-033b-45d6-9ef9-d70f4c5e5b63,39.889883,-111.2494615
2017-05-06 06:00:00,49.497498322267504,0a820e12-033b-45d6-9ef9-d70f4c5e5b63,39.889883,-111.2494615
2017-05-07 06:00:00,57.16131047679325,0a820e12-033b-45d6-9ef9-d70f4c5e5b63,39.889883,-111.2494615
2017-05-08 06:00:00,67.8427335355463,0a820e12-033b-45d6-9ef9-d70f4c5e5b63,39.889883,-111.2494615
2017-05-09 06:00:00,65.71558966099701,0a820e12-033b-45d6-9ef9-d70f4c5e5b63,39.889883,-111.2494615
2017-05-10 06:00:00,69.55630500507081,0a820e12-033b-45d6-9ef9-d70f4c5e5b63,39.889883,-111.2494615
2017-05-11 06:00:00,64.01309103502231,0a820e12-033b-45d6-9ef9-d70f4c5e5b63,39.889883,-111.2494615
2017-05-12 06:00:00,60.09951880255838,0a820e12-033b-45d6-9ef9-d70f4c5e5b63,39.889883,-111.2494615
2017-05-13 06:00:00,72.39249285054505,0a820e12-033b-45d6-9ef9-d70f4c5e5b63,39.889883,-111.2494615
2017-05-14 06:00:00,56.8633312522734,0a820e12-033b-45d6-9ef9-d70f4c5e5b63,39.889883,-111.2494615
2017-05-15 06:00:00,52.92261942770759,0a820e12-033b-45d6-9ef9-d70f4c5e5b63,39.889883,-111.2494615
2017-05-16 06:00:00,62.90452321615211,0a820e12-033b-45d6-9ef9-d70f4c5e5b63,39.889883,-111.2494615
2017-05-17 06:00:00,78.70202276910923,0a820e12-033b-45d6-9ef9-d70f4c5e5b63,39.889883,-111.2494615
2017-05-18 06:00:00,75.65225946685233,0a820e12-033b-45d6-9ef9-d70f4c5e5b63,39.889883,-111.2494615
2017-05-19 06:00:00,67.1130895091434,0a820e12-033b-45d6-9ef9-d70f4c5e5b63,39.889883,-111.2494615
2017-05-20 06:00:00,62.65178178891869,0a820e12-033b-45d6-9ef9-d70f4c5e5b63,39.889883,-111.2494615
2017-05-21 06:00:00,63.6176130204848,0a820e12-033b-45d6-9ef9-d70f4c5e5b63,39.889883,-111.2494615
2017-05-22 06:00:00,67.9246376191801,0a820e12-033b-45d6-9ef9-d70f4c5e5b63,39.889883,-111.2494615
2017-05-23 06:00:00,66.35428223596155,0a820e12-033b-45d6-9ef9-d70f4c5e5b63,39.889883,-111.2494615
2017-05-24 06:00:00,58.56987371802674,0a820e12-033b-45d6-9ef9-d70f4c5e5b63,39.889883,-111.2494615
2017-05-25 06:00:00,65.04023062712419,0a820e12-033b-45d6-9ef9-d70f4c5e5b63,39.889883,-111.2494615
2017-05-26 06:00:00,62.676419703288076,0a820e12-033b-45d6-9ef9-d70f4c5e5b63,39.889883,-111.2494615
2017-05-27 06:00:00,62.26082728572254,0a820e12-033b-45d6-9ef9-d70f4c5e5b63,39.889883,-111.2494615
2017-05-28 06:00:00,54.15428329409029,0a820e12-033b-45d6-9ef9-d70f4c5e5b63,39.889883,-111.2494615
2017-05-29 06:00:00,48.30202124323033,0a820e12-033b-45d6-9ef9-d70f4c5e5b63,39.889883,-111.2494615
2017-05-30 06:00:00,45.838209851644045,0a820e12-033b-45d6-9ef9-d70f4c5e5b63,39.889883,-111.2494615
2017-05-31 06:00:00,49.70606279419063,0a820e12-033b-45d6-9ef9-d70f4c5e5b63,39.889883,-111.2494615
2017-06-01 06:00:00,60.72415900574612,0a820e12-033b-45d6-9ef9-d70f4c5e5b63,39.889883,-111.2494615
2017-06-02 06:00:00,72.18796840370332,0a820e12-033b-45d6-9ef9-d70f4c5e5b63,39.889883,-111.2494615
2017-06-03 06:00:00,43.342733362985406,0a820e12-033b-45d6-9ef9-d70f4c5e5b63,39.889883,-111.2494615
2017-06-04 06:00:00,41.640230922313464,0a820e12-033b-45d6-9ef9-d70f4c5e5b63,39.889883,-111.2494615
2017-06-05 06:00:00,49.138209088704585,0a820e12-033b-45d6-9ef9-d70f4c5e5b63,39.889883,-111.2494615
2017-06-06 06:00:00,48.32213746732651,0a820e12-033b-45d6-9ef9-d70f4c5e5b63,39.889883,-111.2494615
2017-06-07 06:00:00,42.32666097866789,0a820e12-033b-45d6-9ef9-d70f4c5e5b63,39.889883,-111.2494615
2017-06-08 06:00:00,38.65177979528961,0a820e12-033b-45d6-9ef9-d70f4c5e5b63,39.889883,-111.2494615
2017-06-09 06:00:00,40.64725810501642,0a820e12-033b-45d6-9ef9-d70f4c5e5b63,39.889883,-111.2494615
2017-06-10 06:00:00,48.62213670438707,0a820e12-033b-45d6-9ef9-d70f4c5e5b63,39.889883,-111.2494615
2017-06-11 06:00:00,50.09047160731472,0a820e12-033b-45d6-9ef9-d70f4c5e5b63,39.889883,-111.2494615
2017-06-12 06:00:00,49.709047958183106,0a820e12-033b-45d6-9ef9-d70f4c5e5b63,39.889883,-111.2494615
2017-06-13 06:00:00,67.74071288269454,0a820e12-033b-45d6-9ef9-d70f4c5e5b63,39.889883,-111.2494615
2017-06-14 06:00:00,67.14523427777846,0a820e12-033b-45d6-9ef9-d70f4c5e5b63,39.889883,-111.2494615
2017-06-15 06:00:00,55.04023062712419,0a820e12-033b-45d6-9ef9-d70f4c5e5b63,39.889883,-111.2494615
2017-06-16 06:00:00,56.204042781649925,0a820e12-033b-45d6-9ef9-d70f4c5e5b63,39.889883,-111.2494615
2017-06-17 06:00:00,68.11308950914342,0a820e12-033b-45d6-9ef9-d70f4c5e5b63,39.889883,-111.2494615
2017-06-18 06:00:00,65.46785523136495,0a820e12-033b-45d6-9ef9-d70f4c5e5b63,39.889883,-111.2494615
2017-06-19 06:00:00,55.0180943904873,0a820e12-033b-45d6-9ef9-d70f4c5e5b63,39.889883,-111.2494615
2017-06-20 06:00:00,47.21761348823497,0a820e12-033b-45d6-9ef9-d70f4c5e5b63,39.889883,-111.2494615
2017-06-21 06:00:00,50.447257342076966,0a820e12-033b-45d6-9ef9-d70f4c5e5b63,39.889883,-111.2494615
2017-06-22 06:00:00,52.804043076839214,0a820e12-033b-45d6-9ef9-d70f4c5e5b63,39.889883,-111.2494615
2017-06-23 06:00:00,41.94273383073559,0a820e12-033b-45d6-9ef9-d70f4c5e5b63,39.889883,-111.2494615
2017-06-24 06:00:00,44.96785523136496,0a820e12-033b-45d6-9ef9-d70f4c5e5b63,39.889883,-111.2494615
2017-06-25 06:00:00,39.70654628045062,0a820e12-033b-45d6-9ef9-d70f4c5e5b63,39.889883,-111.2494615
2017-06-26 06:00:00,42.4427338307356,0a820e12-033b-45d6-9ef9-d70f4c5e5b63,39.889883,-111.2494615
2017-06-27 06:00:00,45.77892167620985,0a820e12-033b-45d6-9ef9-d70f4c5e5b63,39.889883,-111.2494615
2017-06-28 06:00:00,45.999518334808215,0a820e12-033b-45d6-9ef9-d70f4c5e5b63,39.889883,-111.2494615
2017-06-29 06:00:00,46.699519097747654,0a820e12-033b-45d6-9ef9-d70f4c5e5b63,39.889883,-111.2494615
2017-06-30 06:00:00,44.14523427777846,0a820e12-033b-45d6-9ef9-d70f4c5e5b63,39.889883,-111.2494615
2017-07-01 06:00:00,47.349760545688376,0a820e12-033b-45d6-9ef9-d70f4c5e5b63,39.889883,-111.2494615
2017-07-02 06:00:00,39.542734125924866,0a820e12-033b-45d6-9ef9-d70f4c5e5b63,39.889883,-111.2494615
2017-07-03 06:00:00,44.33820985164404,0a820e12-033b-45d6-9ef9-d70f4c5e5b63,39.889883,-111.2494615
2017-07-04 06:00:00,42.27690166366915,0a820e12-033b-45d6-9ef9-d70f4c5e5b63,39.889883,-111.2494615
2017-07-05 06:00:00,41.14725810501643,0a820e12-033b-45d6-9ef9-d70f4c5e5b63,39.889883,-111.2494615
2017-07-06 06:00:00,42.38594915410208,0a820e12-033b-45d6-9ef9-d70f4c5e5b63,39.889883,-111.2494615
2017-07-07 06:00:00,46.415592245004625,0a820e12-033b-45d6-9ef9-d70f4c5e5b63,39.889883,-111.2494615
2017-07-08 06:00:00,48.94273383073559,0a820e12-033b-45d6-9ef9-d70f4c5e5b63,39.889883,-111.2494615
2017-07-09 06:00:00,52.25428376184046,0a820e12-033b-45d6-9ef9-d70f4c5e5b63,39.889883,-111.2494615
2017-07-10 06:00:00,56.461309713853794,0a820e12-033b-45d6-9ef9-d70f4c5e5b63,39.889883,-111.2494615
2017-07-11 06:00:00,63.98142212325271,0a820e12-033b-45d6-9ef9-d70f4c5e5b63,39.889883,-111.2494615
2017-07-12 06:00:00,70.60654780632953,0a820e12-033b-45d6-9ef9-d70f4c5e5b63,39.889883,-111.2494615
2017-07-13 06:00:00,65.96130589915653,0a820e12-033b-45d6-9ef9-d70f4c5e5b63,39.889883,-111.2494615
2017-07-14 06:00:00,62.50202001254069,0a820e12-033b-45d6-9ef9-d70f4c5e5b63,39.889883,-111.2494615
2017-07-15 06:00:00,57.79749755932805,0a820e12-033b-45d6-9ef9-d70f4c5e5b63,39.889883,-111.2494615
2017-07-16 06:00:00,50.0155927127548,0a820e12-033b-45d6-9ef9-d70f4c5e5b63,39.889883,-111.2494615
2017-07-17 06:00:00,55.922619427707595,0a820e12-033b-45d6-9ef9-d70f4c5e5b63,39.889883,-111.2494615
2017-07-18 06:00:00,64.7090479581831,0a820e12-033b-45d6-9ef9-d70f4c5e5b63,39.889883,-111.2494615
2017-07-19 06:00:00,65.89749984814641,0a820e12-033b-45d6-9ef9-d70f4c5e5b63,39.889883,-111.2494615
2017-07-20 06:00:00,68.26833413998823,0a820e12-033b-45d6-9ef9-d70f4c5e5b63,39.889883,-111.2494615
2017-07-21 06:00:00,72.71106979179199,0a820e12-033b-45d6-9ef9-d70f4c5e5b63,39.889883,-111.2494615
2017-07-22 06:00:00,74.15428528771936,0a820e12-033b-45d6-9ef9-d70f4c5e5b63,39.889883,-111.2494615
2017-07-23 06:00:00,53.39297434317595,0a820e12-033b-45d6-9ef9-d70f4c5e5b63,39.889883,-111.2494615
2017-07-24 06:00:00,63.69095356769581,0a820e12-033b-45d6-9ef9-d70f4c5e5b63,39.889883,-111.2494615
2017-07-25 06:00:00,76.98690896497769,0a820e12-033b-45d6-9ef9-d70f4c5e5b63,39.889883,-111.2494615
2017-07-26 06:00:00,83.65678696545186,0a820e12-033b-45d6-9ef9-d70f4c5e5b63,39.889883,-111.2494615
2017-07-27 06:00:00,72.16583398813464,0a820e12-033b-45d6-9ef9-d70f4c5e5b63,39.889883,-111.2494615
2017-07-28 06:00:00,66.93118296413037,0a820e12-033b-45d6-9ef9-d70f4c5e5b63,39.889883,-111.2494615
2017-07-29 06:00:00,66.0040400250814,0a820e12-033b-45d6-9ef9-d70f4c5e5b63,39.889883,-111.2494615
2017-07-30 06:00:00,60.20202077548015,0a820e12-033b-45d6-9ef9-d70f4c5e5b63,39.889883,-111.2494615
2017-07-31 06:00:00,54.76332896345504,0a820e12-033b-45d6-9ef9-d70f4c5e5b63,39.889883,-111.2494615
2017-08-01 06:00:00,55.61809468567658,0a820e12-033b-45d6-9ef9-d70f4c5e5b63,39.889883,-111.2494615
2017-08-02 06:00:00,49.483927615682475,0a820e12-033b-45d6-9ef9-d70f4c5e5b63,39.889883,-111.2494615
2017-08-03 06:00:00,55.31106826591308,0a820e12-033b-45d6-9ef9-d70f4c5e5b63,39.889883,-111.2494615
2017-08-04 06:00:00,72.27940334140165,0a820e12-033b-45d6-9ef9-d70f4c5e5b63,39.889883,-111.2494615
2017-08-05 06:00:00,81.47689861191134,0a820e12-033b-45d6-9ef9-d70f4c5e5b63,39.889883,-111.2494615
2017-08-06 06:00:00,74.43166280825398,0a820e12-033b-45d6-9ef9-d70f4c5e5b63,39.889883,-111.2494615
2017-08-07 06:00:00,77.80047890862326,0a820e12-033b-45d6-9ef9-d70f4c5e5b63,39.889883,-111.2494615
2017-08-08 06:00:00,74.47988377590383,0a820e12-033b-45d6-9ef9-d70f4c5e5b63,39.889883,-111.2494615
2017-08-09 06:00:00,78.27535932906208,0a820e12-033b-45d6-9ef9-d70f4c5e5b63,39.889883,-111.2494615
2017-08-10 06:00:00,68.46881457449038,0a820e12-033b-45d6-9ef9-d70f4c5e5b63,39.889883,-111.2494615
2017-08-11 06:00:00,64.84321303454813,0a820e12-033b-45d6-9ef9-d70f4c5e5b63,39.889883,-111.2494615
2017-08-12 06:00:00,72.23166586001179,0a820e12-033b-45d6-9ef9-d70f4c5e5b63,39.889883,-111.2494615
2017-08-13 06:00:00,69.288930208208,0a820e12-033b-45d6-9ef9-d70f4c5e5b63,39.889883,-111.2494615
2017-08-14 06:00:00,68.95678602995153,0a820e12-033b-45d6-9ef9-d70f4c5e5b63,39.889883,-111.2494615
2017-08-15 06:00:00,81.17487736868101,0a820e12-033b-45d6-9ef9-d70f4c5e5b63,39.889883,-111.2494615
2017-08-16 06:00:00,62.61809468567658,0a820e12-033b-45d6-9ef9-d70f4c5e5b63,39.889883,-111.2494615
2017-08-17 06:00:00,67.46785523136495,0a820e12-033b-45d6-9ef9-d70f4c5e5b63,39.889883,-111.2494615
2017-08-18 06:00:00,67.02011622409618,0a820e12-033b-45d6-9ef9-d70f4c5e5b63,39.889883,-111.2494615
2017-08-19 06:00:00,54.76332896345504,0a820e12-033b-45d6-9ef9-d70f4c5e5b63,39.889883,-111.2494615
2017-08-20 06:00:00,56.73166586001178,0a820e12-033b-45d6-9ef9-d70f4c5e5b63,39.889883,-111.2494615
2017-08-21 06:00:00,61.09297328504722,0a820e12-033b-45d6-9ef9-d70f4c5e5b63,39.889883,-111.2494615
2017-08-22 06:00:00,67.01154870041525,0a820e12-033b-45d6-9ef9-d70f4c5e5b63,39.889883,-111.2494615
2017-08-23 06:00:00,72.31356994364558,0a820e12-033b-45d6-9ef9-d70f4c5e5b63,39.889883,-111.2494615
2017-08-24 06:00:00,64.14071258750526,0a820e12-033b-45d6-9ef9-d70f4c5e5b63,39.889883,-111.2494615
2017-08-25 06:00:00,64.71559148206518,0a820e12-033b-45d6-9ef9-d70f4c5e5b63,39.889883,-111.2494615
2017-08-26 06:00:00,55.37940363659092,0a820e12-033b-45d6-9ef9-d70f4c5e5b63,39.889883,-111.2494615
2017-08-27 06:00:00,47.90202153841961,0a820e12-033b-45d6-9ef9-d70f4c5e5b63,39.889883,-111.2494615
2017-08-28 06:00:00,42.149759782748916,0a820e12-033b-45d6-9ef9-d70f4c5e5b63,39.889883,-111.2494615
2017-08-29 06:00:00,49.90202153841961,0a820e12-033b-45d6-9ef9-d70f4c5e5b63,39.889883,-111.2494615
2017-08-30 06:00:00,55.17738286111077,0a820e12-033b-45d6-9ef9-d70f4c5e5b63,39.889883,-111.2494615
2017-08-31 06:00:00,76.42463761918012,0a820e12-033b-45d6-9ef9-d70f4c5e5b63,39.889883,-111.2494615
2017-09-01 06:00:00,67.324639145059,0a820e12-033b-45d6-9ef9-d70f4c5e5b63,39.889883,-111.2494615
2017-09-02 06:00:00,55.88594915410208,0a820e12-033b-45d6-9ef9-d70f4c5e5b63,39.889883,-111.2494615
2017-09-03 06:00:00,52.533685109613025,0a820e12-033b-45d6-9ef9-d70f4c5e5b63,39.889883,-111.2494615
2017-09-04 06:00:00,43.25178208410797,0a820e12-033b-45d6-9ef9-d70f4c5e5b63,39.889883,-111.2494615
2017-09-05 06:00:00,42.03368510961303,0a820e12-033b-45d6-9ef9-d70f4c5e5b63,39.889883,-111.2494615
2017-09-06 06:00:00,47.70404278164993,0a820e12-033b-45d6-9ef9-d70f4c5e5b63,39.889883,-111.2494615
2017-09-07 06:00:00,59.24725657913753,0a820e12-033b-45d6-9ef9-d70f4c5e5b63,39.889883,-111.2494615
2017-09-08 06:00:00,68.74976025049908,0a820e12-033b-45d6-9ef9-d70f4c5e5b63,39.889883,-111.2494615
2017-09-09 06:00:00,85.78344336648304,0a820e12-033b-45d6-9ef9-d70f4c5e5b63,39.889883,-111.2494615
2017-09-10 06:00:00,87.5769007281688,0a820e12-033b-45d6-9ef9-d70f4c5e5b63,39.889883,-111.2494615
2017-09-11 06:00:00,68.52915960464257,0a820e12-033b-45d6-9ef9-d70f4c5e5b63,39.889883,-111.2494615
2017-09-12 06:00:00,65.4402321530031,0a820e12-033b-45d6-9ef9-d70f4c5e5b63,39.889883,-111.2494615
2017-09-13 06:00:00,65.06333019414468,0a820e12-033b-45d6-9ef9-d70f4c5e5b63,39.889883,-111.2494615
2017-09-14 06:00:00,75.43666980585535,0a820e12-033b-45d6-9ef9-d70f4c5e5b63,39.889883,-111.2494615
2017-09-15 06:00:00,100.0,0a820e12-033b-45d6-9ef9-d70f4c5e5b63,39.889883,-111.2494615
2017-09-16 06:00:00,73.37690013779024,0a820e12-033b-45d6-9ef9-d70f4c5e5b63,39.889883,-111.2494615
2017-09-17 06:00:00,60.92665945278898,0a820e12-033b-45d6-9ef9-d70f4c5e5b63,39.889883,-111.2494615
2017-09-18 06:00:00,64.406061563501,0a820e12-033b-45d6-9ef9-d70f4c5e5b63,39.889883,-111.2494615
2017-09-19 06:00:00,87.65678696545187,0a820e12-033b-45d6-9ef9-d70f4c5e5b63,39.889883,-111.2494615
2017-09-20 06:00:00,75.55428282634013,0a820e12-033b-45d6-9ef9-d70f4c5e5b63,39.889883,-111.2494615
2017-09-21 06:00:00,83.1602479863098,0a820e12-033b-45d6-9ef9-d70f4c5e5b63,39.889883,-111.2494615
2017-09-22 06:00:00,100.0,0a820e12-033b-45d6-9ef9-d70f4c5e5b63,39.889883,-111.2494615
2017-09-23 06:00:00,89.83464949812534,0a820e12-033b-45d6-9ef9-d70f4c5e5b63,39.889883,-111.2494615
2017-09-24 06:00:00,88.39095051593799,0a820e12-033b-45d6-9ef9-d70f4c5e5b63,39.889883,-111.2494615
2017-09-25 06:00:00,87.80452292096282,0a820e12-033b-45d6-9ef9-d70f4c5e5b63,39.889883,-111.2494615
2017-09-26 06:00:00,71.96333172002356,0a820e12-033b-45d6-9ef9-d70f4c5e5b63,39.889883,-111.2494615
2017-09-27 06:00:00,70.715589660997,0a820e12-033b-45d6-9ef9-d70f4c5e5b63,39.889883,-111.2494615
2017-09-28 06:00:00,78.72512016993973,0a820e12-033b-45d6-9ef9-d70f4c5e5b63,39.889883,-111.2494615
2017-09-29 06:00:00,79.75630559544935,0a820e12-033b-45d6-9ef9-d70f4c5e5b63,39.889883,-111.2494615
2017-09-30 06:00:00,70.38594716047301,0a820e12-033b-45d6-9ef9-d70f4c5e5b63,39.889883,-111.2494615
2017-10-01 06:00:00,80.80452292096281,0a820e12-033b-45d6-9ef9-d70f4c5e5b63,39.889883,-111.2494615
2017-10-02 06:00:00,77.79951956549783,0a820e12-033b-45d6-9ef9-d70f4c5e5b63,39.889883,-111.2494615
2017-10-03 06:00:00,77.58796992958223,0a820e12-033b-45d6-9ef9-d70f4c5e5b63,39.889883,-111.2494615
2017-10-04 06:00:00,75.04677415100628,0a820e12-033b-45d6-9ef9-d70f4c5e5b63,39.889883,-111.2494615
2017-10-05 06:00:00,69.2311823737518,0a820e12-033b-45d6-9ef9-d70f4c5e5b63,39.889883,-111.2494615
2017-10-06 06:00:00,74.14273260004597,0a820e12-033b-45d6-9ef9-d70f4c5e5b63,39.889883,-111.2494615
2017-10-07 06:00:00,66.66535050187466,0a820e12-033b-45d6-9ef9-d70f4c5e5b63,39.889883,-111.2494615
2017-10-08 06:00:00,77.28642853047552,0a820e12-033b-45d6-9ef9-d70f4c5e5b63,39.889883,-111.2494615
2017-10-09 06:00:00,74.86987494871636,0a820e12-033b-45d6-9ef9-d70f4c5e5b63,39.889883,-111.2494615
2017-10-10 06:00:00,63.37391679486596,0a820e12-033b-45d6-9ef9-d70f4c5e5b63,39.889883,-111.2494615
2017-10-11 06:00:00,49.78999070506239,0a820e12-033b-45d6-9ef9-d70f4c5e5b63,39.889883,-111.2494615
2017-10-12 06:00:00,62.43772865420242,0a820e12-033b-45d6-9ef9-d70f4c5e5b63,39.889883,-111.2494615
2017-10-13 06:00:00,49.45428253115084,0a820e12-033b-45d6-9ef9-d70f4c5e5b63,39.889883,-111.2494615
2017-10-14 06:00:00,65.83118266894108,0a820e12-033b-45d6-9ef9-d70f4c5e5b63,39.889883,-111.2494615
2017-10-15 06:00:00,39.651779795289606,0a820e12-033b-45d6-9ef9-d70f4c5e5b63,39.889883,-111.2494615
2017-10-16 06:00:00,31.603561731802948,0a820e12-033b-45d6-9ef9-d70f4c5e5b63,39.889883,-111.2494615
2017-10-17 06:00:00,32.31309027208286,0a820e12-033b-45d6-9ef9-d70f4c5e5b63,39.889883,-111.2494615
2017-10-18 06:00:00,38.30404307683921,0a820e12-033b-45d6-9ef9-d70f4c5e5b63,39.889883,-111.2494615
2017-10-19 06:00:00,47.75832378692186,0a820e12-033b-45d6-9ef9-d70f4c5e5b63,39.889883,-111.2494615
2017-10-20 06:00:00,93.67237569094851,0a820e12-033b-45d6-9ef9-d70f4c5e5b63,39.889883,-111.2494615
2017-10-21 06:00:00,70.54273412592488,0a820e12-033b-45d6-9ef9-d70f4c5e5b63,39.889883,-111.2494615
2017-10-22 06:00:00,75.70153928284927,0a820e12-033b-45d6-9ef9-d70f4c5e5b63,39.889883,-111.2494615
2017-10-23 06:00:00,73.85178055822907,0a820e12-033b-45d6-9ef9-d70f4c5e5b63,39.889883,-111.2494615
2017-10-24 06:00:00,54.2065462804506,0a820e12-033b-45d6-9ef9-d70f4c5e5b63,39.889883,-111.2494615
2017-10-25 06:00:00,45.87439846005775,0a820e12-033b-45d6-9ef9-d70f4c5e5b63,39.889883,-111.2494615
2017-10-26 06:00:00,67.5422506396649,0a820e12-033b-45d6-9ef9-d70f4c5e5b63,39.889883,-111.2494615
2017-10-27 06:00:00,69.14023092231346,0a820e12-033b-45d6-9ef9-d70f4c5e5b63,39.889883,-111.2494615
2017-10-28 06:00:00,81.54023244819237,0a820e12-033b-45d6-9ef9-d70f4c5e5b63,39.889883,-111.2494615
2017-10-29 06:00:00,73.22464067093792,0a820e12-033b-45d6-9ef9-d70f4c5e5b63,39.889883,-111.2494615
2017-10-30 06:00:00,75.90355806470032,0a820e12-033b-45d6-9ef9-d70f4c5e5b63,39.889883,-111.2494615
2017-10-31 06:00:00,77.27641817740916,0a820e12-033b-45d6-9ef9-d70f4c5e5b63,39.889883,-111.2494615
2017-11-01 06:00:00,56.722136999576335,0a820e12-033b-45d6-9ef9-d70f4c5e5b63,39.889883,-111.2494615
2017-11-02 06:00:00,61.31559194981536,0a820e12-033b-45d6-9ef9-d70f4c5e5b63,39.889883,-111.2494615
2017-11-03 06:00:00,70.35928923356292,0a820e12-033b-45d6-9ef9-d70f4c5e5b63,39.889883,-111.2494615
2017-11-04 06:00:00,66.9638112190254,0a820e12-033b-45d6-9ef9-d70f4c5e5b63,39.889883,-111.2494615
2017-11-05 06:00:00,70.5160761990148,0a820e12-033b-45d6-9ef9-d70f4c5e5b63,39.889883,-111.2494615
2017-11-06 06:00:00,73.13570741097209,0a820e12-033b-45d6-9ef9-d70f4c5e5b63,39.889883,-111.2494615
2017-11-07 06:00:00,87.57892290689946,0a820e12-033b-45d6-9ef9-d70f4c5e5b63,39.889883,-111.2494615
2017-11-08 06:00:00,47.49047313319363,0a820e12-033b-45d6-9ef9-d70f4c5e5b63,39.889883,-111.2494615
2017-11-09 06:00:00,67.7101046403402,0a820e12-033b-45d6-9ef9-d70f4c5e5b63,39.889883,-111.2494615
2017-11-10 06:00:00,59.78999070506238,0a820e12-033b-45d6-9ef9-d70f4c5e5b63,39.889883,-111.2494615
2017-11-11 06:00:00,68.48546613559228,0a820e12-033b-45d6-9ef9-d70f4c5e5b63,39.889883,-111.2494615
2017-11-12 06:00:00,59.321655802134714,0a820e12-033b-45d6-9ef9-d70f4c5e5b63,39.889883,-111.2494615
2017-11-13 06:00:00,49.117131527853886,0a820e12-033b-45d6-9ef9-d70f4c5e5b63,39.889883,-111.2494615
2017-11-14 06:00:00,54.45832454986132,0a820e12-033b-45d6-9ef9-d70f4c5e5b63,39.889883,-111.2494615
2017-11-15 06:00:00,54.40606355713009,0a820e12-033b-45d6-9ef9-d70f4c5e5b63,39.889883,-111.2494615
2017-11-16 06:00:00,61.962850054831776,0a820e12-033b-45d6-9ef9-d70f4c5e5b63,39.889883,-111.2494615
2017-11-17 06:00:00,100.0,0a820e12-033b-45d6-9ef9-d70f4c5e5b63,39.889883,-111.2494615
2017-11-18 06:00:00,72.4180959163662,0a820e12-033b-45d6-9ef9-d70f4c5e5b63,39.889883,-111.2494615
2017-11-19 06:00:00,53.494994823466826,0a820e12-033b-45d6-9ef9-d70f4c5e5b63,39.889883,-111.2494615
2017-11-20 06:00:00,54.41761425117441,0a820e12-033b-45d6-9ef9-d70f4c5e5b63,39.889883,-111.2494615
2017-11-21 06:00:00,73.63070405550711,0a820e12-033b-45d6-9ef9-d70f4c5e5b63,39.889883,-111.2494615
2017-11-22 06:00:00,77.58094474050837,0a820e12-033b-45d6-9ef9-d70f4c5e5b63,39.889883,-111.2494615
2017-11-23 06:00:00,69.14023092231346,0a820e12-033b-45d6-9ef9-d70f4c5e5b63,39.889883,-111.2494615
2017-11-24 06:00:00,62.906061563501,0a820e12-033b-45d6-9ef9-d70f4c5e5b63,39.889883,-111.2494615
2017-11-25 06:00:00,56.45380285958812,0a820e12-033b-45d6-9ef9-d70f4c5e5b63,39.889883,-111.2494615
2017-11-26 06:00:00,53.54677614463534,0a820e12-033b-45d6-9ef9-d70f4c5e5b63,39.889883,-111.2494615
2017-11-27 06:00:00,74.1316673858907,0a820e12-033b-45d6-9ef9-d70f4c5e5b63,39.889883,-111.2494615
2017-11-28 06:00:00,74.0155927127548,0a820e12-033b-45d6-9ef9-d70f4c5e5b63,39.889883,-111.2494615
2017-11-29 06:00:00,62.08998994212293,0a820e12-033b-45d6-9ef9-d70f4c5e5b63,39.889883,-111.2494615
2017-11-30 06:00:00,72.80808310192062,0a820e12-033b-45d6-9ef9-d70f4c5e5b63,39.889883,-111.2494615
2017-12-01 06:00:00,65.78094168875056,0a820e12-033b-45d6-9ef9-d70f4c5e5b63,39.889883,-111.2494615
2017-12-02 06:00:00,65.91058906210054,0a820e12-033b-45d6-9ef9-d70f4c5e5b63,39.889883,-111.2494615
2017-12-03 06:00:00,87.72810169179584,0a820e12-033b-45d6-9ef9-d70f4c5e5b63,39.889883,-111.2494615
2017-12-04 06:00:00,98.9025032036114,0a820e12-033b-45d6-9ef9-d70f4c5e5b63,39.889883,-111.2494615
2017-12-05 06:00:00,90.46381121902539,0a820e12-033b-45d6-9ef9-d70f4c5e5b63,39.889883,-111.2494615
2017-12-06 06:00:00,79.93368464186285,0a820e12-033b-45d6-9ef9-d70f4c5e5b63,39.889883,-111.2494615
2017-12-07 06:00:00,75.2909520418169,0a820e12-033b-45d6-9ef9-d70f4c5e5b63,39.889883,-111.2494615
2017-12-08 06:00:00,58.87488012524955,0a820e12-033b-45d6-9ef9-d70f4c5e5b63,39.889883,-111.2494615
2017-12-09 06:00:00,45.170355678407816,0a820e12-033b-45d6-9ef9-d70f4c5e5b63,39.889883,-111.2494615
2017-12-10 06:00:00,32.861307425035434,0a820e12-033b-45d6-9ef9-d70f4c5e5b63,39.889883,-111.2494615
2017-12-11 06:00:00,25.727141265575423,0a820e12-033b-45d6-9ef9-d70f4c5e5b63,39.889883,-111.2494615
2017-12-12 06:00:00,31.10654399163225,0a820e12-033b-45d6-9ef9-d70f4c5e5b63,39.889883,-111.2494615
2017-12-13 06:00:00,40.65678497182279,0a820e12-033b-45d6-9ef9-d70f4c5e5b63,39.889883,-111.2494615
2017-12-14 06:00:00,81.21357146952448,0a820e12-033b-45d6-9ef9-d70f4c5e5b63,39.889883,-111.2494615
2017-12-15 06:00:00,40.84321502817721,0a820e12-033b-45d6-9ef9-d70f4c5e5b63,39.889883,-111.2494615
2017-12-16 06:00:00,47.54571746884916,0a820e12-033b-45d6-9ef9-d70f4c5e5b63,39.889883,-111.2494615
2017-12-17 06:00:00,77.88941216858909,0a820e12-033b-45d6-9ef9-d70f4c5e5b63,39.889883,-111.2494615
2017-12-18 06:00:00,80.14668109442204,0a820e12-033b-45d6-9ef9-d70f4c5e5b63,39.889883,-111.2494615
2017-12-19 06:00:00,72.44273565180379,0a820e12-033b-45d6-9ef9-d70f4c5e5b63,39.889883,-111.2494615
2017-12-20 06:00:00,68.92810626943256,0a820e12-033b-45d6-9ef9-d70f4c5e5b63,39.889883,-111.2494615
2017-12-21 06:00:00,99.21607314725698,0a820e12-033b-45d6-9ef9-d70f4c5e5b63,39.889883,-111.2494615
2017-12-22 06:00:00,90.20298211223466,0a820e12-033b-45d6-9ef9-d70f4c5e5b63,39.889883,-111.2494615
2017-12-23 06:00:00,97.89951803961893,0a820e12-033b-45d6-9ef9-d70f4c5e5b63,39.889883,-111.2494615
2017-12-24 06:00:00,85.56082851641219,0a820e12-033b-45d6-9ef9-d70f4c5e5b63,39.889883,-111.2494615
2017-12-25 06:00:00,74.46130589915653,0a820e12-033b-45d6-9ef9-d70f4c5e5b63,39.889883,-111.2494615
2017-12-26 06:00:00,70.9060633845692,0a820e12-033b-45d6-9ef9-d70f4c5e5b63,39.889883,-111.2494615
2017-12-27 06:00:00,47.897016361886436,0a820e12-033b-45d6-9ef9-d70f4c5e5b63,39.889883,-111.2494615
2017-12-28 06:00:00,43.11308950914341,0a820e12-033b-45d6-9ef9-d70f4c5e5b63,39.889883,-111.2494615
2017-12-29 06:00:00,37.23820938389387,0a820e12-033b-45d6-9ef9-d70f4c5e5b63,39.889883,-111.2494615
2017-12-30 06:00:00,37.67690119591898,0a820e12-033b-45d6-9ef9-d70f4c5e5b63,39.889883,-111.2494615
2017-12-31 06:00:00,88.36987494871637,0a820e12-033b-45d6-9ef9-d70f4c5e5b63,39.889883,-111.2494615
2018-01-01 06:00:00,69.6517836099869,0a820e12-033b-45d6-9ef9-d70f4c5e5b63,39.889883,-111.2494615
2018-01-02 06:00:00,60.22964385384201,0a820e12-033b-45d6-9ef9-d70f4c5e5b63,39.889883,-111.2494615
2018-01-03 06:00:00,34.3834456553014,0a820e12-033b-45d6-9ef9-d70f4c5e5b63,39.889883,-111.2494615
2018-01-04 06:00:00,42.697497264138775,0a820e12-033b-45d6-9ef9-d70f4c5e5b63,39.889883,-111.2494615
2018-01-05 06:00:00,55.2085662929913,0a820e12-033b-45d6-9ef9-d70f4c5e5b63,39.889883,-111.2494615
2018-01-06 06:00:00,75.39297633680505,0a820e12-033b-45d6-9ef9-d70f4c5e5b63,39.889883,-111.2494615
2018-01-07 06:00:00,83.1291657081582,0a820e12-033b-45d6-9ef9-d70f4c5e5b63,39.889883,-111.2494615
2018-01-08 06:00:00,71.74273107416705,0a820e12-033b-45d6-9ef9-d70f4c5e5b63,39.889883,-111.2494615
2018-01-09 06:00:00,82.08190408363379,0a820e12-033b-45d6-9ef9-d70f4c5e5b63,39.889883,-111.2494615
2018-01-10 06:00:00,100.0,0a820e12-033b-45d6-9ef9-d70f4c5e5b63,39.889883,-111.2494615
2018-01-11 06:00:00,76.88488865724773,0a820e12-033b-45d6-9ef9-d70f4c5e5b63,39.889883,-111.2494615
2018-01-12 06:00:00,93.84975872462019,0a820e12-033b-45d6-9ef9-d70f4c5e5b63,39.889883,-111.2494615
2018-01-13 06:00:00,82.74773807176841,0a820e12-033b-45d6-9ef9-d70f4c5e5b63,39.889883,-111.2494615
2018-01-14 06:00:00,74.93416812812283,0a820e12-033b-45d6-9ef9-d70f4c5e5b63,39.889883,-111.2494615
2018-01-15 06:00:00,73.15822979483728,0a820e12-033b-45d6-9ef9-d70f4c5e5b63,39.889883,-111.2494615
2018-01-16 06:00:00,89.95226251861013,0a820e12-033b-45d6-9ef9-d70f4c5e5b63,39.889883,-111.2494615
2018-01-17 06:00:00,79.47536026456243,0a820e12-033b-45d6-9ef9-d70f4c5e5b63,39.889883,-111.2494615
2018-01-18 06:00:00,70.95678602995153,0a820e12-033b-45d6-9ef9-d70f4c5e5b63,39.889883,-111.2494615
2018-01-19 06:00:00,81.07035538321854,0a820e12-033b-45d6-9ef9-d70f4c5e5b63,39.889883,-111.2494615
2018-01-20 06:00:00,95.92357877083303,0a820e12-033b-45d6-9ef9-d70f4c5e5b63,39.889883,-111.2494615
2018-01-21 06:00:00,100.0,0a820e12-033b-45d6-9ef9-d70f4c5e5b63,39.889883,-111.2494615
2018-01-22 06:00:00,100.0,0a820e12-033b-45d6-9ef9-d70f4c5e5b63,39.889883,-111.2494615
2018-01-23 06:00:00,86.69653592738426,0a820e12-033b-45d6-9ef9-d70f4c5e5b63,39.889883,-111.2494615
2018-01-24 06:00:00,70.80105791284673,0a820e12-033b-45d6-9ef9-d70f4c5e5b63,39.889883,-111.2494615
2018-01-25 06:00:00,65.7904703766251,0a820e12-033b-45d6-9ef9-d70f4c5e5b63,39.889883,-111.2494615
2018-01-26 06:00:00,98.56785370548604,0a820e12-033b-45d6-9ef9-d70f4c5e5b63,39.889883,-111.2494615
2018-01-27 06:00:00,85.17487736868101,0a820e12-033b-45d6-9ef9-d70f4c5e5b63,39.889883,-111.2494615
2018-01-28 06:00:00,79.06785370548603,0a820e12-033b-45d6-9ef9-d70f4c5e5b63,39.889883,-111.2494615
2018-01-29 06:00:00,70.18142670088943,0a820e12-033b-45d6-9ef9-d70f4c5e5b63,39.889883,-111.2494615
2018-01-30 06:00:00,51.24475490140502,0a820e12-033b-45d6-9ef9-d70f4c5e5b63,39.889883,-111.2494615
2018-01-31 06:00:00,39.06381168677557,0a820e12-033b-45d6-9ef9-d70f4c5e5b63,39.889883,-111.2494615
2018-02-01 06:00:00,50.54071229231598,0a820e12-033b-45d6-9ef9-d70f4c5e5b63,39.889883,-111.2494615
2018-02-02 06:00:00,68.49095297731725,0a820e12-033b-45d6-9ef9-d70f4c5e5b63,39.889883,-111.2494615
2018-02-03 06:00:00,62.43012446090506,0a820e12-033b-45d6-9ef9-d70f4c5e5b63,39.889883,-111.2494615
2018-02-04 06:00:00,60.69095356769581,0a820e12-033b-45d6-9ef9-d70f4c5e5b63,39.889883,-111.2494615
2018-02-05 06:00:00,75.32059513271946,0a820e12-033b-45d6-9ef9-d70f4c5e5b63,39.889883,-111.2494615
2018-02-06 06:00:00,83.77690166366914,0a820e12-033b-45d6-9ef9-d70f4c5e5b63,39.889883,-111.2494615
2018-02-07 06:00:00,77.85178055822908,0a820e12-033b-45d6-9ef9-d70f4c5e5b63,39.889883,-111.2494615
2018-02-08 06:00:00,66.01106920141345,0a820e12-033b-45d6-9ef9-d70f4c5e5b63,39.889883,-111.2494615
2018-02-09 06:00:00,53.43821014683331,0a820e12-033b-45d6-9ef9-d70f4c5e5b63,39.889883,-111.2494615
2018-02-10 06:00:00,98.42463761918012,0a820e12-033b-45d6-9ef9-d70f4c5e5b63,39.889883,-111.2494615
2018-02-11 06:00:00,92.71607314725698,0a820e12-033b-45d6-9ef9-d70f4c5e5b63,39.889883,-111.2494615
2018-02-12 06:00:00,64.75178208410797,0a820e12-033b-45d6-9ef9-d70f4c5e5b63,39.889883,-111.2494615
2018-02-13 06:00:00,92.07844306277586,0a820e12-033b-45d6-9ef9-d70f4c5e5b63,39.889883,-111.2494615
2018-02-14 06:00:00,77.29547555315827,0a820e12-033b-45d6-9ef9-d70f4c5e5b63,39.889883,-111.2494615
2018-02-15 06:00:00,100.0,0a820e12-033b-45d6-9ef9-d70f4c5e5b63,39.889883,-111.2494615
2018-02-16 06:00:00,100.0,0a820e12-033b-45d6-9ef9-d70f4c5e5b63,39.889883,-111.2494615
2018-02-17 06:00:00,79.66284882414215,0a820e12-033b-45d6-9ef9-d70f4c5e5b63,39.889883,-111.2494615
2018-02-18 06:00:00,56.667852179607145,0a820e12-033b-45d6-9ef9-d70f4c5e5b63,39.889883,-111.2494615
2018-02-19 06:00:00,100.0,0a820e12-033b-45d6-9ef9-d70f4c5e5b63,39.889883,-111.2494615
2018-02-20 06:00:00,100.0,0a820e12-033b-45d6-9ef9-d70f4c5e5b63,39.889883,-111.2494615
2018-02-21 06:00:00,100.0,0a820e12-033b-45d6-9ef9-d70f4c5e5b63,39.889883,-111.2494615
2018-02-22 06:00:00,92.90654322869278,0a820e12-033b-45d6-9ef9-d70f4c5e5b63,39.889883,-111.2494615
2018-02-23 06:00:00,100.0,0a820e12-033b-45d6-9ef9-d70f4c5e5b63,39.889883,-111.2494615
2018-02-24 06:00:00,93.98748796920117,0a820e12-033b-45d6-9ef9-d70f4c5e5b63,39.889883,-111.2494615
2018-02-25 06:00:00,85.65880879906076,0a820e12-033b-45d6-9ef9-d70f4c5e5b63,39.889883,-111.2494615
2018-02-26 06:00:00,69.96583339775607,0a820e12-033b-45d6-9ef9-d70f4c5e5b63,39.889883,-111.2494615
2018-02-27 06:00:00,80.31405342990557,0a820e12-033b-45d6-9ef9-d70f4c5e5b63,39.889883,-111.2494615
2018-02-28 06:00:00,81.24167621307812,0a820e12-033b-45d6-9ef9-d70f4c5e5b63,39.889883,-111.2494615
2018-03-01 06:00:00,72.44023033193491,0a820e12-033b-45d6-9ef9-d70f4c5e5b63,39.889883,-111.2494615
2018-03-02 06:00:00,74.16987401321602,0a820e12-033b-45d6-9ef9-d70f4c5e5b63,39.889883,-111.2494615
2018-03-03 06:00:00,72.21607314725698,0a820e12-033b-45d6-9ef9-d70f4c5e5b63,39.889883,-111.2494615
2018-03-04 06:00:00,81.22261485007087,0a820e12-033b-45d6-9ef9-d70f4c5e5b63,39.889883,-111.2494615
2018-03-05 06:00:00,88.26737479686278,0a820e12-033b-45d6-9ef9-d70f4c5e5b63,39.889883,-111.2494615
2018-03-06 06:00:00,84.22059665859835,0a820e12-033b-45d6-9ef9-d70f4c5e5b63,39.889883,-111.2494615
2018-03-07 06:00:00,60.97488042043883,0a820e12-033b-45d6-9ef9-d70f4c5e5b63,39.889883,-111.2494615
2018-03-08 06:00:00,58.722136999576335,0a820e12-033b-45d6-9ef9-d70f4c5e5b63,39.889883,-111.2494615
2018-03-09 06:00:00,52.1698760068451,0a820e12-033b-45d6-9ef9-d70f4c5e5b63,39.889883,-111.2494615
2018-03-10 06:00:00,60.08142441207108,0a820e12-033b-45d6-9ef9-d70f4c5e5b63,39.889883,-111.2494615
2018-03-11 06:00:00,48.87439846005775,0a820e12-033b-45d6-9ef9-d70f4c5e5b63,39.889883,-111.2494615
2018-03-12 06:00:00,57.82666097866789,0a820e12-033b-45d6-9ef9-d70f4c5e5b63,39.889883,-111.2494615
2018-03-13 06:00:00,60.69451591484357,0a820e12-033b-45d6-9ef9-d70f4c5e5b63,39.889883,-111.2494615
2018-03-14 06:00:00,75.99249132466615,0a820e12-033b-45d6-9ef9-d70f4c5e5b63,39.889883,-111.2494615
2018-03-15 06:00:00,84.74725857276658,0a820e12-033b-45d6-9ef9-d70f4c5e5b63,39.889883,-111.2494615
2018-03-16 06:00:00,84.93118296413037,0a820e12-033b-45d6-9ef9-d70f4c5e5b63,39.889883,-111.2494615
2018-03-17 06:00:00,72.5361887809746,0a820e12-033b-45d6-9ef9-d70f4c5e5b63,39.889883,-111.2494615
2018-03-18 06:00:00,78.16583398813462,0a820e12-033b-45d6-9ef9-d70f4c5e5b63,39.889883,-111.2494615
2018-03-19 06:00:00,74.0769007281688,0a820e12-033b-45d6-9ef9-d70f4c5e5b63,39.889883,-111.2494615
2018-03-20 06:00:00,74.46130589915653,0a820e12-033b-45d6-9ef9-d70f4c5e5b63,39.889883,-111.2494615
2018-03-21 06:00:00,62.30202124323032,0a820e12-033b-45d6-9ef9-d70f4c5e5b63,39.889883,-111.2494615
2018-03-22 06:00:00,75.26333078452322,0a820e12-033b-45d6-9ef9-d70f4c5e5b63,39.889883,-111.2494615
2018-03-23 06:00:00,80.75332043145687,0a820e12-033b-45d6-9ef9-d70f4c5e5b63,39.889883,-111.2494615
2018-03-24 06:00:00,62.36987494871638,0a820e12-033b-45d6-9ef9-d70f4c5e5b63,39.889883,-111.2494615
2018-03-25 06:00:00,71.52714141317006,0a820e12-033b-45d6-9ef9-d70f4c5e5b63,39.889883,-111.2494615
2018-03-26 06:00:00,84.84071135681563,0a820e12-033b-45d6-9ef9-d70f4c5e5b63,39.889883,-111.2494615
2018-03-27 06:00:00,82.0844057613663,0a820e12-033b-45d6-9ef9-d70f4c5e5b63,39.889883,-111.2494615
2018-03-28 06:00:00,63.110587831410925,0a820e12-033b-45d6-9ef9-d70f4c5e5b63,39.889883,-111.2494615
2018-03-29 06:00:00,60.87189678232525,0a820e12-033b-45d6-9ef9-d70f4c5e5b63,39.889883,-111.2494615
2018-03-30 06:00:00,67.79249437642395,0a820e12-033b-45d6-9ef9-d70f4c5e5b63,39.889883,-111.2494615
2018-03-31 06:00:00,59.83320467511086,0a820e12-033b-45d6-9ef9-d70f4c5e5b63,39.889883,-111.2494615
2018-04-01 06:00:00,53.71308798326451,0a820e12-033b-45d6-9ef9-d70f4c5e5b63,39.889883,-111.2494615
2018-04-02 06:00:00,98.5201162240962,0a820e12-033b-45d6-9ef9-d70f4c5e5b63,39.889883,-111.2494615
2018-04-03 06:00:00,60.745236566596816,0a820e12-033b-45d6-9ef9-d70f4c5e5b63,39.889883,-111.2494615
2018-04-04 06:00:00,46.208566292991314,0a820e12-033b-45d6-9ef9-d70f4c5e5b63,39.889883,-111.2494615
2018-04-05 06:00:00,66.66034532534147,0a820e12-033b-45d6-9ef9-d70f4c5e5b63,39.889883,-111.2494615
2018-04-06 06:00:00,65.05880850387146,0a820e12-033b-45d6-9ef9-d70f4c5e5b63,39.889883,-111.2494615
2018-04-07 06:00:00,94.91260907464125,0a820e12-033b-45d6-9ef9-d70f4c5e5b63,39.889883,-111.2494615
2018-04-08 06:00:00,72.2859486863519,0a820e12-033b-45d6-9ef9-d70f4c5e5b63,39.889883,-111.2494615
2018-04-09 06:00:00,72.94927735461768,0a820e12-033b-45d6-9ef9-d70f4c5e5b63,39.889883,-111.2494615
2018-04-10 06:00:00,66.1924919150447,0a820e12-033b-45d6-9ef9-d70f4c5e5b63,39.889883,-111.2494615
2018-04-11 06:00:00,49.263328963455045,0a820e12-033b-45d6-9ef9-d70f4c5e5b63,39.889883,-111.2494615
2018-04-12 06:00:00,76.39749984814641,0a820e12-033b-45d6-9ef9-d70f4c5e5b63,39.889883,-111.2494615
2018-04-13 06:00:00,72.3025047294903,0a820e12-033b-45d6-9ef9-d70f4c5e5b63,39.889883,-111.2494615
2018-04-14 06:00:00,81.30452292096284,0a820e12-033b-45d6-9ef9-d70f4c5e5b63,39.889883,-111.2494615
2018-04-15 06:00:00,54.5949951186561,0a820e12-033b-45d6-9ef9-d70f4c5e5b63,39.889883,-111.2494615
2018-04-16 06:00:00,56.542734125924866,0a820e12-033b-45d6-9ef9-d70f4c5e5b63,39.889883,-111.2494615
2018-04-17 06:00:00,84.90654322869278,0a820e12-033b-45d6-9ef9-d70f4c5e5b63,39.889883,-111.2494615
2018-04-18 06:00:00,67.90201971735142,0a820e12-033b-45d6-9ef9-d70f4c5e5b63,39.889883,-111.2494615
2018-04-19 06:00:00,35.542734125924866,0a820e12-033b-45d6-9ef9-d70f4c5e5b63,39.889883,-111.2494615
2018-04-20 06:00:00,68.42011774997509,0a820e12-033b-45d6-9ef9-d70f4c5e5b63,39.889883,-111.2494615
2018-04-21 06:00:00,66.1538018014594,0a820e12-033b-45d6-9ef9-d70f4c5e5b63,39.889883,-111.2494615
2018-04-22 06:00:00,57.4995183348082,0a820e12-033b-45d6-9ef9-d70f4c5e5b63,39.889883,-111.2494615
2018-04-23 06:00:00,62.95380086595904,0a820e12-033b-45d6-9ef9-d70f4c5e5b63,39.889883,-111.2494615
2018-04-24 06:00:00,57.719633500775664,0a820e12-033b-45d6-9ef9-d70f4c5e5b63,39.889883,-111.2494615
2018-04-25 06:00:00,56.19249390867378,0a820e12-033b-45d6-9ef9-d70f4c5e5b63,39.889883,-111.2494615
2018-04-26 06:00:00,54.45177903235015,0a820e12-033b-45d6-9ef9-d70f4c5e5b63,39.889883,-111.2494615
2018-04-27 06:00:00,46.085948095973336,0a820e12-033b-45d6-9ef9-d70f4c5e5b63,39.889883,-111.2494615
2018-04-28 06:00:00,41.52916341933984,0a820e12-033b-45d6-9ef9-d70f4c5e5b63,39.889883,-111.2494615
2018-04-29 06:00:00,45.443213502298306,0a820e12-033b-45d6-9ef9-d70f4c5e5b63,39.889883,-111.2494615
2018-04-30 06:00:00,70.86332925864433,0a820e12-033b-45d6-9ef9-d70f4c5e5b63,39.889883,-111.2494615
2018-05-01 06:00:00,63.74523457296774,0a820e12-033b-45d6-9ef9-d70f4c5e5b63,39.889883,-111.2494615
2018-05-02 06:00:00,68.10904948406201,0a820e12-033b-45d6-9ef9-d70f4c5e5b63,39.889883,-111.2494615
2018-05-03 06:00:00,76.5538033273383,0a820e12-033b-45d6-9ef9-d70f4c5e5b63,39.889883,-111.2494615
2018-05-04 06:00:00,60.51761272529551,0a820e12-033b-45d6-9ef9-d70f4c5e5b63,39.889883,-111.2494615
2018-05-05 06:00:00,50.660826990533266,0a820e12-033b-45d6-9ef9-d70f4c5e5b63,39.889883,-111.2494615
2018-05-06 06:00:00,39.52011622409619,0a820e12-033b-45d6-9ef9-d70f4c5e5b63,39.889883,-111.2494615
2018-05-07 06:00:00,39.14725810501642,0a820e12-033b-45d6-9ef9-d70f4c5e5b63,39.889883,-111.2494615
2018-05-08 06:00:00,52.03821061458349,0a820e12-033b-45d6-9ef9-d70f4c5e5b63,39.889883,-111.2494615
2018-05-09 06:00:00,38.981424116881804,0a820e12-033b-45d6-9ef9-d70f4c5e5b63,39.889883,-111.2494615
2018-05-10 06:00:00,45.663330489333944,0a820e12-033b-45d6-9ef9-d70f4c5e5b63,39.889883,-111.2494615
2018-05-11 06:00:00,78.73214934627177,0a820e12-033b-45d6-9ef9-d70f4c5e5b63,39.889883,-111.2494615
2018-05-12 06:00:00,82.58796992958223,0a820e12-033b-45d6-9ef9-d70f4c5e5b63,39.889883,-111.2494615
2018-05-13 06:00:00,57.27439998593665,0a820e12-033b-45d6-9ef9-d70f4c5e5b63,39.889883,-111.2494615
2018-05-14 06:00:00,57.933686635491945,0a820e12-033b-45d6-9ef9-d70f4c5e5b63,39.889883,-111.2494615
2018-05-15 06:00:00,62.26332896345504,0a820e12-033b-45d6-9ef9-d70f4c5e5b63,39.889883,-111.2494615
2018-05-16 06:00:00,55.35428223596156,0a820e12-033b-45d6-9ef9-d70f4c5e5b63,39.889883,-111.2494615
2018-05-17 06:00:00,39.89297434317595,0a820e12-033b-45d6-9ef9-d70f4c5e5b63,39.889883,-111.2494615
2018-05-18 06:00:00,54.5949951186561,0a820e12-033b-45d6-9ef9-d70f4c5e5b63,39.889883,-111.2494615
2018-05-19 06:00:00,69.82011563371762,0a820e12-033b-45d6-9ef9-d70f4c5e5b63,39.889883,-111.2494615
2018-05-20 06:00:00,59.24023139006365,0a820e12-033b-45d6-9ef9-d70f4c5e5b63,39.889883,-111.2494615
2018-05-21 06:00:00,50.1336873984314,0a820e12-033b-45d6-9ef9-d70f4c5e5b63,39.889883,-111.2494615
2018-05-22 06:00:00,56.49499482346682,0a820e12-033b-45d6-9ef9-d70f4c5e5b63,39.889883,-111.2494615
2018-05-23 06:00:00,65.61761302048478,0a820e12-033b-45d6-9ef9-d70f4c5e5b63,39.889883,-111.2494615
2018-05-24 06:00:00,59.765350969624826,0a820e12-033b-45d6-9ef9-d70f4c5e5b63,39.889883,-111.2494615
2018-05-25 06:00:00,42.55178132116852,0a820e12-033b-45d6-9ef9-d70f4c5e5b63,39.889883,-111.2494615
2018-05-26 06:00:00,39.01559271275482,0a820e12-033b-45d6-9ef9-d70f4c5e5b63,39.889883,-111.2494615
2018-05-27 06:00:00,61.27690166366915,0a820e12-033b-45d6-9ef9-d70f4c5e5b63,39.889883,-111.2494615
2018-05-28 06:00:00,78.28845036408441,0a820e12-033b-45d6-9ef9-d70f4c5e5b63,39.889883,-111.2494615
2018-05-29 06:00:00,82.8110682659131,0a820e12-033b-45d6-9ef9-d70f4c5e5b63,39.889883,-111.2494615
2018-05-30 06:00:00,64.04475413846556,0a820e12-033b-45d6-9ef9-d70f4c5e5b63,39.889883,-111.2494615
2018-05-31 06:00:00,48.311068265913086,0a820e12-033b-45d6-9ef9-d70f4c5e5b63,39.889883,-111.2494615
2018-06-01 06:00:00,64.0382106145835,0a820e12-033b-45d6-9ef9-d70f4c5e5b63,39.889883,-111.2494615
2018-06-02 06:00:00,51.483927615682475,0a820e12-033b-45d6-9ef9-d70f4c5e5b63,39.889883,-111.2494615
2018-06-03 06:00:00,44.6336873984314,0a820e12-033b-45d6-9ef9-d70f4c5e5b63,39.889883,-111.2494615
2018-06-04 06:00:00,42.84927888049657,0a820e12-033b-45d6-9ef9-d70f4c5e5b63,39.889883,-111.2494615
2018-06-05 06:00:00,34.847257046887684,0a820e12-033b-45d6-9ef9-d70f4c5e5b63,39.889883,-111.2494615
2018-06-06 06:00:00,35.77690166366915,0a820e12-033b-45d6-9ef9-d70f4c5e5b63,39.889883,-111.2494615
2018-06-07 06:00:00,36.47237692163815,0a820e12-033b-45d6-9ef9-d70f4c5e5b63,39.889883,-111.2494615
2018-06-08 06:00:00,37.699519097747654,0a820e12-033b-45d6-9ef9-d70f4c5e5b63,39.889883,-111.2494615
2018-06-09 06:00:00,32.20654536991652,0a820e12-033b-45d6-9ef9-d70f4c5e5b63,39.889883,-111.2494615
2018-06-10 06:00:00,49.47690043297952,0a820e12-033b-45d6-9ef9-d70f4c5e5b63,39.889883,-111.2494615
2018-06-11 06:00:00,48.590471607314726,0a820e12-033b-45d6-9ef9-d70f4c5e5b63,39.889883,-111.2494615
2018-06-12 06:00:00,50.74273306779613,0a820e12-033b-45d6-9ef9-d70f4c5e5b63,39.889883,-111.2494615
2018-06-13 06:00:00,40.794994060527365,0a820e12-033b-45d6-9ef9-d70f4c5e5b63,39.889883,-111.2494615
2018-06-14 06:00:00,28.206544373101977,0a820e12-033b-45d6-9ef9-d70f4c5e5b63,39.889883,-111.2494615
2018-06-15 06:00:00,36.4020215384196,0a820e12-033b-45d6-9ef9-d70f4c5e5b63,39.889883,-111.2494615
2018-06-16 06:00:00,50.039171951338005,0a820e12-033b-45d6-9ef9-d70f4c5e5b63,39.889883,-111.2494615
2018-06-17 06:00:00,61.76534897599573,0a820e12-033b-45d6-9ef9-d70f4c5e5b63,39.889883,-111.2494615
2018-06-18 06:00:00,55.42916113052148,0a820e12-033b-45d6-9ef9-d70f4c5e5b63,39.889883,-111.2494615
2018-06-19 06:00:00,59.722618664768135,0a820e12-033b-45d6-9ef9-d70f4c5e5b63,39.889883,-111.2494615
2018-06-20 06:00:00,64.83368616774177,0a820e12-033b-45d6-9ef9-d70f4c5e5b63,39.889883,-111.2494615
2018-06-21 06:00:00,41.38594915410208,0a820e12-033b-45d6-9ef9-d70f4c5e5b63,39.889883,-111.2494615
2018-06-22 06:00:00,41.72463867730883,0a820e12-033b-45d6-9ef9-d70f4c5e5b63,39.889883,-111.2494615
2018-06-23 06:00:00,43.28594686528372,0a820e12-033b-45d6-9ef9-d70f4c5e5b63,39.889883,-111.2494615
2018-06-24 06:00:00,59.16131047679325,0a820e12-033b-45d6-9ef9-d70f4c5e5b63,39.889883,-111.2494615
2018-06-25 06:00:00,49.111069496602724,0a820e12-033b-45d6-9ef9-d70f4c5e5b63,39.889883,-111.2494615
2018-06-26 06:00:00,36.81309027208286,0a820e12-033b-45d6-9ef9-d70f4c5e5b63,39.889883,-111.2494615
2018-06-27 06:00:00,31.108566908336126,0a820e12-033b-45d6-9ef9-d70f4c5e5b63,39.889883,-111.2494615
2018-06-28 06:00:00,28.520115313562094,0a820e12-033b-45d6-9ef9-d70f4c5e5b63,39.889883,-111.2494615
2018-06-29 06:00:00,43.945237329536276,0a820e12-033b-45d6-9ef9-d70f4c5e5b63,39.889883,-111.2494615
2018-06-30 06:00:00,48.876900137790244,0a820e12-033b-45d6-9ef9-d70f4c5e5b63,39.889883,-111.2494615
2018-07-01 06:00:00,52.83868952320675,0a820e12-033b-45d6-9ef9-d70f4c5e5b63,39.889883,-111.2494615
2018-07-02 06:00:00,41.608565997802025,0a820e12-033b-45d6-9ef9-d70f4c5e5b63,39.889883,-111.2494615
2018-07-03 06:00:00,39.4427338307356,0a820e12-033b-45d6-9ef9-d70f4c5e5b63,39.889883,-111.2494615
2018-07-04 06:00:00,38.567853705486044,0a820e12-033b-45d6-9ef9-d70f4c5e5b63,39.889883,-111.2494615
2018-07-05 06:00:00,38.98844930595567,0a820e12-033b-45d6-9ef9-d70f4c5e5b63,39.889883,-111.2494615
2018-07-06 06:00:00,46.15630530026008,0a820e12-033b-45d6-9ef9-d70f4c5e5b63,39.889883,-111.2494615
2018-07-07 06:00:00,44.70202077548016,0a820e12-033b-45d6-9ef9-d70f4c5e5b63,39.889883,-111.2494615
2018-07-08 06:00:00,49.0974967963886,0a820e12-033b-45d6-9ef9-d70f4c5e5b63,39.889883,-111.2494615
2018-07-09 06:00:00,53.329644321592184,0a820e12-033b-45d6-9ef9-d70f4c5e5b63,39.889883,-111.2494615
2018-07-10 06:00:00,56.52964309090256,0a820e12-033b-45d6-9ef9-d70f4c5e5b63,39.889883,-111.2494615
2018-07-11 06:00:00,55.027141413170064,0a820e12-033b-45d6-9ef9-d70f4c5e5b63,39.889883,-111.2494615
2018-07-12 06:00:00,62.151781788918704,0a820e12-033b-45d6-9ef9-d70f4c5e5b63,39.889883,-111.2494615
2018-07-13 06:00:00,59.08392608980357,0a820e12-033b-45d6-9ef9-d70f4c5e5b63,39.889883,-111.2494615
2018-07-14 06:00:00,59.04773748138986,0a820e12-033b-45d6-9ef9-d70f4c5e5b63,39.889883,-111.2494615
2018-07-15 06:00:00,55.84071335044471,0a820e12-033b-45d6-9ef9-d70f4c5e5b63,39.889883,-111.2494615
2018-07-16 06:00:00,50.20202077548016,0a820e12-033b-45d6-9ef9-d70f4c5e5b63,39.889883,-111.2494615
2018-07-17 06:00:00,57.688450068895115,0a820e12-033b-45d6-9ef9-d70f4c5e5b63,39.889883,-111.2494615
2018-07-18 06:00:00,44.91559224500463,0a820e12-033b-45d6-9ef9-d70f4c5e5b63,39.889883,-111.2494615
2018-07-19 06:00:00,39.67690119591899,0a820e12-033b-45d6-9ef9-d70f4c5e5b63,39.889883,-111.2494615
2018-07-20 06:00:00,42.96381139158629,0a820e12-033b-45d6-9ef9-d70f4c5e5b63,39.889883,-111.2494615
2018-07-21 06:00:00,55.400001525878906,0a820e12-033b-45d6-9ef9-d70f4c5e5b63,39.889883,-111.2494615
2018-07-22 06:00:00,62.20452245321266,0a820e12-033b-45d6-9ef9-d70f4c5e5b63,39.889883,-111.2494615
2018-07-23 06:00:00,59.08190607726287,0a820e12-033b-45d6-9ef9-d70f4c5e5b63,39.889883,-111.2494615
2018-07-24 06:00:00,51.54975931499874,0a820e12-033b-45d6-9ef9-d70f4c5e5b63,39.889883,-111.2494615
2018-07-25 06:00:00,46.083926089803576,0a820e12-033b-45d6-9ef9-d70f4c5e5b63,39.889883,-111.2494615
2018-07-26 06:00:00,46.34071335044472,0a820e12-033b-45d6-9ef9-d70f4c5e5b63,39.889883,-111.2494615
2018-07-27 06:00:00,39.811068265913086,0a820e12-033b-45d6-9ef9-d70f4c5e5b63,39.889883,-111.2494615
2018-07-28 06:00:00,41.00654551751116,0a820e12-033b-45d6-9ef9-d70f4c5e5b63,39.889883,-111.2494615
2018-07-29 06:00:00,37.77690166366915,0a820e12-033b-45d6-9ef9-d70f4c5e5b63,39.889883,-111.2494615
2018-07-30 06:00:00,31.658806977992565,0a820e12-033b-45d6-9ef9-d70f4c5e5b63,39.889883,-111.2494615
2018-07-31 06:00:00,36.133687398431384,0a820e12-033b-45d6-9ef9-d70f4c5e5b63,39.889883,-111.2494615
2018-08-01 06:00:00,46.52261790182868,0a820e12-033b-45d6-9ef9-d70f4c5e5b63,39.889883,-111.2494615
2018-08-02 06:00:00,54.57035538321853,0a820e12-033b-45d6-9ef9-d70f4c5e5b63,39.889883,-111.2494615
2018-08-03 06:00:00,68.61357299540339,0a820e12-033b-45d6-9ef9-d70f4c5e5b63,39.889883,-111.2494615
2018-08-04 06:00:00,60.38142364913162,0a820e12-033b-45d6-9ef9-d70f4c5e5b63,39.889883,-111.2494615
2018-08-05 06:00:00,55.43821014683331,0a820e12-033b-45d6-9ef9-d70f4c5e5b63,39.889883,-111.2494615
2018-08-06 06:00:00,38.1542832940903,0a820e12-033b-45d6-9ef9-d70f4c5e5b63,39.889883,-111.2494615
2018-08-07 06:00:00,38.81559194981535,0a820e12-033b-45d6-9ef9-d70f4c5e5b63,39.889883,-111.2494615
2018-08-08 06:00:00,38.054282998901016,0a820e12-033b-45d6-9ef9-d70f4c5e5b63,39.889883,-111.2494615
2018-08-09 06:00:00,37.80202124323032,0a820e12-033b-45d6-9ef9-d70f4c5e5b63,39.889883,-111.2494615
2018-08-10 06:00:00,36.29499406052737,0a820e12-033b-45d6-9ef9-d70f4c5e5b63,39.889883,-111.2494615
2018-08-11 06:00:00,36.297017887765335,0a820e12-033b-45d6-9ef9-d70f4c5e5b63,39.889883,-111.2494615
2018-08-12 06:00:00,40.26082728572255,0a820e12-033b-45d6-9ef9-d70f4c5e5b63,39.889883,-111.2494615
2018-08-13 06:00:00,43.41106873366325,0a820e12-033b-45d6-9ef9-d70f4c5e5b63,39.889883,-111.2494615
2018-08-14 06:00:00,48.83368616774176,0a820e12-033b-45d6-9ef9-d70f4c5e5b63,39.889883,-111.2494615
2018-08-15 06:00:00,51.10856599780203,0a820e12-033b-45d6-9ef9-d70f4c5e5b63,39.889883,-111.2494615
2018-08-16 06:00:00,53.07237721682742,0a820e12-033b-45d6-9ef9-d70f4c5e5b63,39.889883,-111.2494615
2018-08-17 06:00:00,57.68392837862192,0a820e12-033b-45d6-9ef9-d70f4c5e5b63,39.889883,-111.2494615
2018-08-18 06:00:00,64.34071135681565,0a820e12-033b-45d6-9ef9-d70f4c5e5b63,39.889883,-111.2494615
2018-08-19 06:00:00,48.2110679707238,0a820e12-033b-45d6-9ef9-d70f4c5e5b63,39.889883,-111.2494615
2018-08-20 06:00:00,49.5789209132704,0a820e12-033b-45d6-9ef9-d70f4c5e5b63,39.889883,-111.2494615
2018-08-21 06:00:00,75.35880574730294,0a820e12-033b-45d6-9ef9-d70f4c5e5b63,39.889883,-111.2494615
2018-08-22 06:00:00,91.93464797224645,0a820e12-033b-45d6-9ef9-d70f4c5e5b63,39.889883,-111.2494615
2018-08-23 06:00:00,87.35428223596156,0a820e12-033b-45d6-9ef9-d70f4c5e5b63,39.889883,-111.2494615
2018-08-24 06:00:00,67.81308645738561,0a820e12-033b-45d6-9ef9-d70f4c5e5b63,39.889883,-111.2494615
2018-08-25 06:00:00,54.17892320208875,0a820e12-033b-45d6-9ef9-d70f4c5e5b63,39.889883,-111.2494615
2018-08-26 06:00:00,39.540230627124195,0a820e12-033b-45d6-9ef9-d70f4c5e5b63,39.889883,-111.2494615
2018-08-27 06:00:00,55.259288938373636,0a820e12-033b-45d6-9ef9-d70f4c5e5b63,39.889883,-111.2494615
2018-08-28 06:00:00,66.60250015185359,0a820e12-033b-45d6-9ef9-d70f4c5e5b63,39.889883,-111.2494615
2018-08-29 06:00:00,50.05880651024239,0a820e12-033b-45d6-9ef9-d70f4c5e5b63,39.889883,-111.2494615
2018-08-30 06:00:00,40.876900137790244,0a820e12-033b-45d6-9ef9-d70f4c5e5b63,39.889883,-111.2494615
2018-08-31 06:00:00,39.50404201871048,0a820e12-033b-45d6-9ef9-d70f4c5e5b63,39.889883,-111.2494615
2018-09-01 06:00:00,42.853800570769764,0a820e12-033b-45d6-9ef9-d70f4c5e5b63,39.889883,-111.2494615
2018-09-02 06:00:00,41.4402321530031,0a820e12-033b-45d6-9ef9-d70f4c5e5b63,39.889883,-111.2494615
2018-09-03 06:00:00,39.42868145895876,0a820e12-033b-45d6-9ef9-d70f4c5e5b63,39.889883,-111.2494615
2018-09-04 06:00:00,40.18796840370332,0a820e12-033b-45d6-9ef9-d70f4c5e5b63,39.889883,-111.2494615
2018-09-05 06:00:00,47.16535050187465,0a820e12-033b-45d6-9ef9-d70f4c5e5b63,39.889883,-111.2494615
2018-09-06 06:00:00,56.049277822367834,0a820e12-033b-45d6-9ef9-d70f4c5e5b63,39.889883,-111.2494615
2018-09-07 06:00:00,55.39451468415393,0a820e12-033b-45d6-9ef9-d70f4c5e5b63,39.889883,-111.2494615
2018-09-08 06:00:00,45.51511104756301,0a820e12-033b-45d6-9ef9-d70f4c5e5b63,39.889883,-111.2494615
2018-09-09 06:00:00,40.962850054831776,0a820e12-033b-45d6-9ef9-d70f4c5e5b63,39.889883,-111.2494615
2018-09-10 06:00:00,41.43320497030014,0a820e12-033b-45d6-9ef9-d70f4c5e5b63,39.889883,-111.2494615
2018-09-11 06:00:00,31.631184810164807,0a820e12-033b-45d6-9ef9-d70f4c5e5b63,39.889883,-111.2494615
2018-09-12 06:00:00,28.706544373101977,0a820e12-033b-45d6-9ef9-d70f4c5e5b63,39.889883,-111.2494615
2018-09-13 06:00:00,25.009047195243657,0a820e12-033b-45d6-9ef9-d70f4c5e5b63,39.889883,-111.2494615
2018-09-14 06:00:00,29.490471225845,0a820e12-033b-45d6-9ef9-d70f4c5e5b63,39.889883,-111.2494615
2018-09-15 06:00:00,41.92617978122627,0a820e12-033b-45d6-9ef9-d70f4c5e5b63,39.889883,-111.2494615
2018-09-16 06:00:00,44.567853705486044,0a820e12-033b-45d6-9ef9-d70f4c5e5b63,39.889883,-111.2494615
2018-09-17 06:00:00,53.92415777505649,0a820e12-033b-45d6-9ef9-d70f4c5e5b63,39.889883,-111.2494615
2018-09-18 06:00:00,44.142252928483245,0a820e12-033b-45d6-9ef9-d70f4c5e5b63,39.889883,-111.2494615
2018-09-19 06:00:00,35.280942599284636,0a820e12-033b-45d6-9ef9-d70f4c5e5b63,39.889883,-111.2494615
2018-09-20 06:00:00,42.837728186452246,0a820e12-033b-45d6-9ef9-d70f4c5e5b63,39.889883,-111.2494615
2018-09-21 06:00:00,30.199518187213563,0a820e12-033b-45d6-9ef9-d70f4c5e5b63,39.889883,-111.2494615
2018-09-22 06:00:00,40.5764192355379,0a820e12-033b-45d6-9ef9-d70f4c5e5b63,39.889883,-111.2494615
2018-09-23 06:00:00,54.153801801459394,0a820e12-033b-45d6-9ef9-d70f4c5e5b63,39.889883,-111.2494615
2018-09-24 06:00:00,63.46487006737247,0a820e12-033b-45d6-9ef9-d70f4c5e5b63,39.889883,-111.2494615
2018-09-25 06:00:00,40.4789224391493,0a820e12-033b-45d6-9ef9-d70f4c5e5b63,39.889883,-111.2494615
2018-09-26 06:00:00,42.52665992053915,0a820e12-033b-45d6-9ef9-d70f4c5e5b63,39.889883,-111.2494615
2018-09-27 06:00:00,34.14475460621575,0a820e12-033b-45d6-9ef9-d70f4c5e5b63,39.889883,-111.2494615
2018-09-28 06:00:00,35.353800570769764,0a820e12-033b-45d6-9ef9-d70f4c5e5b63,39.889883,-111.2494615
2018-09-29 06:00:00,41.69903760511676,0a820e12-033b-45d6-9ef9-d70f4c5e5b63,39.889883,-111.2494615
2018-09-30 06:00:00,49.22463867730883,0a820e12-033b-45d6-9ef9-d70f4c5e5b63,39.889883,-111.2494615
2018-10-01 06:00:00,55.17641970328807,0a820e12-033b-45d6-9ef9-d70f4c5e5b63,39.889883,-111.2494615
2018-10-02 06:00:00,77.14273260004595,0a820e12-033b-45d6-9ef9-d70f4c5e5b63,39.889883,-111.2494615
2018-10-03 06:00:00,80.3844088131241,0a820e12-033b-45d6-9ef9-d70f4c5e5b63,39.889883,-111.2494615
2018-10-04 06:00:00,84.55476267046375,0a820e12-033b-45d6-9ef9-d70f4c5e5b63,39.889883,-111.2494615
2018-10-05 06:00:00,95.8839253268641,0a820e12-033b-45d6-9ef9-d70f4c5e5b63,39.889883,-111.2494615
2018-10-06 06:00:00,75.0205960682198,0a820e12-033b-45d6-9ef9-d70f4c5e5b63,39.889883,-111.2494615
2018-10-07 06:00:00,89.61203066079634,0a820e12-033b-45d6-9ef9-d70f4c5e5b63,39.889883,-111.2494615
2018-10-08 06:00:00,88.14119425269706,0a820e12-033b-45d6-9ef9-d70f4c5e5b63,39.889883,-111.2494615
2018-10-09 06:00:00,87.11203066079632,0a820e12-033b-45d6-9ef9-d70f4c5e5b63,39.889883,-111.2494615
2018-10-10 06:00:00,85.84369652080812,0a820e12-033b-45d6-9ef9-d70f4c5e5b63,39.889883,-111.2494615
2018-10-11 06:00:00,84.63820908870458,0a820e12-033b-45d6-9ef9-d70f4c5e5b63,39.889883,-111.2494615
2018-10-12 06:00:00,77.07642122916698,0a820e12-033b-45d6-9ef9-d70f4c5e5b63,39.889883,-111.2494615
2018-10-13 06:00:00,74.60202030772997,0a820e12-033b-45d6-9ef9-d70f4c5e5b63,39.889883,-111.2494615
2018-10-14 06:00:00,89.46333172002356,0a820e12-033b-45d6-9ef9-d70f4c5e5b63,39.889883,-111.2494615
2018-10-15 06:00:00,71.79749773188895,0a820e12-033b-45d6-9ef9-d70f4c5e5b63,39.889883,-111.2494615
2018-10-16 06:00:00,59.66284882414215,0a820e12-033b-45d6-9ef9-d70f4c5e5b63,39.889883,-111.2494615
2018-10-17 06:00:00,67.0196327378362,0a820e12-033b-45d6-9ef9-d70f4c5e5b63,39.889883,-111.2494615
2018-10-18 06:00:00,82.75630559544935,0a820e12-033b-45d6-9ef9-d70f4c5e5b63,39.889883,-111.2494615
2018-10-19 06:00:00,77.01510922649483,0a820e12-033b-45d6-9ef9-d70f4c5e5b63,39.889883,-111.2494615
2018-10-20 06:00:00,67.32367581467541,0a820e12-033b-45d6-9ef9-d70f4c5e5b63,39.889883,-111.2494615
2018-10-21 06:00:00,77.65332195733578,0a820e12-033b-45d6-9ef9-d70f4c5e5b63,39.889883,-111.2494615
2018-10-22 06:00:00,88.23070252962819,0a820e12-033b-45d6-9ef9-d70f4c5e5b63,39.889883,-111.2494615
2018-10-23 06:00:00,92.07642122916697,0a820e12-033b-45d6-9ef9-d70f4c5e5b63,39.889883,-111.2494615
2018-10-24 06:00:00,74.45129918822656,0a820e12-033b-45d6-9ef9-d70f4c5e5b63,39.889883,-111.2494615
2018-10-25 06:00:00,80.3065447545717,0a820e12-033b-45d6-9ef9-d70f4c5e5b63,39.889883,-111.2494615
2018-10-26 06:00:00,77.57892290689948,0a820e12-033b-45d6-9ef9-d70f4c5e5b63,39.889883,-111.2494615
2018-10-27 06:00:00,68.25129859784799,0a820e12-033b-45d6-9ef9-d70f4c5e5b63,39.889883,-111.2494615
2018-10-28 06:00:00,55.87391679486595,0a820e12-033b-45d6-9ef9-d70f4c5e5b63,39.889883,-111.2494615
2018-10-29 06:00:00,71.1291657081582,0a820e12-033b-45d6-9ef9-d70f4c5e5b63,39.889883,-111.2494615
2018-10-30 06:00:00,79.95630254369154,0a820e12-033b-45d6-9ef9-d70f4c5e5b63,39.889883,-111.2494615
2018-10-31 06:00:00,64.8065447545717,0a820e12-033b-45d6-9ef9-d70f4c5e5b63,39.889883,-111.2494615
2018-11-01 06:00:00,70.88642700459661,0a820e12-033b-45d6-9ef9-d70f4c5e5b63,39.889883,-111.2494615
2018-11-02 06:00:00,73.58844977370586,0a820e12-033b-45d6-9ef9-d70f4c5e5b63,39.889883,-111.2494615
2018-11-03 06:00:00,64.88094198393982,0a820e12-033b-45d6-9ef9-d70f4c5e5b63,39.889883,-111.2494615
2018-11-04 06:00:00,66.1196330330255,0a820e12-033b-45d6-9ef9-d70f4c5e5b63,39.889883,-111.2494615
2018-11-05 06:00:00,62.1492801111862,0a820e12-033b-45d6-9ef9-d70f4c5e5b63,39.889883,-111.2494615
2018-11-06 06:00:00,63.54427247327377,0a820e12-033b-45d6-9ef9-d70f4c5e5b63,39.889883,-111.2494615
2018-11-07 06:00:00,66.09451163239613,0a820e12-033b-45d6-9ef9-d70f4c5e5b63,39.889883,-111.2494615
2018-11-08 06:00:00,63.41559423863371,0a820e12-033b-45d6-9ef9-d70f4c5e5b63,39.889883,-111.2494615
2018-11-09 06:00:00,53.08142441207108,0a820e12-033b-45d6-9ef9-d70f4c5e5b63,39.889883,-111.2494615
2018-11-10 06:00:00,44.12868222189822,0a820e12-033b-45d6-9ef9-d70f4c5e5b63,39.889883,-111.2494615
2018-11-11 06:00:00,66.55274447899123,0a820e12-033b-45d6-9ef9-d70f4c5e5b63,39.889883,-111.2494615
2018-11-12 06:00:00,63.87940363659092,0a820e12-033b-45d6-9ef9-d70f4c5e5b63,39.889883,-111.2494615
2018-11-13 06:00:00,57.604042313899754,0a820e12-033b-45d6-9ef9-d70f4c5e5b63,39.889883,-111.2494615
2018-11-14 06:00:00,56.66487083031193,0a820e12-033b-45d6-9ef9-d70f4c5e5b63,39.889883,-111.2494615
2018-11-15 06:00:00,51.39451468415394,0a820e12-033b-45d6-9ef9-d70f4c5e5b63,39.889883,-111.2494615
2018-11-16 06:00:00,44.65380180145939,0a820e12-033b-45d6-9ef9-d70f4c5e5b63,39.889883,-111.2494615
2018-11-17 06:00:00,67.22367734055433,0a820e12-033b-45d6-9ef9-d70f4c5e5b63,39.889883,-111.2494615
2018-11-18 06:00:00,74.11212617875982,0a820e12-033b-45d6-9ef9-d70f4c5e5b63,39.889883,-111.2494615
2018-11-19 06:00:00,27.283446184365765,0a820e12-033b-45d6-9ef9-d70f4c5e5b63,39.889883,-111.2494615
2018-11-20 06:00:00,17.894994897264144,0a820e12-033b-45d6-9ef9-d70f4c5e5b63,39.889883,-111.2494615
2018-11-21 06:00:00,30.41511166290783,0a820e12-033b-45d6-9ef9-d70f4c5e5b63,39.889883,-111.2494615
2018-11-22 06:00:00,62.46535173256428,0a820e12-033b-45d6-9ef9-d70f4c5e5b63,39.889883,-111.2494615
2018-11-23 06:00:00,68.29499605415646,0a820e12-033b-45d6-9ef9-d70f4c5e5b63,39.889883,-111.2494615
2018-11-24 06:00:00,100.0,0a820e12-033b-45d6-9ef9-d70f4c5e5b63,39.889883,-111.2494615
2018-11-25 06:00:00,94.49701483600752,0a820e12-033b-45d6-9ef9-d70f4c5e5b63,39.889883,-111.2494615
2018-11-26 06:00:00,69.29749773188895,0a820e12-033b-45d6-9ef9-d70f4c5e5b63,39.889883,-111.2494615
2018-11-27 06:00:00,58.14273260004596,0a820e12-033b-45d6-9ef9-d70f4c5e5b63,39.889883,-111.2494615
2018-11-28 06:00:00,71.73869104908566,0a820e12-033b-45d6-9ef9-d70f4c5e5b63,39.889883,-111.2494615
2018-11-29 06:00:00,89.14177325692052,0a820e12-033b-45d6-9ef9-d70f4c5e5b63,39.889883,-111.2494615
2018-11-30 06:00:00,100.0,0a820e12-033b-45d6-9ef9-d70f4c5e5b63,39.889883,-111.2494615
2018-12-01 06:00:00,90.8884488382055,0a820e12-033b-45d6-9ef9-d70f4c5e5b63,39.889883,-111.2494615
2018-12-02 06:00:00,93.4598667119075,0a820e12-033b-45d6-9ef9-d70f4c5e5b63,39.889883,-111.2494615
2018-12-03 06:00:00,100.0,0a820e12-033b-45d6-9ef9-d70f4c5e5b63,39.889883,-111.2494615
2018-12-04 06:00:00,97.89951803961893,0a820e12-033b-45d6-9ef9-d70f4c5e5b63,39.889883,-111.2494615
2018-12-05 06:00:00,89.1513001237269,0a820e12-033b-45d6-9ef9-d70f4c5e5b63,39.889883,-111.2494615
2018-12-06 06:00:00,91.02521509752466,0a820e12-033b-45d6-9ef9-d70f4c5e5b63,39.889883,-111.2494615
2018-12-07 06:00:00,89.2447568950341,0a820e12-033b-45d6-9ef9-d70f4c5e5b63,39.889883,-111.2494615
2018-12-08 06:00:00,96.75380027558049,0a820e12-033b-45d6-9ef9-d70f4c5e5b63,39.889883,-111.2494615
2018-12-09 06:00:00,94.08046125424838,0a820e12-033b-45d6-9ef9-d70f4c5e5b63,39.889883,-111.2494615
2018-12-10 06:00:00,79.18450738284541,0a820e12-033b-45d6-9ef9-d70f4c5e5b63,39.889883,-111.2494615
2018-12-11 06:00:00,81.68094321462945,0a820e12-033b-45d6-9ef9-d70f4c5e5b63,39.889883,-111.2494615
2018-12-12 06:00:00,84.9990366696164,0a820e12-033b-45d6-9ef9-d70f4c5e5b63,39.889883,-111.2494615
2018-12-13 06:00:00,83.06785370548604,0a820e12-033b-45d6-9ef9-d70f4c5e5b63,39.889883,-111.2494615
2018-12-14 06:00:00,73.74177173104162,0a820e12-033b-45d6-9ef9-d70f4c5e5b63,39.889883,-111.2494615
2018-12-15 06:00:00,69.9578448782986,0a820e12-033b-45d6-9ef9-d70f4c5e5b63,39.889883,-111.2494615
2018-12-16 06:00:00,67.48450280520869,0a820e12-033b-45d6-9ef9-d70f4c5e5b63,39.889883,-111.2494615
2018-12-17 06:00:00,81.90462055518377,0a820e12-033b-45d6-9ef9-d70f4c5e5b63,39.889883,-111.2494615
2018-12-18 06:00:00,78.51357087914593,0a820e12-033b-45d6-9ef9-d70f4c5e5b63,39.889883,-111.2494615
2018-12-19 06:00:00,84.08700659919863,0a820e12-033b-45d6-9ef9-d70f4c5e5b63,39.889883,-111.2494615
2018-12-20 06:00:00,76.07391955143449,0a820e12-033b-45d6-9ef9-d70f4c5e5b63,39.889883,-111.2494615
2018-12-21 06:00:00,70.83773018008132,0a820e12-033b-45d6-9ef9-d70f4c5e5b63,39.889883,-111.2494615
2018-12-22 06:00:00,100.0,0a820e12-033b-45d6-9ef9-d70f4c5e5b63,39.889883,-111.2494615
2018-12-23 06:00:00,69.79297387542577,0a820e12-033b-45d6-9ef9-d70f4c5e5b63,39.889883,-111.2494615
2018-12-24 06:00:00,90.4382121404624,0a820e12-033b-45d6-9ef9-d70f4c5e5b63,39.889883,-111.2494615
2018-12-25 06:00:00,89.20953144444309,0a820e12-033b-45d6-9ef9-d70f4c5e5b63,39.889883,-111.2494615
2018-12-26 06:00:00,100.0,0a820e12-033b-45d6-9ef9-d70f4c5e5b63,39.889883,-111.2494615
2018-12-27 06:00:00,89.87035843497635,0a820e12-033b-45d6-9ef9-d70f4c5e5b63,39.889883,-111.2494615
2018-12-28 06:00:00,100.0,0a820e12-033b-45d6-9ef9-d70f4c5e5b63,39.889883,-111.2494615
2018-12-29 06:00:00,100.0,0a820e12-033b-45d6-9ef9-d70f4c5e5b63,39.889883,-111.2494615
2018-12-30 06:00:00,100.0,0a820e12-033b-45d6-9ef9-d70f4c5e5b63,39.889883,-111.2494615
2018-12-31 06:00:00,98.94976084087766,0a820e12-033b-45d6-9ef9-d70f4c5e5b63,39.889883,-111.2494615
2019-01-01 06:00:00,100.0,0a820e12-033b-45d6-9ef9-d70f4c5e5b63,39.889883,-111.2494615
2019-01-02 06:00:00,100.0,0a820e12-033b-45d6-9ef9-d70f4c5e5b63,39.889883,-111.2494615
2019-01-03 06:00:00,85.82262095358648,0a820e12-033b-45d6-9ef9-d70f4c5e5b63,39.889883,-111.2494615
2019-01-04 06:00:00,68.98046278012728,0a820e12-033b-45d6-9ef9-d70f4c5e5b63,39.889883,-111.2494615
2019-01-05 06:00:00,77.62973708298713,0a820e12-033b-45d6-9ef9-d70f4c5e5b63,39.889883,-111.2494615
2019-01-06 06:00:00,92.3080831019206,0a820e12-033b-45d6-9ef9-d70f4c5e5b63,39.889883,-111.2494615
2019-01-07 06:00:00,84.75274142723342,0a820e12-033b-45d6-9ef9-d70f4c5e5b63,39.889883,-111.2494615
2019-01-08 06:00:00,86.11712953422482,0a820e12-033b-45d6-9ef9-d70f4c5e5b63,39.889883,-111.2494615
2019-01-09 06:00:00,84.48402296108507,0a820e12-033b-45d6-9ef9-d70f4c5e5b63,39.889883,-111.2494615
2019-01-10 06:00:00,89.54533132162085,0a820e12-033b-45d6-9ef9-d70f4c5e5b63,39.889883,-111.2494615
2019-01-11 06:00:00,100.0,0a820e12-033b-45d6-9ef9-d70f4c5e5b63,39.889883,-111.2494615
2019-01-12 06:00:00,92.83926852743024,0a820e12-033b-45d6-9ef9-d70f4c5e5b63,39.889883,-111.2494615
2019-01-13 06:00:00,95.36939510459275,0a820e12-033b-45d6-9ef9-d70f4c5e5b63,39.889883,-111.2494615
2019-01-14 06:00:00,96.13320573323959,0a820e12-033b-45d6-9ef9-d70f4c5e5b63,39.889883,-111.2494615
2019-01-15 06:00:00,89.36034808191,0a820e12-033b-45d6-9ef9-d70f4c5e5b63,39.889883,-111.2494615
2019-01-16 06:00:00,87.56428953727008,0a820e12-033b-45d6-9ef9-d70f4c5e5b63,39.889883,-111.2494615
2019-01-17 06:00:00,90.68893173408692,0a820e12-033b-45d6-9ef9-d70f4c5e5b63,39.889883,-111.2494615
2019-01-18 06:00:00,100.0,0a820e12-033b-45d6-9ef9-d70f4c5e5b63,39.889883,-111.2494615
2019-01-19 06:00:00,100.0,0a820e12-033b-45d6-9ef9-d70f4c5e5b63,39.889883,-111.2494615
2019-01-20 06:00:00,95.70356111645813,0a820e12-033b-45d6-9ef9-d70f4c5e5b63,39.889883,-111.2494615
2019-01-21 06:00:00,100.0,0a820e12-033b-45d6-9ef9-d70f4c5e5b63,39.889883,-111.2494615
2019-01-22 06:00:00,93.32165398106653,0a820e12-033b-45d6-9ef9-d70f4c5e5b63,39.889883,-111.2494615
2019-01-23 06:00:00,97.89951803961893,0a820e12-033b-45d6-9ef9-d70f4c5e5b63,39.889883,-111.2494615
2019-01-24 06:00:00,77.94831801149223,0a820e12-033b-45d6-9ef9-d70f4c5e5b63,39.889883,-111.2494615
2019-01-25 06:00:00,89.66390767248922,0a820e12-033b-45d6-9ef9-d70f4c5e5b63,39.889883,-111.2494615
2019-01-26 06:00:00,75.27035597359708,0a820e12-033b-45d6-9ef9-d70f4c5e5b63,39.889883,-111.2494615
2019-01-27 06:00:00,82.07690072816881,0a820e12-033b-45d6-9ef9-d70f4c5e5b63,39.889883,-111.2494615
2019-01-28 06:00:00,90.20105943872564,0a820e12-033b-45d6-9ef9-d70f4c5e5b63,39.889883,-111.2494615
2019-01-29 06:00:00,72.79153104604038,0a820e12-033b-45d6-9ef9-d70f4c5e5b63,39.889883,-111.2494615
2019-01-30 06:00:00,77.93224181247744,0a820e12-033b-45d6-9ef9-d70f4c5e5b63,39.889883,-111.2494615
2019-01-31 06:00:00,68.47796110239479,0a820e12-033b-45d6-9ef9-d70f4c5e5b63,39.889883,-111.2494615
2019-02-01 06:00:00,76.37093345194167,0a820e12-033b-45d6-9ef9-d70f4c5e5b63,39.889883,-111.2494615
2019-02-02 06:00:00,90.92974013474495,0a820e12-033b-45d6-9ef9-d70f4c5e5b63,39.889883,-111.2494615
2019-02-03 06:00:00,78.284410339003,0a820e12-033b-45d6-9ef9-d70f4c5e5b63,39.889883,-111.2494615
2019-02-04 06:00:00,75.45274236273376,0a820e12-033b-45d6-9ef9-d70f4c5e5b63,39.889883,-111.2494615
2019-02-05 06:00:00,75.67285917720848,0a820e12-033b-45d6-9ef9-d70f4c5e5b63,39.889883,-111.2494615
2019-02-06 06:00:00,88.84927888049656,0a820e12-033b-45d6-9ef9-d70f4c5e5b63,39.889883,-111.2494615
2019-02-07 06:00:00,98.47237874270633,0a820e12-033b-45d6-9ef9-d70f4c5e5b63,39.889883,-111.2494615
2019-02-08 06:00:00,93.88950768655258,0a820e12-033b-45d6-9ef9-d70f4c5e5b63,39.889883,-111.2494615
2019-02-09 06:00:00,95.1307040555071,0a820e12-033b-45d6-9ef9-d70f4c5e5b63,39.889883,-111.2494615
2019-02-10 06:00:00,100.0,0a820e12-033b-45d6-9ef9-d70f4c5e5b63,39.889883,-111.2494615
2019-02-11 06:00:00,95.17844153689695,0a820e12-033b-45d6-9ef9-d70f4c5e5b63,39.889883,-111.2494615
2019-02-12 06:00:00,89.79104755978038,0a820e12-033b-45d6-9ef9-d70f4c5e5b63,39.889883,-111.2494615
2019-02-13 06:00:00,64.16785217960714,0a820e12-033b-45d6-9ef9-d70f4c5e5b63,39.889883,-111.2494615
2019-02-14 06:00:00,74.44773900726877,0a820e12-033b-45d6-9ef9-d70f4c5e5b63,39.889883,-111.2494615
2019-02-15 06:00:00,94.88238697951522,0a820e12-033b-45d6-9ef9-d70f4c5e5b63,39.889883,-111.2494615
2019-02-16 06:00:00,100.0,0a820e12-033b-45d6-9ef9-d70f4c5e5b63,39.889883,-111.2494615
2019-02-17 06:00:00,100.0,0a820e12-033b-45d6-9ef9-d70f4c5e5b63,39.889883,-111.2494615
2019-02-18 06:00:00,100.0,0a820e12-033b-45d6-9ef9-d70f4c5e5b63,39.889883,-111.2494615
2019-02-19 06:00:00,96.94475384327627,0a820e12-033b-45d6-9ef9-d70f4c5e5b63,39.889883,-111.2494615
2019-02-20 06:00:00,100.0,0a820e12-033b-45d6-9ef9-d70f4c5e5b63,39.889883,-111.2494615
2019-02-21 06:00:00,100.0,0a820e12-033b-45d6-9ef9-d70f4c5e5b63,39.889883,-111.2494615
2019-02-22 06:00:00,99.1884518899633,0a820e12-033b-45d6-9ef9-d70f4c5e5b63,39.889883,-111.2494615
2019-02-23 06:00:00,86.14224911378598,0a820e12-033b-45d6-9ef9-d70f4c5e5b63,39.889883,-111.2494615
2019-02-24 06:00:00,98.56785370548604,0a820e12-033b-45d6-9ef9-d70f4c5e5b63,39.889883,-111.2494615
2019-02-25 06:00:00,78.6316673858907,0a820e12-033b-45d6-9ef9-d70f4c5e5b63,39.889883,-111.2494615
2019-02-26 06:00:00,78.18094321462947,0a820e12-033b-45d6-9ef9-d70f4c5e5b63,39.889883,-111.2494615
2019-02-27 06:00:00,85.21665215148043,0a820e12-033b-45d6-9ef9-d70f4c5e5b63,39.889883,-111.2494615
2019-02-28 06:00:00,77.81356994364556,0a820e12-033b-45d6-9ef9-d70f4c5e5b63,39.889883,-111.2494615
2019-03-01 06:00:00,66.2472585727666,0a820e12-033b-45d6-9ef9-d70f4c5e5b63,39.889883,-111.2494615
2019-03-02 06:00:00,83.98594962185226,0a820e12-033b-45d6-9ef9-d70f4c5e5b63,39.889883,-111.2494615
2019-03-03 06:00:00,85.21058630553199,0a820e12-033b-45d6-9ef9-d70f4c5e5b63,39.889883,-111.2494615
2019-03-04 06:00:00,94.97439693417886,0a820e12-033b-45d6-9ef9-d70f4c5e5b63,39.889883,-111.2494615
2019-03-05 06:00:00,100.0,0a820e12-033b-45d6-9ef9-d70f4c5e5b63,39.889883,-111.2494615
2019-03-06 06:00:00,79.91260907464125,0a820e12-033b-45d6-9ef9-d70f4c5e5b63,39.889883,-111.2494615
2019-03-07 06:00:00,72.5382106145835,0a820e12-033b-45d6-9ef9-d70f4c5e5b63,39.889883,-111.2494615
2019-03-08 06:00:00,99.94773900726878,0a820e12-033b-45d6-9ef9-d70f4c5e5b63,39.889883,-111.2494615
2019-03-09 06:00:00,82.60654780632952,0a820e12-033b-45d6-9ef9-d70f4c5e5b63,39.889883,-111.2494615
2019-03-10 06:00:00,75.85678391369407,0a820e12-033b-45d6-9ef9-d70f4c5e5b63,39.889883,-111.2494615
2019-03-11 06:00:00,77.09701331012862,0a820e12-033b-45d6-9ef9-d70f4c5e5b63,39.889883,-111.2494615
2019-03-12 06:00:00,82.6553401488083,0a820e12-033b-45d6-9ef9-d70f4c5e5b63,39.889883,-111.2494615
2019-03-13 06:00:00,82.0020218336089,0a820e12-033b-45d6-9ef9-d70f4c5e5b63,39.889883,-111.2494615
2019-03-14 06:00:00,100.0,0a820e12-033b-45d6-9ef9-d70f4c5e5b63,39.889883,-111.2494615
2019-03-15 06:00:00,100.0,0a820e12-033b-45d6-9ef9-d70f4c5e5b63,39.889883,-111.2494615
2019-03-16 06:00:00,71.18296504823834,0a820e12-033b-45d6-9ef9-d70f4c5e5b63,39.889883,-111.2494615
2019-03-17 06:00:00,65.2151098168734,0a820e12-033b-45d6-9ef9-d70f4c5e5b63,39.889883,-111.2494615
2019-03-18 06:00:00,64.41260907464124,0a820e12-033b-45d6-9ef9-d70f4c5e5b63,39.889883,-111.2494615
2019-03-19 06:00:00,69.4397504878113,0a820e12-033b-45d6-9ef9-d70f4c5e5b63,39.889883,-111.2494615
2019-03-20 06:00:00,65.42570010966354,0a820e12-033b-45d6-9ef9-d70f4c5e5b63,39.889883,-111.2494615
2019-03-21 06:00:00,67.84677538169588,0a820e12-033b-45d6-9ef9-d70f4c5e5b63,39.889883,-111.2494615
2019-03-22 06:00:00,75.51559271275481,0a820e12-033b-45d6-9ef9-d70f4c5e5b63,39.889883,-111.2494615
2019-03-23 06:00:00,72.14677661238554,0a820e12-033b-45d6-9ef9-d70f4c5e5b63,39.889883,-111.2494615
2019-03-24 06:00:00,90.74427340877413,0a820e12-033b-45d6-9ef9-d70f4c5e5b63,39.889883,-111.2494615
2019-03-25 06:00:00,80.45582304468971,0a820e12-033b-45d6-9ef9-d70f4c5e5b63,39.889883,-111.2494615
2019-03-26 06:00:00,54.725697353095015,0a820e12-033b-45d6-9ef9-d70f4c5e5b63,39.889883,-111.2494615
2019-03-27 06:00:00,51.076419235537905,0a820e12-033b-45d6-9ef9-d70f4c5e5b63,39.889883,-111.2494615
2019-03-28 06:00:00,55.89749802707822,0a820e12-033b-45d6-9ef9-d70f4c5e5b63,39.889883,-111.2494615
2019-03-29 06:00:00,79.40654322869281,0a820e12-033b-45d6-9ef9-d70f4c5e5b63,39.889883,-111.2494615
2019-03-30 06:00:00,74.95726587407515,0a820e12-033b-45d6-9ef9-d70f4c5e5b63,39.889883,-111.2494615
2019-03-31 06:00:00,67.69749527050969,0a820e12-033b-45d6-9ef9-d70f4c5e5b63,39.889883,-111.2494615
2019-04-01 06:00:00,71.05832683867968,0a820e12-033b-45d6-9ef9-d70f4c5e5b63,39.889883,-111.2494615
2019-04-02 06:00:00,62.22666068347861,0a820e12-033b-45d6-9ef9-d70f4c5e5b63,39.889883,-111.2494615
2019-04-03 06:00:00,76.57892290689949,0a820e12-033b-45d6-9ef9-d70f4c5e5b63,39.889883,-111.2494615
2019-04-04 06:00:00,78.03570893685098,0a820e12-033b-45d6-9ef9-d70f4c5e5b63,39.889883,-111.2494615
2019-04-05 06:00:00,66.89499452827755,0a820e12-033b-45d6-9ef9-d70f4c5e5b63,39.889883,-111.2494615
2019-04-06 06:00:00,86.19451409377537,0a820e12-033b-45d6-9ef9-d70f4c5e5b63,39.889883,-111.2494615
2019-04-07 06:00:00,69.44475384327627,0a820e12-033b-45d6-9ef9-d70f4c5e5b63,39.889883,-111.2494615
2019-04-08 06:00:00,60.797017887765335,0a820e12-033b-45d6-9ef9-d70f4c5e5b63,39.889883,-111.2494615
2019-04-09 06:00:00,80.41809591636621,0a820e12-033b-45d6-9ef9-d70f4c5e5b63,39.889883,-111.2494615
2019-04-10 06:00:00,75.37035843497634,0a820e12-033b-45d6-9ef9-d70f4c5e5b63,39.889883,-111.2494615
2019-04-11 06:00:00,79.52714141317007,0a820e12-033b-45d6-9ef9-d70f4c5e5b63,39.889883,-111.2494615
2019-04-12 06:00:00,81.96833507548858,0a820e12-033b-45d6-9ef9-d70f4c5e5b63,39.889883,-111.2494615
2019-04-13 06:00:00,77.3286791701404,0a820e12-033b-45d6-9ef9-d70f4c5e5b63,39.889883,-111.2494615
2019-04-14 06:00:00,74.32463914505901,0a820e12-033b-45d6-9ef9-d70f4c5e5b63,39.889883,-111.2494615
2019-04-15 06:00:00,55.34321502817721,0a820e12-033b-45d6-9ef9-d70f4c5e5b63,39.889883,-111.2494615
2019-04-16 06:00:00,79.11559118687589,0a820e12-033b-45d6-9ef9-d70f4c5e5b63,39.889883,-111.2494615
2019-04-17 06:00:00,78.50904702268275,0a820e12-033b-45d6-9ef9-d70f4c5e5b63,39.889883,-111.2494615
2019-04-18 06:00:00,72.59951862999749,0a820e12-033b-45d6-9ef9-d70f4c5e5b63,39.889883,-111.2494615
2019-04-19 06:00:00,58.08142441207107,0a820e12-033b-45d6-9ef9-d70f4c5e5b63,39.889883,-111.2494615
2019-04-20 06:00:00,47.77237615869869,0a820e12-033b-45d6-9ef9-d70f4c5e5b63,39.889883,-111.2494615
2019-04-21 06:00:00,72.72213899320542,0a820e12-033b-45d6-9ef9-d70f4c5e5b63,39.889883,-111.2494615
2019-04-22 06:00:00,80.58344641824085,0a820e12-033b-45d6-9ef9-d70f4c5e5b63,39.889883,-111.2494615
2019-04-23 06:00:00,79.20856447192313,0a820e12-033b-45d6-9ef9-d70f4c5e5b63,39.889883,-111.2494615
2019-04-24 06:00:00,72.27487983006026,0a820e12-033b-45d6-9ef9-d70f4c5e5b63,39.889883,-111.2494615
2019-04-25 06:00:00,75.39499452827755,0a820e12-033b-45d6-9ef9-d70f4c5e5b63,39.889883,-111.2494615
2019-04-26 06:00:00,70.69903760511674,0a820e12-033b-45d6-9ef9-d70f4c5e5b63,39.889883,-111.2494615
2019-04-27 06:00:00,68.85832226104296,0a820e12-033b-45d6-9ef9-d70f4c5e5b63,39.889883,-111.2494615
2019-04-28 06:00:00,75.5999984741211,0a820e12-033b-45d6-9ef9-d70f4c5e5b63,39.889883,-111.2494615
2019-04-29 06:00:00,71.68190654501304,0a820e12-033b-45d6-9ef9-d70f4c5e5b63,39.889883,-111.2494615
2019-04-30 06:00:00,95.99095297731724,0a820e12-033b-45d6-9ef9-d70f4c5e5b63,39.889883,-111.2494615
2019-05-01 06:00:00,75.28594868635192,0a820e12-033b-45d6-9ef9-d70f4c5e5b63,39.889883,-111.2494615
2019-05-02 06:00:00,68.66082699053327,0a820e12-033b-45d6-9ef9-d70f4c5e5b63,39.889883,-111.2494615
2019-05-03 06:00:00,52.27189648713597,0a820e12-033b-45d6-9ef9-d70f4c5e5b63,39.889883,-111.2494615
2019-05-04 06:00:00,48.017612725295514,0a820e12-033b-45d6-9ef9-d70f4c5e5b63,39.889883,-111.2494615
2019-05-05 06:00:00,55.887969166642776,0a820e12-033b-45d6-9ef9-d70f4c5e5b63,39.889883,-111.2494615
2019-05-06 06:00:00,54.28344518755122,0a820e12-033b-45d6-9ef9-d70f4c5e5b63,39.889883,-111.2494615
2019-05-07 06:00:00,62.129161893460925,0a820e12-033b-45d6-9ef9-d70f4c5e5b63,39.889883,-111.2494615
2019-05-08 06:00:00,78.71607314725698,0a820e12-033b-45d6-9ef9-d70f4c5e5b63,39.889883,-111.2494615
2019-05-09 06:00:00,70.76631230637935,0a820e12-033b-45d6-9ef9-d70f4c5e5b63,39.889883,-111.2494615
2019-05-10 06:00:00,71.02665792691008,0a820e12-033b-45d6-9ef9-d70f4c5e5b63,39.889883,-111.2494615
2019-05-11 06:00:00,65.89249285054505,0a820e12-033b-45d6-9ef9-d70f4c5e5b63,39.889883,-111.2494615
2019-05-12 06:00:00,51.55630301144171,0a820e12-033b-45d6-9ef9-d70f4c5e5b63,39.889883,-111.2494615
2019-05-13 06:00:00,48.10856599780204,0a820e12-033b-45d6-9ef9-d70f4c5e5b63,39.889883,-111.2494615
2019-05-14 06:00:00,51.10856599780203,0a820e12-033b-45d6-9ef9-d70f4c5e5b63,39.889883,-111.2494615
2019-05-15 06:00:00,51.156305300260065,0a820e12-033b-45d6-9ef9-d70f4c5e5b63,39.889883,-111.2494615
2019-05-16 06:00:00,65.59345677130719,0a820e12-033b-45d6-9ef9-d70f4c5e5b63,39.889883,-111.2494615
2019-05-17 06:00:00,66.0180943904873,0a820e12-033b-45d6-9ef9-d70f4c5e5b63,39.889883,-111.2494615
2019-05-18 06:00:00,70.71809498086587,0a820e12-033b-45d6-9ef9-d70f4c5e5b63,39.889883,-111.2494615
2019-05-19 06:00:00,73.92261942770759,0a820e12-033b-45d6-9ef9-d70f4c5e5b63,39.889883,-111.2494615
2019-05-20 06:00:00,71.35178055822907,0a820e12-033b-45d6-9ef9-d70f4c5e5b63,39.889883,-111.2494615
2019-05-21 06:00:00,66.21809498086589,0a820e12-033b-45d6-9ef9-d70f4c5e5b63,39.889883,-111.2494615
2019-05-22 06:00:00,69.91809591636621,0a820e12-033b-45d6-9ef9-d70f4c5e5b63,39.889883,-111.2494615
2019-05-23 06:00:00,71.20202276910923,0a820e12-033b-45d6-9ef9-d70f4c5e5b63,39.889883,-111.2494615
2019-05-24 06:00:00,74.04725763726624,0a820e12-033b-45d6-9ef9-d70f4c5e5b63,39.889883,-111.2494615
2019-05-25 06:00:00,68.43772865420242,0a820e12-033b-45d6-9ef9-d70f4c5e5b63,39.889883,-111.2494615
2019-05-26 06:00:00,55.71761348823495,0a820e12-033b-45d6-9ef9-d70f4c5e5b63,39.889883,-111.2494615
2019-05-27 06:00:00,66.1135729954034,0a820e12-033b-45d6-9ef9-d70f4c5e5b63,39.889883,-111.2494615
2019-05-28 06:00:00,66.82463914505901,0a820e12-033b-45d6-9ef9-d70f4c5e5b63,39.889883,-111.2494615
2019-05-29 06:00:00,70.18142670088943,0a820e12-033b-45d6-9ef9-d70f4c5e5b63,39.889883,-111.2494615
2019-05-30 06:00:00,70.00606584594846,0a820e12-033b-45d6-9ef9-d70f4c5e5b63,39.889883,-111.2494615
2019-05-31 06:00:00,68.0176145463637,0a820e12-033b-45d6-9ef9-d70f4c5e5b63,39.889883,-111.2494615
2019-06-01 06:00:00,66.87690013779024,0a820e12-033b-45d6-9ef9-d70f4c5e5b63,39.889883,-111.2494615
2019-06-02 06:00:00,69.76333078452323,0a820e12-033b-45d6-9ef9-d70f4c5e5b63,39.889883,-111.2494615
2019-06-03 06:00:00,68.65630347919188,0a820e12-033b-45d6-9ef9-d70f4c5e5b63,39.889883,-111.2494615
2019-06-04 06:00:00,69.40856506230168,0a820e12-033b-45d6-9ef9-d70f4c5e5b63,39.889883,-111.2494615
2019-06-05 06:00:00,64.00856752368094,0a820e12-033b-45d6-9ef9-d70f4c5e5b63,39.889883,-111.2494615
2019-06-06 06:00:00,63.81511227825265,0a820e12-033b-45d6-9ef9-d70f4c5e5b63,39.889883,-111.2494615
2019-06-07 06:00:00,69.80250472949031,0a820e12-033b-45d6-9ef9-d70f4c5e5b63,39.889883,-111.2494615
2019-06-08 06:00:00,64.58594809597335,0a820e12-033b-45d6-9ef9-d70f4c5e5b63,39.889883,-111.2494615
2019-06-09 06:00:00,52.900001525878906,0a820e12-033b-45d6-9ef9-d70f4c5e5b63,39.889883,-111.2494615
2019-06-10 06:00:00,46.769874480966195,0a820e12-033b-45d6-9ef9-d70f4c5e5b63,39.889883,-111.2494615
2019-06-11 06:00:00,50.2130879832645,0a820e12-033b-45d6-9ef9-d70f4c5e5b63,39.889883,-111.2494615
2019-06-12 06:00:00,55.04725581619806,0a820e12-033b-45d6-9ef9-d70f4c5e5b63,39.889883,-111.2494615
2019-06-13 06:00:00,56.64023092231347,0a820e12-033b-45d6-9ef9-d70f4c5e5b63,39.889883,-111.2494615
2019-06-14 06:00:00,61.535708936850995,0a820e12-033b-45d6-9ef9-d70f4c5e5b63,39.889883,-111.2494615
2019-06-15 06:00:00,65.07439722936812,0a820e12-033b-45d6-9ef9-d70f4c5e5b63,39.889883,-111.2494615
2019-06-16 06:00:00,58.97439693417884,0a820e12-033b-45d6-9ef9-d70f4c5e5b63,39.889883,-111.2494615
2019-06-17 06:00:00,60.14725810501643,0a820e12-033b-45d6-9ef9-d70f4c5e5b63,39.889883,-111.2494615
2019-06-18 06:00:00,64.62011469821728,0a820e12-033b-45d6-9ef9-d70f4c5e5b63,39.889883,-111.2494615
2019-06-19 06:00:00,58.41963426371511,0a820e12-033b-45d6-9ef9-d70f4c5e5b63,39.889883,-111.2494615
2019-06-20 06:00:00,62.209047958183106,0a820e12-033b-45d6-9ef9-d70f4c5e5b63,39.889883,-111.2494615
2019-06-21 06:00:00,62.27487965749937,0a820e12-033b-45d6-9ef9-d70f4c5e5b63,39.889883,-111.2494615
2019-06-22 06:00:00,55.61106949660271,0a820e12-033b-45d6-9ef9-d70f4c5e5b63,39.889883,-111.2494615
2019-06-23 06:00:00,58.58594809597335,0a820e12-033b-45d6-9ef9-d70f4c5e5b63,39.889883,-111.2494615
2019-06-24 06:00:00,49.749278585307295,0a820e12-033b-45d6-9ef9-d70f4c5e5b63,39.889883,-111.2494615
2019-06-25 06:00:00,40.687968403703316,0a820e12-033b-45d6-9ef9-d70f4c5e5b63,39.889883,-111.2494615
2019-06-26 06:00:00,38.35832607574022,0a820e12-033b-45d6-9ef9-d70f4c5e5b63,39.889883,-111.2494615
2019-06-27 06:00:00,39.197015598946976,0a820e12-033b-45d6-9ef9-d70f4c5e5b63,39.889883,-111.2494615
2019-06-28 06:00:00,38.05630301144171,0a820e12-033b-45d6-9ef9-d70f4c5e5b63,39.889883,-111.2494615
2019-06-29 06:00:00,42.89047084437527,0a820e12-033b-45d6-9ef9-d70f4c5e5b63,39.889883,-111.2494615
2019-06-30 06:00:00,63.64475261258666,0a820e12-033b-45d6-9ef9-d70f4c5e5b63,39.889883,-111.2494615
2019-07-01 06:00:00,69.30404307683919,0a820e12-033b-45d6-9ef9-d70f4c5e5b63,39.889883,-111.2494615
2019-07-02 06:00:00,47.83772818645223,0a820e12-033b-45d6-9ef9-d70f4c5e5b63,39.889883,-111.2494615
2019-07-03 06:00:00,42.860827753472726,0a820e12-033b-45d6-9ef9-d70f4c5e5b63,39.889883,-111.2494615
2019-07-04 06:00:00,52.84273336298542,0a820e12-033b-45d6-9ef9-d70f4c5e5b63,39.889883,-111.2494615
2019-07-05 06:00:00,53.83166433413288,0a820e12-033b-45d6-9ef9-d70f4c5e5b63,39.889883,-111.2494615
2019-07-06 06:00:00,39.81559194981536,0a820e12-033b-45d6-9ef9-d70f4c5e5b63,39.889883,-111.2494615
2019-07-07 06:00:00,48.15832531280077,0a820e12-033b-45d6-9ef9-d70f4c5e5b63,39.889883,-111.2494615
2019-07-08 06:00:00,51.45630453732063,0a820e12-033b-45d6-9ef9-d70f4c5e5b63,39.889883,-111.2494615
2019-07-09 06:00:00,47.779403341401654,0a820e12-033b-45d6-9ef9-d70f4c5e5b63,39.889883,-111.2494615
2019-07-10 06:00:00,40.57237721682742,0a820e12-033b-45d6-9ef9-d70f4c5e5b63,39.889883,-111.2494615
2019-07-11 06:00:00,41.45630453732061,0a820e12-033b-45d6-9ef9-d70f4c5e5b63,39.889883,-111.2494615
2019-07-12 06:00:00,47.578920913270395,0a820e12-033b-45d6-9ef9-d70f4c5e5b63,39.889883,-111.2494615
2019-07-13 06:00:00,56.392492850545054,0a820e12-033b-45d6-9ef9-d70f4c5e5b63,39.889883,-111.2494615
2019-07-14 06:00:00,59.38796916664278,0a820e12-033b-45d6-9ef9-d70f4c5e5b63,39.889883,-111.2494615
2019-07-15 06:00:00,42.73570588509318,0a820e12-033b-45d6-9ef9-d70f4c5e5b63,39.889883,-111.2494615
2019-07-16 06:00:00,37.413088746203954,0a820e12-033b-45d6-9ef9-d70f4c5e5b63,39.889883,-111.2494615
2019-07-17 06:00:00,34.70606370472473,0a820e12-033b-45d6-9ef9-d70f4c5e5b63,39.889883,-111.2494615
2019-07-18 06:00:00,38.458324549861324,0a820e12-033b-45d6-9ef9-d70f4c5e5b63,39.889883,-111.2494615
2019-07-19 06:00:00,41.487969634392954,0a820e12-033b-45d6-9ef9-d70f4c5e5b63,39.889883,-111.2494615
2019-07-20 06:00:00,39.21761348823496,0a820e12-033b-45d6-9ef9-d70f4c5e5b63,39.889883,-111.2494615
2019-07-21 06:00:00,42.56535202775355,0a820e12-033b-45d6-9ef9-d70f4c5e5b63,39.889883,-111.2494615
2019-07-22 06:00:00,35.50202001254069,0a820e12-033b-45d6-9ef9-d70f4c5e5b63,39.889883,-111.2494615
2019-07-23 06:00:00,43.354282235961556,0a820e12-033b-45d6-9ef9-d70f4c5e5b63,39.889883,-111.2494615
2019-07-24 06:00:00,53.93166462932216,0a820e12-033b-45d6-9ef9-d70f4c5e5b63,39.889883,-111.2494615
2019-07-25 06:00:00,57.86785294254659,0a820e12-033b-45d6-9ef9-d70f4c5e5b63,39.889883,-111.2494615
2019-07-26 06:00:00,69.5794024059013,0a820e12-033b-45d6-9ef9-d70f4c5e5b63,39.889883,-111.2494615
2019-07-27 06:00:00,80.77237815232778,0a820e12-033b-45d6-9ef9-d70f4c5e5b63,39.889883,-111.2494615
2019-07-28 06:00:00,70.64725611138735,0a820e12-033b-45d6-9ef9-d70f4c5e5b63,39.889883,-111.2494615
2019-07-29 06:00:00,41.758807273181844,0a820e12-033b-45d6-9ef9-d70f4c5e5b63,39.889883,-111.2494615
2019-07-30 06:00:00,37.41559224500463,0a820e12-033b-45d6-9ef9-d70f4c5e5b63,39.889883,-111.2494615
2019-07-31 06:00:00,62.079404399530375,0a820e12-033b-45d6-9ef9-d70f4c5e5b63,39.889883,-111.2494615
2019-08-01 06:00:00,83.61857635086837,0a820e12-033b-45d6-9ef9-d70f4c5e5b63,39.889883,-111.2494615
2019-08-02 06:00:00,65.24523275189955,0a820e12-033b-45d6-9ef9-d70f4c5e5b63,39.889883,-111.2494615
2019-08-03 06:00:00,61.89749802707823,0a820e12-033b-45d6-9ef9-d70f4c5e5b63,39.889883,-111.2494615
2019-08-04 06:00:00,60.12213670438706,0a820e12-033b-45d6-9ef9-d70f4c5e5b63,39.889883,-111.2494615
2019-08-05 06:00:00,58.031183431880535,0a820e12-033b-45d6-9ef9-d70f4c5e5b63,39.889883,-111.2494615
2019-08-06 06:00:00,52.0764192355379,0a820e12-033b-45d6-9ef9-d70f4c5e5b63,39.889883,-111.2494615
2019-08-07 06:00:00,75.77487983006027,0a820e12-033b-45d6-9ef9-d70f4c5e5b63,39.889883,-111.2494615
2019-08-08 06:00:00,93.85678391369406,0a820e12-033b-45d6-9ef9-d70f4c5e5b63,39.889883,-111.2494615
2019-08-09 06:00:00,81.8281038080533,0a820e12-033b-45d6-9ef9-d70f4c5e5b63,39.889883,-111.2494615
2019-08-10 06:00:00,59.574878894559916,0a820e12-033b-45d6-9ef9-d70f4c5e5b63,39.889883,-111.2494615
2019-08-11 06:00:00,59.49451315827503,0a820e12-033b-45d6-9ef9-d70f4c5e5b63,39.889883,-111.2494615
2019-08-12 06:00:00,56.64273260004596,0a820e12-033b-45d6-9ef9-d70f4c5e5b63,39.889883,-111.2494615
2019-08-13 06:00:00,53.28594686528371,0a820e12-033b-45d6-9ef9-d70f4c5e5b63,39.889883,-111.2494615
2019-08-14 06:00:00,49.36987494871637,0a820e12-033b-45d6-9ef9-d70f4c5e5b63,39.889883,-111.2494615
2019-08-15 06:00:00,46.40606355713009,0a820e12-033b-45d6-9ef9-d70f4c5e5b63,39.889883,-111.2494615
2019-08-16 06:00:00,50.87439846005775,0a820e12-033b-45d6-9ef9-d70f4c5e5b63,39.889883,-111.2494615
2019-08-17 06:00:00,52.7879688714535,0a820e12-033b-45d6-9ef9-d70f4c5e5b63,39.889883,-111.2494615
2019-08-18 06:00:00,42.87892197139912,0a820e12-033b-45d6-9ef9-d70f4c5e5b63,39.889883,-111.2494615
2019-08-19 06:00:00,38.91761425117442,0a820e12-033b-45d6-9ef9-d70f4c5e5b63,39.889883,-111.2494615
2019-08-20 06:00:00,39.508565530051854,0a820e12-033b-45d6-9ef9-d70f4c5e5b63,39.889883,-111.2494615
2019-08-21 06:00:00,37.36987494871637,0a820e12-033b-45d6-9ef9-d70f4c5e5b63,39.889883,-111.2494615
2019-08-22 06:00:00,38.462850054831776,0a820e12-033b-45d6-9ef9-d70f4c5e5b63,39.889883,-111.2494615
2019-08-23 06:00:00,50.63570741097209,0a820e12-033b-45d6-9ef9-d70f4c5e5b63,39.889883,-111.2494615
2019-08-24 06:00:00,57.64475460621575,0a820e12-033b-45d6-9ef9-d70f4c5e5b63,39.889883,-111.2494615
2019-08-25 06:00:00,53.560346851220366,0a820e12-033b-45d6-9ef9-d70f4c5e5b63,39.889883,-111.2494615
2019-08-26 06:00:00,57.983445950490676,0a820e12-033b-45d6-9ef9-d70f4c5e5b63,39.889883,-111.2494615
2019-08-27 06:00:00,38.72011516596746,0a820e12-033b-45d6-9ef9-d70f4c5e5b63,39.889883,-111.2494615
2019-08-28 06:00:00,45.4789224391493,0a820e12-033b-45d6-9ef9-d70f4c5e5b63,39.889883,-111.2494615
2019-08-29 06:00:00,58.10654399163225,0a820e12-033b-45d6-9ef9-d70f4c5e5b63,39.889883,-111.2494615
2019-08-30 06:00:00,57.42665945278898,0a820e12-033b-45d6-9ef9-d70f4c5e5b63,39.889883,-111.2494615
2019-08-31 06:00:00,56.915110752373735,0a820e12-033b-45d6-9ef9-d70f4c5e5b63,39.889883,-111.2494615
2019-09-01 06:00:00,46.82868099120859,0a820e12-033b-45d6-9ef9-d70f4c5e5b63,39.889883,-111.2494615
2019-09-02 06:00:00,40.1718960193858,0a820e12-033b-45d6-9ef9-d70f4c5e5b63,39.889883,-111.2494615
2019-09-03 06:00:00,53.06987371802675,0a820e12-033b-45d6-9ef9-d70f4c5e5b63,39.889883,-111.2494615
2019-09-04 06:00:00,57.62666021572844,0a820e12-033b-45d6-9ef9-d70f4c5e5b63,39.889883,-111.2494615
2019-09-05 06:00:00,57.51559271275481,0a820e12-033b-45d6-9ef9-d70f4c5e5b63,39.889883,-111.2494615
2019-09-06 06:00:00,71.44273565180377,0a820e12-033b-45d6-9ef9-d70f4c5e5b63,39.889883,-111.2494615
2019-09-07 06:00:00,68.73820756282568,0a820e12-033b-45d6-9ef9-d70f4c5e5b63,39.889883,-111.2494615
2019-09-08 06:00:00,70.25880727318184,0a820e12-033b-45d6-9ef9-d70f4c5e5b63,39.889883,-111.2494615
2019-09-09 06:00:00,63.46785523136495,0a820e12-033b-45d6-9ef9-d70f4c5e5b63,39.889883,-111.2494615
2019-09-10 06:00:00,66.21809498086589,0a820e12-033b-45d6-9ef9-d70f4c5e5b63,39.889883,-111.2494615
2019-09-11 06:00:00,92.94523732953625,0a820e12-033b-45d6-9ef9-d70f4c5e5b63,39.889883,-111.2494615
2019-09-12 06:00:00,79.55678450407261,0a820e12-033b-45d6-9ef9-d70f4c5e5b63,39.889883,-111.2494615
2019-09-13 06:00:00,58.060828516412165,0a820e12-033b-45d6-9ef9-d70f4c5e5b63,39.889883,-111.2494615
2019-09-14 06:00:00,50.14475460621574,0a820e12-033b-45d6-9ef9-d70f4c5e5b63,39.889883,-111.2494615
2019-09-15 06:00:00,46.724159005746124,0a820e12-033b-45d6-9ef9-d70f4c5e5b63,39.889883,-111.2494615
2019-09-16 06:00:00,54.27690166366915,0a820e12-033b-45d6-9ef9-d70f4c5e5b63,39.889883,-111.2494615
2019-09-17 06:00:00,69.34225369142271,0a820e12-033b-45d6-9ef9-d70f4c5e5b63,39.889883,-111.2494615
2019-09-18 06:00:00,53.46737174510497,0a820e12-033b-45d6-9ef9-d70f4c5e5b63,39.889883,-111.2494615
2019-09-19 06:00:00,49.781425175010526,0a820e12-033b-45d6-9ef9-d70f4c5e5b63,39.889883,-111.2494615
2019-09-20 06:00:00,75.67737904641349,0a820e12-033b-45d6-9ef9-d70f4c5e5b63,39.889883,-111.2494615
2019-09-21 06:00:00,74.75880727318186,0a820e12-033b-45d6-9ef9-d70f4c5e5b63,39.889883,-111.2494615
2019-09-22 06:00:00,65.69047008143583,0a820e12-033b-45d6-9ef9-d70f4c5e5b63,39.889883,-111.2494615
2019-09-23 06:00:00,43.46987524390565,0a820e12-033b-45d6-9ef9-d70f4c5e5b63,39.889883,-111.2494615
2019-09-24 06:00:00,63.41559423863371,0a820e12-033b-45d6-9ef9-d70f4c5e5b63,39.889883,-111.2494615
2019-09-25 06:00:00,67.39701636188646,0a820e12-033b-45d6-9ef9-d70f4c5e5b63,39.889883,-111.2494615
2019-09-26 06:00:00,67.6357074109721,0a820e12-033b-45d6-9ef9-d70f4c5e5b63,39.889883,-111.2494615
2019-09-27 06:00:00,55.5743992229972,0a820e12-033b-45d6-9ef9-d70f4c5e5b63,39.889883,-111.2494615
2019-09-28 06:00:00,62.31607162137807,0a820e12-033b-45d6-9ef9-d70f4c5e5b63,39.889883,-111.2494615
2019-09-29 06:00:00,91.39047465907254,0a820e12-033b-45d6-9ef9-d70f4c5e5b63,39.889883,-111.2494615
2019-09-30 06:00:00,61.47439693417885,0a820e12-033b-45d6-9ef9-d70f4c5e5b63,39.889883,-111.2494615
2019-10-01 06:00:00,67.54725763726624,0a820e12-033b-45d6-9ef9-d70f4c5e5b63,39.889883,-111.2494615
2019-10-02 06:00:00,67.98142212325271,0a820e12-033b-45d6-9ef9-d70f4c5e5b63,39.889883,-111.2494615
2019-10-03 06:00:00,45.66487083031193,0a820e12-033b-45d6-9ef9-d70f4c5e5b63,39.889883,-111.2494615
2019-10-04 06:00:00,53.244754901405024,0a820e12-033b-45d6-9ef9-d70f4c5e5b63,39.889883,-111.2494615
2019-10-05 06:00:00,55.22916418227929,0a820e12-033b-45d6-9ef9-d70f4c5e5b63,39.889883,-111.2494615
2019-10-06 06:00:00,56.09499511865611,0a820e12-033b-45d6-9ef9-d70f4c5e5b63,39.889883,-111.2494615
2019-10-07 06:00:00,34.95832454986132,0a820e12-033b-45d6-9ef9-d70f4c5e5b63,39.889883,-111.2494615
2019-10-08 06:00:00,44.30808509554968,0a820e12-033b-45d6-9ef9-d70f4c5e5b63,39.889883,-111.2494615
2019-10-09 06:00:00,68.16583398813464,0a820e12-033b-45d6-9ef9-d70f4c5e5b63,39.889883,-111.2494615
2019-10-10 06:00:00,64.83368616774177,0a820e12-033b-45d6-9ef9-d70f4c5e5b63,39.889883,-111.2494615
2019-10-11 06:00:00,42.41559224500463,0a820e12-033b-45d6-9ef9-d70f4c5e5b63,39.889883,-111.2494615
2019-10-12 06:00:00,25.822136470511975,0a820e12-033b-45d6-9ef9-d70f4c5e5b63,39.889883,-111.2494615
2019-10-13 06:00:00,30.135707410972092,0a820e12-033b-45d6-9ef9-d70f4c5e5b63,39.889883,-111.2494615
2019-10-14 06:00:00,34.601539725633174,0a820e12-033b-45d6-9ef9-d70f4c5e5b63,39.889883,-111.2494615
2019-10-15 06:00:00,36.640230922313464,0a820e12-033b-45d6-9ef9-d70f4c5e5b63,39.889883,-111.2494615
2019-10-16 06:00:00,36.71963350077566,0a820e12-033b-45d6-9ef9-d70f4c5e5b63,39.889883,-111.2494615
2019-10-17 06:00:00,57.667852179607145,0a820e12-033b-45d6-9ef9-d70f4c5e5b63,39.889883,-111.2494615
2019-10-18 06:00:00,78.88094016287162,0a820e12-033b-45d6-9ef9-d70f4c5e5b63,39.889883,-111.2494615
2019-10-19 06:00:00,70.91260907464125,0a820e12-033b-45d6-9ef9-d70f4c5e5b63,39.889883,-111.2494615
2019-10-20 06:00:00,73.56631535813716,0a820e12-033b-45d6-9ef9-d70f4c5e5b63,39.889883,-111.2494615
2019-10-21 06:00:00,67.07487889455992,0a820e12-033b-45d6-9ef9-d70f4c5e5b63,39.889883,-111.2494615
2019-10-22 06:00:00,67.97689861191134,0a820e12-033b-45d6-9ef9-d70f4c5e5b63,39.889883,-111.2494615
2019-10-23 06:00:00,86.58998812105473,0a820e12-033b-45d6-9ef9-d70f4c5e5b63,39.889883,-111.2494615
2019-10-24 06:00:00,62.74022939643456,0a820e12-033b-45d6-9ef9-d70f4c5e5b63,39.889883,-111.2494615
2019-10-25 06:00:00,64.02665792691008,0a820e12-033b-45d6-9ef9-d70f4c5e5b63,39.889883,-111.2494615
2019-10-26 06:00:00,71.29701788776535,0a820e12-033b-45d6-9ef9-d70f4c5e5b63,39.889883,-111.2494615
2019-10-27 06:00:00,100.0,0a820e12-033b-45d6-9ef9-d70f4c5e5b63,39.889883,-111.2494615
2019-10-28 06:00:00,72.02310138808866,0a820e12-033b-45d6-9ef9-d70f4c5e5b63,39.889883,-111.2494615
2019-10-29 06:00:00,100.0,0a820e12-033b-45d6-9ef9-d70f4c5e5b63,39.889883,-111.2494615
2019-10-30 06:00:00,100.0,0a820e12-033b-45d6-9ef9-d70f4c5e5b63,39.889883,-111.2494615
2019-10-31 06:00:00,68.80202124323031,0a820e12-033b-45d6-9ef9-d70f4c5e5b63,39.889883,-111.2494615
2019-11-01 06:00:00,52.86487159325137,0a820e12-033b-45d6-9ef9-d70f4c5e5b63,39.889883,-111.2494615
2019-11-02 06:00:00,50.51511104756301,0a820e12-033b-45d6-9ef9-d70f4c5e5b63,39.889883,-111.2494615
2019-11-03 06:00:00,33.33570817391155,0a820e12-033b-45d6-9ef9-d70f4c5e5b63,39.889883,-111.2494615
2019-11-04 06:00:00,55.1920104224138,0a820e12-033b-45d6-9ef9-d70f4c5e5b63,39.889883,-111.2494615
2019-11-05 06:00:00,63.92165427625581,0a820e12-033b-45d6-9ef9-d70f4c5e5b63,39.889883,-111.2494615
2019-11-06 06:00:00,51.35380057076976,0a820e12-033b-45d6-9ef9-d70f4c5e5b63,39.889883,-111.2494615
2019-11-07 06:00:00,47.99903866324549,0a820e12-033b-45d6-9ef9-d70f4c5e5b63,39.889883,-111.2494615
2019-11-08 06:00:00,45.83772818645224,0a820e12-033b-45d6-9ef9-d70f4c5e5b63,39.889883,-111.2494615
2019-11-09 06:00:00,39.68094321462946,0a820e12-033b-45d6-9ef9-d70f4c5e5b63,39.889883,-111.2494615
2019-11-10 06:00:00,44.36284776601342,0a820e12-033b-45d6-9ef9-d70f4c5e5b63,39.889883,-111.2494615
2019-11-11 06:00:00,73.97343759105341,0a820e12-033b-45d6-9ef9-d70f4c5e5b63,39.889883,-111.2494615
2019-11-12 06:00:00,41.989989646933644,0a820e12-033b-45d6-9ef9-d70f4c5e5b63,39.889883,-111.2494615
2019-11-13 06:00:00,56.80105791284673,0a820e12-033b-45d6-9ef9-d70f4c5e5b63,39.889883,-111.2494615
2019-11-14 06:00:00,68.64177325692053,0a820e12-033b-45d6-9ef9-d70f4c5e5b63,39.889883,-111.2494615
2019-11-15 06:00:00,51.83522650871975,0a820e12-033b-45d6-9ef9-d70f4c5e5b63,39.889883,-111.2494615
2019-11-16 06:00:00,67.0196327378362,0a820e12-033b-45d6-9ef9-d70f4c5e5b63,39.889883,-111.2494615
2019-11-17 06:00:00,61.19047008143582,0a820e12-033b-45d6-9ef9-d70f4c5e5b63,39.889883,-111.2494615
2019-11-18 06:00:00,69.60808615367841,0a820e12-033b-45d6-9ef9-d70f4c5e5b63,39.889883,-111.2494615
2019-11-19 06:00:00,57.984986291468665,0a820e12-033b-45d6-9ef9-d70f4c5e5b63,39.889883,-111.2494615
2019-11-20 06:00:00,84.09903913099566,0a820e12-033b-45d6-9ef9-d70f4c5e5b63,39.889883,-111.2494615
2019-11-21 06:00:00,98.18594657009444,0a820e12-033b-45d6-9ef9-d70f4c5e5b63,39.889883,-111.2494615
2019-11-22 06:00:00,87.05380332733829,0a820e12-033b-45d6-9ef9-d70f4c5e5b63,39.889883,-111.2494615
2019-11-23 06:00:00,89.44427399915267,0a820e12-033b-45d6-9ef9-d70f4c5e5b63,39.889883,-111.2494615
2019-11-24 06:00:00,73.33416601186538,0a820e12-033b-45d6-9ef9-d70f4c5e5b63,39.889883,-111.2494615
2019-11-25 06:00:00,91.40250320361142,0a820e12-033b-45d6-9ef9-d70f4c5e5b63,39.889883,-111.2494615
2019-11-26 06:00:00,99.26833413998821,0a820e12-033b-45d6-9ef9-d70f4c5e5b63,39.889883,-111.2494615
2019-11-27 06:00:00,77.97285858682994,0a820e12-033b-45d6-9ef9-d70f4c5e5b63,39.889883,-111.2494615
2019-11-28 06:00:00,88.20953144444307,0a820e12-033b-45d6-9ef9-d70f4c5e5b63,39.889883,-111.2494615
2019-11-29 06:00:00,100.0,0a820e12-033b-45d6-9ef9-d70f4c5e5b63,39.889883,-111.2494615
2019-11-30 06:00:00,100.0,0a820e12-033b-45d6-9ef9-d70f4c5e5b63,39.889883,-111.2494615
2019-12-01 06:00:00,89.24273107416705,0a820e12-033b-45d6-9ef9-d70f4c5e5b63,39.889883,-111.2494615
2019-12-02 06:00:00,100.0,0a820e12-033b-45d6-9ef9-d70f4c5e5b63,39.889883,-111.2494615
2019-12-03 06:00:00,81.30105791284673,0a820e12-033b-45d6-9ef9-d70f4c5e5b63,39.889883,-111.2494615
2019-12-04 06:00:00,73.12463820955865,0a820e12-033b-45d6-9ef9-d70f4c5e5b63,39.889883,-111.2494615
2019-12-05 06:00:00,82.77690166366915,0a820e12-033b-45d6-9ef9-d70f4c5e5b63,39.889883,-111.2494615
2019-12-06 06:00:00,67.12810321767475,0a820e12-033b-45d6-9ef9-d70f4c5e5b63,39.889883,-111.2494615
2019-12-07 06:00:00,86.09644193529968,0a820e12-033b-45d6-9ef9-d70f4c5e5b63,39.889883,-111.2494615
2019-12-08 06:00:00,81.75274142723342,0a820e12-033b-45d6-9ef9-d70f4c5e5b63,39.889883,-111.2494615
2019-12-09 06:00:00,87.09798028264858,0a820e12-033b-45d6-9ef9-d70f4c5e5b63,39.889883,-111.2494615
2019-12-10 06:00:00,63.68190455138396,0a820e12-033b-45d6-9ef9-d70f4c5e5b63,39.889883,-111.2494615
2019-12-11 06:00:00,69.85630406957043,0a820e12-033b-45d6-9ef9-d70f4c5e5b63,39.889883,-111.2494615
2019-12-12 06:00:00,84.46631289675788,0a820e12-033b-45d6-9ef9-d70f4c5e5b63,39.889883,-111.2494615
2019-12-13 06:00:00,77.33214782039286,0a820e12-033b-45d6-9ef9-d70f4c5e5b63,39.889883,-111.2494615
2019-12-14 06:00:00,100.0,0a820e12-033b-45d6-9ef9-d70f4c5e5b63,39.889883,-111.2494615
2019-12-15 06:00:00,84.24870140215201,0a820e12-033b-45d6-9ef9-d70f4c5e5b63,39.889883,-111.2494615
2019-12-16 06:00:00,98.06631535813716,0a820e12-033b-45d6-9ef9-d70f4c5e5b63,39.889883,-111.2494615
2019-12-17 06:00:00,77.04870081177346,0a820e12-033b-45d6-9ef9-d70f4c5e5b63,39.889883,-111.2494615
2019-12-18 06:00:00,61.676419703288076,0a820e12-033b-45d6-9ef9-d70f4c5e5b63,39.889883,-111.2494615
2019-12-19 06:00:00,61.718093159797675,0a820e12-033b-45d6-9ef9-d70f4c5e5b63,39.889883,-111.2494615
2019-12-20 06:00:00,78.24773807176842,0a820e12-033b-45d6-9ef9-d70f4c5e5b63,39.889883,-111.2494615
2019-12-21 06:00:00,63.142250934854175,0a820e12-033b-45d6-9ef9-d70f4c5e5b63,39.889883,-111.2494615
2019-12-22 06:00:00,48.89701636188642,0a820e12-033b-45d6-9ef9-d70f4c5e5b63,39.889883,-111.2494615
2019-12-23 06:00:00,59.67690119591898,0a820e12-033b-45d6-9ef9-d70f4c5e5b63,39.889883,-111.2494615
2019-12-24 06:00:00,80.7738209817132,0a820e12-033b-45d6-9ef9-d70f4c5e5b63,39.889883,-111.2494615
2019-12-25 06:00:00,92.70702612457424,0a820e12-033b-45d6-9ef9-d70f4c5e5b63,39.889883,-111.2494615
2019-12-26 06:00:00,93.57738057229243,0a820e12-033b-45d6-9ef9-d70f4c5e5b63,39.889883,-111.2494615
2019-12-27 06:00:00,89.35178055822907,0a820e12-033b-45d6-9ef9-d70f4c5e5b63,39.889883,-111.2494615
2019-12-28 06:00:00,86.85534472644501,0a820e12-033b-45d6-9ef9-d70f4c5e5b63,39.889883,-111.2494615
2019-12-29 06:00:00,90.08643158223335,0a820e12-033b-45d6-9ef9-d70f4c5e5b63,39.889883,-111.2494615
2019-12-30 06:00:00,100.0,0a820e12-033b-45d6-9ef9-d70f4c5e5b63,39.889883,-111.2494615
2019-12-31 06:00:00,92.5311854255096,0a820e12-033b-45d6-9ef9-d70f4c5e5b63,39.889883,-111.2494615
2020-01-01 06:00:00,93.43012446090508,0a820e12-033b-45d6-9ef9-d70f4c5e5b63,39.889883,-111.2494615
2020-01-02 06:00:00,82.39903819549532,0a820e12-033b-45d6-9ef9-d70f4c5e5b63,39.889883,-111.2494615
2020-01-03 06:00:00,75.8422536914227,0a820e12-033b-45d6-9ef9-d70f4c5e5b63,39.889883,-111.2494615
2020-01-04 06:00:00,75.16689283648171,0a820e12-033b-45d6-9ef9-d70f4c5e5b63,39.889883,-111.2494615
2020-01-05 06:00:00,89.61665367735935,0a820e12-033b-45d6-9ef9-d70f4c5e5b63,39.889883,-111.2494615
2020-01-06 06:00:00,79.63724575832097,0a820e12-033b-45d6-9ef9-d70f4c5e5b63,39.889883,-111.2494615
2020-01-07 06:00:00,85.20009610834205,0a820e12-033b-45d6-9ef9-d70f4c5e5b63,39.889883,-111.2494615
2020-01-08 06:00:00,87.19403424965176,0a820e12-033b-45d6-9ef9-d70f4c5e5b63,39.889883,-111.2494615
2020-01-09 06:00:00,86.35178055822907,0a820e12-033b-45d6-9ef9-d70f4c5e5b63,39.889883,-111.2494615
2020-01-10 06:00:00,93.77738514992912,0a820e12-033b-45d6-9ef9-d70f4c5e5b63,39.889883,-111.2494615
2020-01-11 06:00:00,99.09297328504722,0a820e12-033b-45d6-9ef9-d70f4c5e5b63,39.889883,-111.2494615
2020-01-12 06:00:00,91.82666097866787,0a820e12-033b-45d6-9ef9-d70f4c5e5b63,39.889883,-111.2494615
2020-01-13 06:00:00,83.84725704688769,0a820e12-033b-45d6-9ef9-d70f4c5e5b63,39.889883,-111.2494615
2020-01-14 06:00:00,96.56285035002107,0a820e12-033b-45d6-9ef9-d70f4c5e5b63,39.889883,-111.2494615
2020-01-15 06:00:00,94.21963731547292,0a820e12-033b-45d6-9ef9-d70f4c5e5b63,39.889883,-111.2494615
2020-01-16 06:00:00,77.99711035397101,0a820e12-033b-45d6-9ef9-d70f4c5e5b63,39.889883,-111.2494615
2020-01-17 06:00:00,100.0,0a820e12-033b-45d6-9ef9-d70f4c5e5b63,39.889883,-111.2494615
2020-01-18 06:00:00,87.68094321462944,0a820e12-033b-45d6-9ef9-d70f4c5e5b63,39.889883,-111.2494615
2020-01-19 06:00:00,73.8623699155189,0a820e12-033b-45d6-9ef9-d70f4c5e5b63,39.889883,-111.2494615
2020-01-20 06:00:00,70.98652463881756,0a820e12-033b-45d6-9ef9-d70f4c5e5b63,39.889883,-111.2494615
2020-01-21 06:00:00,78.43868799732785,0a820e12-033b-45d6-9ef9-d70f4c5e5b63,39.889883,-111.2494615
2020-01-22 06:00:00,71.42512110544008,0a820e12-033b-45d6-9ef9-d70f4c5e5b63,39.889883,-111.2494615
2020-01-23 06:00:00,91.21607314725698,0a820e12-033b-45d6-9ef9-d70f4c5e5b63,39.889883,-111.2494615
2020-01-24 06:00:00,88.03166492451143,0a820e12-033b-45d6-9ef9-d70f4c5e5b63,39.889883,-111.2494615
2020-01-25 06:00:00,82.8221374673265,0a820e12-033b-45d6-9ef9-d70f4c5e5b63,39.889883,-111.2494615
2020-01-26 06:00:00,75.88642700459663,0a820e12-033b-45d6-9ef9-d70f4c5e5b63,39.889883,-111.2494615
2020-01-27 06:00:00,93.7461997244195,0a820e12-033b-45d6-9ef9-d70f4c5e5b63,39.889883,-111.2494615
2020-01-28 06:00:00,94.035708936851,0a820e12-033b-45d6-9ef9-d70f4c5e5b63,39.889883,-111.2494615
2020-01-29 06:00:00,97.6130895091434,0a820e12-033b-45d6-9ef9-d70f4c5e5b63,39.889883,-111.2494615
2020-01-30 06:00:00,90.1165545172595,0a820e12-033b-45d6-9ef9-d70f4c5e5b63,39.889883,-111.2494615
2020-01-31 06:00:00,87.29393720580937,0a820e12-033b-45d6-9ef9-d70f4c5e5b63,39.889883,-111.2494615
2020-02-01 06:00:00,71.50654170281389,0a820e12-033b-45d6-9ef9-d70f4c5e5b63,39.889883,-111.2494615
2020-02-02 06:00:00,54.04071229231599,0a820e12-033b-45d6-9ef9-d70f4c5e5b63,39.889883,-111.2494615
2020-02-03 06:00:00,99.84321303454813,0a820e12-033b-45d6-9ef9-d70f4c5e5b63,39.889883,-111.2494615
2020-02-04 06:00:00,100.0,0a820e12-033b-45d6-9ef9-d70f4c5e5b63,39.889883,-111.2494615
2020-02-05 06:00:00,79.69942557341325,0a820e12-033b-45d6-9ef9-d70f4c5e5b63,39.889883,-111.2494615
2020-02-06 06:00:00,93.72858517805582,0a820e12-033b-45d6-9ef9-d70f4c5e5b63,39.889883,-111.2494615
2020-02-07 06:00:00,69.18190654501305,0a820e12-033b-45d6-9ef9-d70f4c5e5b63,39.889883,-111.2494615
2020-02-08 06:00:00,76.48845129958475,0a820e12-033b-45d6-9ef9-d70f4c5e5b63,39.889883,-111.2494615
2020-02-09 06:00:00,96.41607009549917,0a820e12-033b-45d6-9ef9-d70f4c5e5b63,39.889883,-111.2494615
2020-02-10 06:00:00,90.97988377590382,0a820e12-033b-45d6-9ef9-d70f4c5e5b63,39.889883,-111.2494615
2020-02-11 06:00:00,100.0,0a820e12-033b-45d6-9ef9-d70f4c5e5b63,39.889883,-111.2494615
2020-02-12 06:00:00,75.8486998762731,0a820e12-033b-45d6-9ef9-d70f4c5e5b63,39.889883,-111.2494615
2020-02-13 06:00:00,71.34071135681563,0a820e12-033b-45d6-9ef9-d70f4c5e5b63,39.889883,-111.2494615
2020-02-14 06:00:00,62.51511104756302,0a820e12-033b-45d6-9ef9-d70f4c5e5b63,39.889883,-111.2494615
2020-02-15 06:00:00,71.25928711730548,0a820e12-033b-45d6-9ef9-d70f4c5e5b63,39.889883,-111.2494615
2020-02-16 06:00:00,66.56631535813713,0a820e12-033b-45d6-9ef9-d70f4c5e5b63,39.889883,-111.2494615
2020-02-17 06:00:00,100.0,0a820e12-033b-45d6-9ef9-d70f4c5e5b63,39.889883,-111.2494615
2020-02-18 06:00:00,99.32059513271946,0a820e12-033b-45d6-9ef9-d70f4c5e5b63,39.889883,-111.2494615
2020-02-19 06:00:00,94.56131200267214,0a820e12-033b-45d6-9ef9-d70f4c5e5b63,39.889883,-111.2494615
2020-02-20 06:00:00,88.15178360998688,0a820e12-033b-45d6-9ef9-d70f4c5e5b63,39.889883,-111.2494615
2020-02-21 06:00:00,71.98498629146867,0a820e12-033b-45d6-9ef9-d70f4c5e5b63,39.889883,-111.2494615
2020-02-22 06:00:00,69.6718961919467,0a820e12-033b-45d6-9ef9-d70f4c5e5b63,39.889883,-111.2494615
2020-02-23 06:00:00,70.81511227825264,0a820e12-033b-45d6-9ef9-d70f4c5e5b63,39.889883,-111.2494615
2020-02-24 06:00:00,79.99297481092613,0a820e12-033b-45d6-9ef9-d70f4c5e5b63,39.889883,-111.2494615
2020-02-25 06:00:00,84.4180959163662,0a820e12-033b-45d6-9ef9-d70f4c5e5b63,39.889883,-111.2494615
2020-02-26 06:00:00,82.66131047679326,0a820e12-033b-45d6-9ef9-d70f4c5e5b63,39.889883,-111.2494615
2020-02-27 06:00:00,60.35832607574022,0a820e12-033b-45d6-9ef9-d70f4c5e5b63,39.889883,-111.2494615
2020-02-28 06:00:00,60.41559224500464,0a820e12-033b-45d6-9ef9-d70f4c5e5b63,39.889883,-111.2494615
2020-02-29 06:00:00,57.12868222189822,0a820e12-033b-45d6-9ef9-d70f4c5e5b63,39.889883,-111.2494615
2020-03-01 06:00:00,87.87391497379777,0a820e12-033b-45d6-9ef9-d70f4c5e5b63,39.889883,-111.2494615
2020-03-02 06:00:00,82.44523732953628,0a820e12-033b-45d6-9ef9-d70f4c5e5b63,39.889883,-111.2494615
2020-03-03 06:00:00,89.84369652080812,0a820e12-033b-45d6-9ef9-d70f4c5e5b63,39.889883,-111.2494615
2020-03-04 06:00:00,88.56082851641219,0a820e12-033b-45d6-9ef9-d70f4c5e5b63,39.889883,-111.2494615
2020-03-05 06:00:00,68.76939480940348,0a820e12-033b-45d6-9ef9-d70f4c5e5b63,39.889883,-111.2494615
2020-03-06 06:00:00,49.3422536914227,0a820e12-033b-45d6-9ef9-d70f4c5e5b63,39.889883,-111.2494615
2020-03-07 06:00:00,65.5538033273383,0a820e12-033b-45d6-9ef9-d70f4c5e5b63,39.889883,-111.2494615
2020-03-08 06:00:00,79.47488042043884,0a820e12-033b-45d6-9ef9-d70f4c5e5b63,39.889883,-111.2494615
2020-03-09 06:00:00,71.23820756282568,0a820e12-033b-45d6-9ef9-d70f4c5e5b63,39.889883,-111.2494615
2020-03-10 06:00:00,69.8040430768392,0a820e12-033b-45d6-9ef9-d70f4c5e5b63,39.889883,-111.2494615
2020-03-11 06:00:00,79.75630559544935,0a820e12-033b-45d6-9ef9-d70f4c5e5b63,39.889883,-111.2494615
2020-03-12 06:00:00,66.70606279419061,0a820e12-033b-45d6-9ef9-d70f4c5e5b63,39.889883,-111.2494615
2020-03-13 06:00:00,72.46737174510497,0a820e12-033b-45d6-9ef9-d70f4c5e5b63,39.889883,-111.2494615
2020-03-14 06:00:00,68.26833413998823,0a820e12-033b-45d6-9ef9-d70f4c5e5b63,39.889883,-111.2494615
2020-03-15 06:00:00,67.33820967908315,0a820e12-033b-45d6-9ef9-d70f4c5e5b63,39.889883,-111.2494615
2020-03-16 06:00:00,67.98594962185226,0a820e12-033b-45d6-9ef9-d70f4c5e5b63,39.889883,-111.2494615
2020-03-17 06:00:00,70.78344336648304,0a820e12-033b-45d6-9ef9-d70f4c5e5b63,39.889883,-111.2494615
2020-03-18 06:00:00,68.77285765132959,0a820e12-033b-45d6-9ef9-d70f4c5e5b63,39.889883,-111.2494615
2020-03-19 06:00:00,74.94273565180379,0a820e12-033b-45d6-9ef9-d70f4c5e5b63,39.889883,-111.2494615
2020-03-20 06:00:00,91.54725763726626,0a820e12-033b-45d6-9ef9-d70f4c5e5b63,39.889883,-111.2494615
2020-03-21 06:00:00,90.70654628045061,0a820e12-033b-45d6-9ef9-d70f4c5e5b63,39.889883,-111.2494615
2020-03-22 06:00:00,72.66034714640966,0a820e12-033b-45d6-9ef9-d70f4c5e5b63,39.889883,-111.2494615
2020-03-23 06:00:00,72.66785217960715,0a820e12-033b-45d6-9ef9-d70f4c5e5b63,39.889883,-111.2494615
2020-03-24 06:00:00,66.42059759409871,0a820e12-033b-45d6-9ef9-d70f4c5e5b63,39.889883,-111.2494615
2020-03-25 06:00:00,66.91761243010623,0a820e12-033b-45d6-9ef9-d70f4c5e5b63,39.889883,-111.2494615
2020-03-26 06:00:00,91.46881457449038,0a820e12-033b-45d6-9ef9-d70f4c5e5b63,39.889883,-111.2494615
2020-03-27 06:00:00,72.03666827997642,0a820e12-033b-45d6-9ef9-d70f4c5e5b63,39.889883,-111.2494615
2020-03-28 06:00:00,71.27439998593665,0a820e12-033b-45d6-9ef9-d70f4c5e5b63,39.889883,-111.2494615
2020-03-29 06:00:00,76.12916570815818,0a820e12-033b-45d6-9ef9-d70f4c5e5b63,39.889883,-111.2494615
2020-03-30 06:00:00,66.42820178739606,0a820e12-033b-45d6-9ef9-d70f4c5e5b63,39.889883,-111.2494615
2020-03-31 06:00:00,53.69701559894698,0a820e12-033b-45d6-9ef9-d70f4c5e5b63,39.889883,-111.2494615
2020-04-01 06:00:00,90.66131047679326,0a820e12-033b-45d6-9ef9-d70f4c5e5b63,39.889883,-111.2494615
2020-04-02 06:00:00,100.0,0a820e12-033b-45d6-9ef9-d70f4c5e5b63,39.889883,-111.2494615
2020-04-03 06:00:00,64.10202030772997,0a820e12-033b-45d6-9ef9-d70f4c5e5b63,39.889883,-111.2494615
2020-04-04 06:00:00,63.762847298263246,0a820e12-033b-45d6-9ef9-d70f4c5e5b63,39.889883,-111.2494615
2020-04-05 06:00:00,53.47035690909745,0a820e12-033b-45d6-9ef9-d70f4c5e5b63,39.889883,-111.2494615
2020-04-06 06:00:00,62.74071106162636,0a820e12-033b-45d6-9ef9-d70f4c5e5b63,39.889883,-111.2494615
2020-04-07 06:00:00,64.53821061458349,0a820e12-033b-45d6-9ef9-d70f4c5e5b63,39.889883,-111.2494615
2020-04-08 06:00:00,60.365351264814095,0a820e12-033b-45d6-9ef9-d70f4c5e5b63,39.889883,-111.2494615
2020-04-09 06:00:00,65.09249161985544,0a820e12-033b-45d6-9ef9-d70f4c5e5b63,39.889883,-111.2494615
2020-04-10 06:00:00,74.35630406957044,0a820e12-033b-45d6-9ef9-d70f4c5e5b63,39.889883,-111.2494615
2020-04-11 06:00:00,65.75178208410799,0a820e12-033b-45d6-9ef9-d70f4c5e5b63,39.889883,-111.2494615
2020-04-12 06:00:00,73.31963578959403,0a820e12-033b-45d6-9ef9-d70f4c5e5b63,39.889883,-111.2494615
2020-04-13 06:00:00,64.7357058850932,0a820e12-033b-45d6-9ef9-d70f4c5e5b63,39.889883,-111.2494615
2020-04-14 06:00:00,74.67690318954806,0a820e12-033b-45d6-9ef9-d70f4c5e5b63,39.889883,-111.2494615
2020-04-15 06:00:00,61.85630406957045,0a820e12-033b-45d6-9ef9-d70f4c5e5b63,39.889883,-111.2494615
2020-04-16 06:00:00,100.0,0a820e12-033b-45d6-9ef9-d70f4c5e5b63,39.889883,-111.2494615
2020-04-17 06:00:00,82.79297387542579,0a820e12-033b-45d6-9ef9-d70f4c5e5b63,39.889883,-111.2494615
2020-04-18 06:00:00,63.46083004229107,0a820e12-033b-45d6-9ef9-d70f4c5e5b63,39.889883,-111.2494615
2020-04-19 06:00:00,65.1130895091434,0a820e12-033b-45d6-9ef9-d70f4c5e5b63,39.889883,-111.2494615
2020-04-20 06:00:00,65.01309103502231,0a820e12-033b-45d6-9ef9-d70f4c5e5b63,39.889883,-111.2494615
2020-04-21 06:00:00,67.12213653182617,0a820e12-033b-45d6-9ef9-d70f4c5e5b63,39.889883,-111.2494615
2020-04-22 06:00:00,58.840229864184735,0a820e12-033b-45d6-9ef9-d70f4c5e5b63,39.889883,-111.2494615
2020-04-23 06:00:00,68.63320573323958,0a820e12-033b-45d6-9ef9-d70f4c5e5b63,39.889883,-111.2494615
2020-04-24 06:00:00,61.66535050187465,0a820e12-033b-45d6-9ef9-d70f4c5e5b63,39.889883,-111.2494615
2020-04-25 06:00:00,56.344755369155195,0a820e12-033b-45d6-9ef9-d70f4c5e5b63,39.889883,-111.2494615
2020-04-26 06:00:00,51.39249285054505,0a820e12-033b-45d6-9ef9-d70f4c5e5b63,39.889883,-111.2494615
2020-04-27 06:00:00,53.440232153003095,0a820e12-033b-45d6-9ef9-d70f4c5e5b63,39.889883,-111.2494615
2020-04-28 06:00:00,62.62666220935752,0a820e12-033b-45d6-9ef9-d70f4c5e5b63,39.889883,-111.2494615
2020-04-29 06:00:00,59.66082699053326,0a820e12-033b-45d6-9ef9-d70f4c5e5b63,39.889883,-111.2494615
2020-04-30 06:00:00,61.54475413846557,0a820e12-033b-45d6-9ef9-d70f4c5e5b63,39.889883,-111.2494615
2020-05-01 06:00:00,61.274399985936654,0a820e12-033b-45d6-9ef9-d70f4c5e5b63,39.889883,-111.2494615
2020-05-02 06:00:00,58.71308798326451,0a820e12-033b-45d6-9ef9-d70f4c5e5b63,39.889883,-111.2494615
2020-05-03 06:00:00,60.33368616774176,0a820e12-033b-45d6-9ef9-d70f4c5e5b63,39.889883,-111.2494615
2020-05-04 06:00:00,56.12868222189821,0a820e12-033b-45d6-9ef9-d70f4c5e5b63,39.889883,-111.2494615
2020-05-05 06:00:00,44.638209088704585,0a820e12-033b-45d6-9ef9-d70f4c5e5b63,39.889883,-111.2494615
2020-05-06 06:00:00,47.48998964693365,0a820e12-033b-45d6-9ef9-d70f4c5e5b63,39.889883,-111.2494615
2020-05-07 06:00:00,47.95177903235016,0a820e12-033b-45d6-9ef9-d70f4c5e5b63,39.889883,-111.2494615
2020-05-08 06:00:00,51.08594809597336,0a820e12-033b-45d6-9ef9-d70f4c5e5b63,39.889883,-111.2494615
2020-05-09 06:00:00,44.00404201871048,0a820e12-033b-45d6-9ef9-d70f4c5e5b63,39.889883,-111.2494615
2020-05-10 06:00:00,47.66284882414215,0a820e12-033b-45d6-9ef9-d70f4c5e5b63,39.889883,-111.2494615
2020-05-11 06:00:00,47.23118419481999,0a820e12-033b-45d6-9ef9-d70f4c5e5b63,39.889883,-111.2494615
2020-05-12 06:00:00,33.99903775271139,0a820e12-033b-45d6-9ef9-d70f4c5e5b63,39.889883,-111.2494615
2020-05-13 06:00:00,50.797017887765335,0a820e12-033b-45d6-9ef9-d70f4c5e5b63,39.889883,-111.2494615
2020-05-14 06:00:00,51.32463914505901,0a820e12-033b-45d6-9ef9-d70f4c5e5b63,39.889883,-111.2494615
2020-05-15 06:00:00,61.035708936850995,0a820e12-033b-45d6-9ef9-d70f4c5e5b63,39.889883,-111.2494615
2020-05-16 06:00:00,67.88594716047301,0a820e12-033b-45d6-9ef9-d70f4c5e5b63,39.889883,-111.2494615
2020-05-17 06:00:00,48.580944740508365,0a820e12-033b-45d6-9ef9-d70f4c5e5b63,39.889883,-111.2494615
2020-05-18 06:00:00,40.95630453732061,0a820e12-033b-45d6-9ef9-d70f4c5e5b63,39.889883,-111.2494615
2020-05-19 06:00:00,49.61713152785389,0a820e12-033b-45d6-9ef9-d70f4c5e5b63,39.889883,-111.2494615
2020-05-20 06:00:00,54.93368663549193,0a820e12-033b-45d6-9ef9-d70f4c5e5b63,39.889883,-111.2494615
2020-05-21 06:00:00,57.00404201871048,0a820e12-033b-45d6-9ef9-d70f4c5e5b63,39.889883,-111.2494615
2020-05-22 06:00:00,52.62714188092023,0a820e12-033b-45d6-9ef9-d70f4c5e5b63,39.889883,-111.2494615
2020-05-23 06:00:00,74.65225946685233,0a820e12-033b-45d6-9ef9-d70f4c5e5b63,39.889883,-111.2494615
2020-05-24 06:00:00,68.94273565180377,0a820e12-033b-45d6-9ef9-d70f4c5e5b63,39.889883,-111.2494615
2020-05-25 06:00:00,62.45177903235016,0a820e12-033b-45d6-9ef9-d70f4c5e5b63,39.889883,-111.2494615
2020-05-26 06:00:00,60.56987371802675,0a820e12-033b-45d6-9ef9-d70f4c5e5b63,39.889883,-111.2494615
2020-05-27 06:00:00,55.806063089379904,0a820e12-033b-45d6-9ef9-d70f4c5e5b63,39.889883,-111.2494615
2020-05-28 06:00:00,60.75178208410798,0a820e12-033b-45d6-9ef9-d70f4c5e5b63,39.889883,-111.2494615
2020-05-29 06:00:00,44.14725810501643,0a820e12-033b-45d6-9ef9-d70f4c5e5b63,39.889883,-111.2494615
2020-05-30 06:00:00,42.344755369155195,0a820e12-033b-45d6-9ef9-d70f4c5e5b63,39.889883,-111.2494615
2020-05-31 06:00:00,47.024158242806664,0a820e12-033b-45d6-9ef9-d70f4c5e5b63,39.889883,-111.2494615
2020-06-01 06:00:00,37.797017887765335,0a820e12-033b-45d6-9ef9-d70f4c5e5b63,39.889883,-111.2494615
2020-06-02 06:00:00,37.583446418240854,0a820e12-033b-45d6-9ef9-d70f4c5e5b63,39.889883,-111.2494615
2020-06-03 06:00:00,39.08796992958223,0a820e12-033b-45d6-9ef9-d70f4c5e5b63,39.889883,-111.2494615
2020-06-04 06:00:00,39.15380180145939,0a820e12-033b-45d6-9ef9-d70f4c5e5b63,39.889883,-111.2494615
2020-06-05 06:00:00,43.197015598946976,0a820e12-033b-45d6-9ef9-d70f4c5e5b63,39.889883,-111.2494615
2020-06-06 06:00:00,83.28441033900299,0a820e12-033b-45d6-9ef9-d70f4c5e5b63,39.889883,-111.2494615
2020-06-07 06:00:00,88.34774053314767,0a820e12-033b-45d6-9ef9-d70f4c5e5b63,39.889883,-111.2494615
2020-06-08 06:00:00,63.10904749043293,0a820e12-033b-45d6-9ef9-d70f4c5e5b63,39.889883,-111.2494615
2020-06-09 06:00:00,62.05880651024239,0a820e12-033b-45d6-9ef9-d70f4c5e5b63,39.889883,-111.2494615
2020-06-10 06:00:00,56.104042313899754,0a820e12-033b-45d6-9ef9-d70f4c5e5b63,39.889883,-111.2494615
2020-06-11 06:00:00,41.96987524390565,0a820e12-033b-45d6-9ef9-d70f4c5e5b63,39.889883,-111.2494615
2020-06-12 06:00:00,36.68796840370332,0a820e12-033b-45d6-9ef9-d70f4c5e5b63,39.889883,-111.2494615
2020-06-13 06:00:00,39.56987371802674,0a820e12-033b-45d6-9ef9-d70f4c5e5b63,39.889883,-111.2494615
2020-06-14 06:00:00,48.29499406052738,0a820e12-033b-45d6-9ef9-d70f4c5e5b63,39.889883,-111.2494615
2020-06-15 06:00:00,41.19499558640628,0a820e12-033b-45d6-9ef9-d70f4c5e5b63,39.889883,-111.2494615
2020-06-16 06:00:00,45.68142487982124,0a820e12-033b-45d6-9ef9-d70f4c5e5b63,39.889883,-111.2494615
2020-06-17 06:00:00,65.10856599780203,0a820e12-033b-45d6-9ef9-d70f4c5e5b63,39.889883,-111.2494615
2020-06-18 06:00:00,64.55428100527193,0a820e12-033b-45d6-9ef9-d70f4c5e5b63,39.889883,-111.2494615
2020-06-19 06:00:00,59.37690013779024,0a820e12-033b-45d6-9ef9-d70f4c5e5b63,39.889883,-111.2494615
2020-06-20 06:00:00,49.37892197139912,0a820e12-033b-45d6-9ef9-d70f4c5e5b63,39.889883,-111.2494615
2020-06-21 06:00:00,43.5743992229972,0a820e12-033b-45d6-9ef9-d70f4c5e5b63,39.889883,-111.2494615
2020-06-22 06:00:00,55.131183899630706,0a820e12-033b-45d6-9ef9-d70f4c5e5b63,39.889883,-111.2494615
2020-06-23 06:00:00,48.3472570468877,0a820e12-033b-45d6-9ef9-d70f4c5e5b63,39.889883,-111.2494615
2020-06-24 06:00:00,42.1336873984314,0a820e12-033b-45d6-9ef9-d70f4c5e5b63,39.889883,-111.2494615
2020-06-25 06:00:00,50.56785370548604,0a820e12-033b-45d6-9ef9-d70f4c5e5b63,39.889883,-111.2494615
2020-06-26 06:00:00,48.674397697118295,0a820e12-033b-45d6-9ef9-d70f4c5e5b63,39.889883,-111.2494615
2020-06-27 06:00:00,45.12666021572844,0a820e12-033b-45d6-9ef9-d70f4c5e5b63,39.889883,-111.2494615
2020-06-28 06:00:00,57.36833460773838,0a820e12-033b-45d6-9ef9-d70f4c5e5b63,39.889883,-111.2494615
2020-06-29 06:00:00,78.34725704688769,0a820e12-033b-45d6-9ef9-d70f4c5e5b63,39.889883,-111.2494615
2020-06-30 06:00:00,70.57285706095102,0a820e12-033b-45d6-9ef9-d70f4c5e5b63,39.889883,-111.2494615
2020-07-01 06:00:00,48.758807273181844,0a820e12-033b-45d6-9ef9-d70f4c5e5b63,39.889883,-111.2494615
2020-07-02 06:00:00,41.77940334140164,0a820e12-033b-45d6-9ef9-d70f4c5e5b63,39.889883,-111.2494615
2020-07-03 06:00:00,51.07487889455992,0a820e12-033b-45d6-9ef9-d70f4c5e5b63,39.889883,-111.2494615
2020-07-04 06:00:00,54.447257342076966,0a820e12-033b-45d6-9ef9-d70f4c5e5b63,39.889883,-111.2494615
2020-07-05 06:00:00,43.97690043297952,0a820e12-033b-45d6-9ef9-d70f4c5e5b63,39.889883,-111.2494615
2020-07-06 06:00:00,41.065352027753555,0a820e12-033b-45d6-9ef9-d70f4c5e5b63,39.889883,-111.2494615
2020-07-07 06:00:00,39.597496796388604,0a820e12-033b-45d6-9ef9-d70f4c5e5b63,39.889883,-111.2494615
2020-07-08 06:00:00,39.89297434317595,0a820e12-033b-45d6-9ef9-d70f4c5e5b63,39.889883,-111.2494615
2020-07-09 06:00:00,33.28392685274302,0a820e12-033b-45d6-9ef9-d70f4c5e5b63,39.889883,-111.2494615
2020-07-10 06:00:00,27.84523504071791,0a820e12-033b-45d6-9ef9-d70f4c5e5b63,39.889883,-111.2494615
2020-07-11 06:00:00,38.47690043297952,0a820e12-033b-45d6-9ef9-d70f4c5e5b63,39.889883,-111.2494615
2020-07-12 06:00:00,40.06333019414467,0a820e12-033b-45d6-9ef9-d70f4c5e5b63,39.889883,-111.2494615
2020-07-13 06:00:00,43.93821014683332,0a820e12-033b-45d6-9ef9-d70f4c5e5b63,39.889883,-111.2494615
2020-07-14 06:00:00,51.82714264385969,0a820e12-033b-45d6-9ef9-d70f4c5e5b63,39.889883,-111.2494615
2020-07-15 06:00:00,49.22714035504133,0a820e12-033b-45d6-9ef9-d70f4c5e5b63,39.889883,-111.2494615
2020-07-16 06:00:00,47.402021538419596,0a820e12-033b-45d6-9ef9-d70f4c5e5b63,39.889883,-111.2494615
2020-07-17 06:00:00,45.052260992731235,0a820e12-033b-45d6-9ef9-d70f4c5e5b63,39.889883,-111.2494615
2020-07-18 06:00:00,45.063330194144676,0a820e12-033b-45d6-9ef9-d70f4c5e5b63,39.889883,-111.2494615
2020-07-19 06:00:00,47.80202124323032,0a820e12-033b-45d6-9ef9-d70f4c5e5b63,39.889883,-111.2494615
2020-07-20 06:00:00,43.188450068895115,0a820e12-033b-45d6-9ef9-d70f4c5e5b63,39.889883,-111.2494615
2020-07-21 06:00:00,42.91357041139575,0a820e12-033b-45d6-9ef9-d70f4c5e5b63,39.889883,-111.2494615
2020-07-22 06:00:00,59.93869181202511,0a820e12-033b-45d6-9ef9-d70f4c5e5b63,39.889883,-111.2494615
2020-07-23 06:00:00,63.68643005635443,0a820e12-033b-45d6-9ef9-d70f4c5e5b63,39.889883,-111.2494615
2020-07-24 06:00:00,67.94523732953627,0a820e12-033b-45d6-9ef9-d70f4c5e5b63,39.889883,-111.2494615
2020-07-25 06:00:00,59.804524742031,0a820e12-033b-45d6-9ef9-d70f4c5e5b63,39.889883,-111.2494615
2020-07-26 06:00:00,53.80904643230419,0a820e12-033b-45d6-9ef9-d70f4c5e5b63,39.889883,-111.2494615
2020-07-27 06:00:00,57.681904551383965,0a820e12-033b-45d6-9ef9-d70f4c5e5b63,39.889883,-111.2494615
2020-07-28 06:00:00,64.05678450407261,0a820e12-033b-45d6-9ef9-d70f4c5e5b63,39.889883,-111.2494615
2020-07-29 06:00:00,46.67940287365147,0a820e12-033b-45d6-9ef9-d70f4c5e5b63,39.889883,-111.2494615
2020-07-30 06:00:00,39.87488012524955,0a820e12-033b-45d6-9ef9-d70f4c5e5b63,39.889883,-111.2494615
2020-07-31 06:00:00,38.788450364084404,0a820e12-033b-45d6-9ef9-d70f4c5e5b63,39.889883,-111.2494615
2020-08-01 06:00:00,36.05880651024239,0a820e12-033b-45d6-9ef9-d70f4c5e5b63,39.889883,-111.2494615
2020-08-02 06:00:00,37.56631336450806,0a820e12-033b-45d6-9ef9-d70f4c5e5b63,39.889883,-111.2494615
2020-08-03 06:00:00,36.58142441207108,0a820e12-033b-45d6-9ef9-d70f4c5e5b63,39.889883,-111.2494615
2020-08-04 06:00:00,46.16583216706645,0a820e12-033b-45d6-9ef9-d70f4c5e5b63,39.889883,-111.2494615
2020-08-05 06:00:00,48.331182668941075,0a820e12-033b-45d6-9ef9-d70f4c5e5b63,39.889883,-111.2494615
2020-08-06 06:00:00,41.27641999847735,0a820e12-033b-45d6-9ef9-d70f4c5e5b63,39.889883,-111.2494615
2020-08-07 06:00:00,41.15832531280077,0a820e12-033b-45d6-9ef9-d70f4c5e5b63,39.889883,-111.2494615
2020-08-08 06:00:00,39.913088746203954,0a820e12-033b-45d6-9ef9-d70f4c5e5b63,39.889883,-111.2494615
2020-08-09 06:00:00,35.40404155096031,0a820e12-033b-45d6-9ef9-d70f4c5e5b63,39.889883,-111.2494615
2020-08-10 06:00:00,35.23368587255248,0a820e12-033b-45d6-9ef9-d70f4c5e5b63,39.889883,-111.2494615
2020-08-11 06:00:00,38.43368663549194,0a820e12-033b-45d6-9ef9-d70f4c5e5b63,39.889883,-111.2494615
2020-08-12 06:00:00,41.83118266894108,0a820e12-033b-45d6-9ef9-d70f4c5e5b63,39.889883,-111.2494615
2020-08-13 06:00:00,37.59701712482589,0a820e12-033b-45d6-9ef9-d70f4c5e5b63,39.889883,-111.2494615
2020-08-14 06:00:00,38.61106949660271,0a820e12-033b-45d6-9ef9-d70f4c5e5b63,39.889883,-111.2494615
2020-08-15 06:00:00,48.7065462804506,0a820e12-033b-45d6-9ef9-d70f4c5e5b63,39.889883,-111.2494615
2020-08-16 06:00:00,39.64975978274892,0a820e12-033b-45d6-9ef9-d70f4c5e5b63,39.889883,-111.2494615
2020-08-17 06:00:00,40.29749755932806,0a820e12-033b-45d6-9ef9-d70f4c5e5b63,39.889883,-111.2494615
2020-08-18 06:00:00,38.42916113052147,0a820e12-033b-45d6-9ef9-d70f4c5e5b63,39.889883,-111.2494615
2020-08-19 06:00:00,41.41106873366325,0a820e12-033b-45d6-9ef9-d70f4c5e5b63,39.889883,-111.2494615
2020-08-20 06:00:00,45.92916113052148,0a820e12-033b-45d6-9ef9-d70f4c5e5b63,39.889883,-111.2494615
2020-08-21 06:00:00,44.51106720778434,0a820e12-033b-45d6-9ef9-d70f4c5e5b63,39.889883,-111.2494615
2020-08-22 06:00:00,45.48844930595567,0a820e12-033b-45d6-9ef9-d70f4c5e5b63,39.889883,-111.2494615
2020-08-23 06:00:00,53.37237844751705,0a820e12-033b-45d6-9ef9-d70f4c5e5b63,39.889883,-111.2494615
2020-08-24 06:00:00,57.027141413170064,0a820e12-033b-45d6-9ef9-d70f4c5e5b63,39.889883,-111.2494615
2020-08-25 06:00:00,55.6130895091434,0a820e12-033b-45d6-9ef9-d70f4c5e5b63,39.889883,-111.2494615
2020-08-26 06:00:00,54.9221359414476,0a820e12-033b-45d6-9ef9-d70f4c5e5b63,39.889883,-111.2494615
2020-08-27 06:00:00,51.61058783141091,0a820e12-033b-45d6-9ef9-d70f4c5e5b63,39.889883,-111.2494615
2020-08-28 06:00:00,51.87237844751704,0a820e12-033b-45d6-9ef9-d70f4c5e5b63,39.889883,-111.2494615
2020-08-29 06:00:00,49.75380209664868,0a820e12-033b-45d6-9ef9-d70f4c5e5b63,39.889883,-111.2494615
2020-08-30 06:00:00,55.497014836007516,0a820e12-033b-45d6-9ef9-d70f4c5e5b63,39.889883,-111.2494615
2020-08-31 06:00:00,55.656305300260065,0a820e12-033b-45d6-9ef9-d70f4c5e5b63,39.889883,-111.2494615
2020-09-01 06:00:00,70.22261485007087,0a820e12-033b-45d6-9ef9-d70f4c5e5b63,39.889883,-111.2494615
2020-09-02 06:00:00,59.363331252273404,0a820e12-033b-45d6-9ef9-d70f4c5e5b63,39.889883,-111.2494615
2020-09-03 06:00:00,43.554282998901016,0a820e12-033b-45d6-9ef9-d70f4c5e5b63,39.889883,-111.2494615
2020-09-04 06:00:00,38.20404278164993,0a820e12-033b-45d6-9ef9-d70f4c5e5b63,39.889883,-111.2494615
2020-09-05 06:00:00,30.129161893460928,0a820e12-033b-45d6-9ef9-d70f4c5e5b63,39.889883,-111.2494615
2020-09-06 06:00:00,32.82213746732651,0a820e12-033b-45d6-9ef9-d70f4c5e5b63,39.889883,-111.2494615
2020-09-07 06:00:00,40.89951803961892,0a820e12-033b-45d6-9ef9-d70f4c5e5b63,39.889883,-111.2494615
2020-09-08 06:00:00,79.60500547172245,0a820e12-033b-45d6-9ef9-d70f4c5e5b63,39.889883,-111.2494615
2020-09-09 06:00:00,70.72309833633085,0a820e12-033b-45d6-9ef9-d70f4c5e5b63,39.889883,-111.2494615
2020-09-10 06:00:00,69.9377286542024,0a820e12-033b-45d6-9ef9-d70f4c5e5b63,39.889883,-111.2494615
2020-09-11 06:00:00,59.831182668941075,0a820e12-033b-45d6-9ef9-d70f4c5e5b63,39.889883,-111.2494615
2020-09-12 06:00:00,39.95630453732063,0a820e12-033b-45d6-9ef9-d70f4c5e5b63,39.889883,-111.2494615
2020-09-13 06:00:00,34.87439846005775,0a820e12-033b-45d6-9ef9-d70f4c5e5b63,39.889883,-111.2494615
2020-09-14 06:00:00,35.7130879832645,0a820e12-033b-45d6-9ef9-d70f4c5e5b63,39.889883,-111.2494615
2020-09-15 06:00:00,31.947257342076966,0a820e12-033b-45d6-9ef9-d70f4c5e5b63,39.889883,-111.2494615
2020-09-16 06:00:00,33.52213623663689,0a820e12-033b-45d6-9ef9-d70f4c5e5b63,39.889883,-111.2494615
2020-09-17 06:00:00,35.183444892361955,0a820e12-033b-45d6-9ef9-d70f4c5e5b63,39.889883,-111.2494615
2020-09-18 06:00:00,37.63570741097208,0a820e12-033b-45d6-9ef9-d70f4c5e5b63,39.889883,-111.2494615
2020-09-19 06:00:00,63.54475413846557,0a820e12-033b-45d6-9ef9-d70f4c5e5b63,39.889883,-111.2494615
2020-09-20 06:00:00,62.19701759257605,0a820e12-033b-45d6-9ef9-d70f4c5e5b63,39.889883,-111.2494615
2020-09-21 06:00:00,54.33772818645224,0a820e12-033b-45d6-9ef9-d70f4c5e5b63,39.889883,-111.2494615
2020-09-22 06:00:00,54.34927888049657,0a820e12-033b-45d6-9ef9-d70f4c5e5b63,39.889883,-111.2494615
2020-09-23 06:00:00,54.40606355713009,0a820e12-033b-45d6-9ef9-d70f4c5e5b63,39.889883,-111.2494615
2020-09-24 06:00:00,43.219633500775664,0a820e12-033b-45d6-9ef9-d70f4c5e5b63,39.889883,-111.2494615
2020-09-25 06:00:00,39.978922439149294,0a820e12-033b-45d6-9ef9-d70f4c5e5b63,39.889883,-111.2494615
2020-09-26 06:00:00,50.55178132116852,0a820e12-033b-45d6-9ef9-d70f4c5e5b63,39.889883,-111.2494615
2020-09-27 06:00:00,75.83820967908312,0a820e12-033b-45d6-9ef9-d70f4c5e5b63,39.889883,-111.2494615
2020-09-28 06:00:00,58.89499634934573,0a820e12-033b-45d6-9ef9-d70f4c5e5b63,39.889883,-111.2494615
2020-09-29 06:00:00,42.462850054831776,0a820e12-033b-45d6-9ef9-d70f4c5e5b63,39.889883,-111.2494615
2020-09-30 06:00:00,38.108565997802025,0a820e12-033b-45d6-9ef9-d70f4c5e5b63,39.889883,-111.2494615
2020-10-01 06:00:00,36.424639440248285,0a820e12-033b-45d6-9ef9-d70f4c5e5b63,39.889883,-111.2494615
2020-10-02 06:00:00,36.86987494871637,0a820e12-033b-45d6-9ef9-d70f4c5e5b63,39.889883,-111.2494615
2020-10-03 06:00:00,41.778921676209855,0a820e12-033b-45d6-9ef9-d70f4c5e5b63,39.889883,-111.2494615
2020-10-04 06:00:00,44.81058677328218,0a820e12-033b-45d6-9ef9-d70f4c5e5b63,39.889883,-111.2494615
2020-10-05 06:00:00,34.3447553691552,0a820e12-033b-45d6-9ef9-d70f4c5e5b63,39.889883,-111.2494615
2020-10-06 06:00:00,33.8653512648141,0a820e12-033b-45d6-9ef9-d70f4c5e5b63,39.889883,-111.2494615
2020-10-07 06:00:00,30.03118343188054,0a820e12-033b-45d6-9ef9-d70f4c5e5b63,39.889883,-111.2494615
2020-10-08 06:00:00,34.531183431880535,0a820e12-033b-45d6-9ef9-d70f4c5e5b63,39.889883,-111.2494615
2020-10-09 06:00:00,47.21713182304316,0a820e12-033b-45d6-9ef9-d70f4c5e5b63,39.889883,-111.2494615
2020-10-10 06:00:00,43.89249285054505,0a820e12-033b-45d6-9ef9-d70f4c5e5b63,39.889883,-111.2494615
2020-10-11 06:00:00,79.86487159325138,0a820e12-033b-45d6-9ef9-d70f4c5e5b63,39.889883,-111.2494615
2020-10-12 06:00:00,53.47189525644634,0a820e12-033b-45d6-9ef9-d70f4c5e5b63,39.889883,-111.2494615
2020-10-13 06:00:00,42.462850054831776,0a820e12-033b-45d6-9ef9-d70f4c5e5b63,39.889883,-111.2494615
2020-10-14 06:00:00,55.101538815099076,0a820e12-033b-45d6-9ef9-d70f4c5e5b63,39.889883,-111.2494615
2020-10-15 06:00:00,56.828680991208586,0a820e12-033b-45d6-9ef9-d70f4c5e5b63,39.889883,-111.2494615
2020-10-16 06:00:00,53.70404278164993,0a820e12-033b-45d6-9ef9-d70f4c5e5b63,39.889883,-111.2494615
2020-10-17 06:00:00,55.812608606891075,0a820e12-033b-45d6-9ef9-d70f4c5e5b63,39.889883,-111.2494615
2020-10-18 06:00:00,50.546776144635345,0a820e12-033b-45d6-9ef9-d70f4c5e5b63,39.889883,-111.2494615
2020-10-19 06:00:00,54.260347614159826,0a820e12-033b-45d6-9ef9-d70f4c5e5b63,39.889883,-111.2494615
2020-10-20 06:00:00,55.055823339879,0a820e12-033b-45d6-9ef9-d70f4c5e5b63,39.889883,-111.2494615
2020-10-21 06:00:00,52.85832607574023,0a820e12-033b-45d6-9ef9-d70f4c5e5b63,39.889883,-111.2494615
2020-10-22 06:00:00,80.05177750647125,0a820e12-033b-45d6-9ef9-d70f4c5e5b63,39.889883,-111.2494615
2020-10-23 06:00:00,54.54023062712418,0a820e12-033b-45d6-9ef9-d70f4c5e5b63,39.889883,-111.2494615
2020-10-24 06:00:00,48.46236838963997,0a820e12-033b-45d6-9ef9-d70f4c5e5b63,39.889883,-111.2494615
2020-10-25 06:00:00,100.0,0a820e12-033b-45d6-9ef9-d70f4c5e5b63,39.889883,-111.2494615
2020-10-26 06:00:00,88.82608197444443,0a820e12-033b-45d6-9ef9-d70f4c5e5b63,39.889883,-111.2494615
2020-10-27 06:00:00,58.25428376184047,0a820e12-033b-45d6-9ef9-d70f4c5e5b63,39.889883,-111.2494615
2020-10-28 06:00:00,67.14427493465303,0a820e12-033b-45d6-9ef9-d70f4c5e5b63,39.889883,-111.2494615
2020-10-29 06:00:00,64.25582210918937,0a820e12-033b-45d6-9ef9-d70f4c5e5b63,39.889883,-111.2494615
2020-10-30 06:00:00,54.119153361462764,0a820e12-033b-45d6-9ef9-d70f4c5e5b63,39.889883,-111.2494615
2020-10-31 06:00:00,42.45129936078744,0a820e12-033b-45d6-9ef9-d70f4c5e5b63,39.889883,-111.2494615
2020-11-01 06:00:00,45.33522650871975,0a820e12-033b-45d6-9ef9-d70f4c5e5b63,39.889883,-111.2494615
2020-11-02 06:00:00,40.844273703963395,0a820e12-033b-45d6-9ef9-d70f4c5e5b63,39.889883,-111.2494615
2020-11-03 06:00:00,55.59903713736658,0a820e12-033b-45d6-9ef9-d70f4c5e5b63,39.889883,-111.2494615
2020-11-04 06:00:00,61.59200995466364,0a820e12-033b-45d6-9ef9-d70f4c5e5b63,39.889883,-111.2494615
2020-11-05 06:00:00,54.16487083031193,0a820e12-033b-45d6-9ef9-d70f4c5e5b63,39.889883,-111.2494615
2020-11-06 06:00:00,47.899036374427126,0a820e12-033b-45d6-9ef9-d70f4c5e5b63,39.889883,-111.2494615
2020-11-07 06:00:00,89.7658324622557,0a820e12-033b-45d6-9ef9-d70f4c5e5b63,39.889883,-111.2494615
2020-11-08 06:00:00,87.4617893854165,0a820e12-033b-45d6-9ef9-d70f4c5e5b63,39.889883,-111.2494615
2020-11-09 06:00:00,91.86535143737498,0a820e12-033b-45d6-9ef9-d70f4c5e5b63,39.889883,-111.2494615
2020-11-10 06:00:00,83.58344641824085,0a820e12-033b-45d6-9ef9-d70f4c5e5b63,39.889883,-111.2494615
2020-11-11 06:00:00,85.36737327098386,0a820e12-033b-45d6-9ef9-d70f4c5e5b63,39.889883,-111.2494615
2020-11-12 06:00:00,77.89047465907255,0a820e12-033b-45d6-9ef9-d70f4c5e5b63,39.889883,-111.2494615
2020-11-13 06:00:00,86.41414742199014,0a820e12-033b-45d6-9ef9-d70f4c5e5b63,39.889883,-111.2494615
2020-11-14 06:00:00,89.72011317233837,0a820e12-033b-45d6-9ef9-d70f4c5e5b63,39.889883,-111.2494615
2020-11-15 06:00:00,81.31761395598512,0a820e12-033b-45d6-9ef9-d70f4c5e5b63,39.889883,-111.2494615
2020-11-16 06:00:00,59.94427217808449,0a820e12-033b-45d6-9ef9-d70f4c5e5b63,39.889883,-111.2494615
2020-11-17 06:00:00,57.621175367632546,0a820e12-033b-45d6-9ef9-d70f4c5e5b63,39.889883,-111.2494615
2020-11-18 06:00:00,57.6311838996307,0a820e12-033b-45d6-9ef9-d70f4c5e5b63,39.889883,-111.2494615
2020-11-19 06:00:00,77.35832226104297,0a820e12-033b-45d6-9ef9-d70f4c5e5b63,39.889883,-111.2494615
2020-11-20 06:00:00,73.7357058850932,0a820e12-033b-45d6-9ef9-d70f4c5e5b63,39.889883,-111.2494615
2020-11-21 06:00:00,72.46487006737247,0a820e12-033b-45d6-9ef9-d70f4c5e5b63,39.889883,-111.2494615
2020-11-22 06:00:00,64.56891437490131,0a820e12-033b-45d6-9ef9-d70f4c5e5b63,39.889883,-111.2494615
2020-11-23 06:00:00,84.79605455738177,0a820e12-033b-45d6-9ef9-d70f4c5e5b63,39.889883,-111.2494615
2020-11-24 06:00:00,98.5201162240962,0a820e12-033b-45d6-9ef9-d70f4c5e5b63,39.889883,-111.2494615
2020-11-25 06:00:00,93.52820026151716,0a820e12-033b-45d6-9ef9-d70f4c5e5b63,39.889883,-111.2494615
2020-11-26 06:00:00,100.0,0a820e12-033b-45d6-9ef9-d70f4c5e5b63,39.889883,-111.2494615
2020-11-27 06:00:00,100.0,0a820e12-033b-45d6-9ef9-d70f4c5e5b63,39.889883,-111.2494615
2020-11-28 06:00:00,88.91963426371511,0a820e12-033b-45d6-9ef9-d70f4c5e5b63,39.889883,-111.2494615
2020-11-29 06:00:00,72.91463090825013,0a820e12-033b-45d6-9ef9-d70f4c5e5b63,39.889883,-111.2494615
2020-11-30 06:00:00,70.16439115874923,0a820e12-033b-45d6-9ef9-d70f4c5e5b63,39.889883,-111.2494615
2020-12-01 06:00:00,85.55678450407261,0a820e12-033b-45d6-9ef9-d70f4c5e5b63,39.889883,-111.2494615
2020-12-02 06:00:00,88.23772771870208,0a820e12-033b-45d6-9ef9-d70f4c5e5b63,39.889883,-111.2494615
2020-12-03 06:00:00,65.32617749240791,0a820e12-033b-45d6-9ef9-d70f4c5e5b63,39.889883,-111.2494615
2020-12-04 06:00:00,42.344755369155195,0a820e12-033b-45d6-9ef9-d70f4c5e5b63,39.889883,-111.2494615
2020-12-05 06:00:00,53.04879615717604,0a820e12-033b-45d6-9ef9-d70f4c5e5b63,39.889883,-111.2494615
2020-12-06 06:00:00,52.055823339879,0a820e12-033b-45d6-9ef9-d70f4c5e5b63,39.889883,-111.2494615
2020-12-07 06:00:00,45.34677538169589,0a820e12-033b-45d6-9ef9-d70f4c5e5b63,39.889883,-111.2494615
2020-12-08 06:00:00,32.74023139006365,0a820e12-033b-45d6-9ef9-d70f4c5e5b63,39.889883,-111.2494615
2020-12-09 06:00:00,37.333204675110856,0a820e12-033b-45d6-9ef9-d70f4c5e5b63,39.889883,-111.2494615
2020-12-10 06:00:00,60.33368616774176,0a820e12-033b-45d6-9ef9-d70f4c5e5b63,39.889883,-111.2494615
2020-12-11 06:00:00,98.32916265640038,0a820e12-033b-45d6-9ef9-d70f4c5e5b63,39.889883,-111.2494615
2020-12-12 06:00:00,100.0,0a820e12-033b-45d6-9ef9-d70f4c5e5b63,39.889883,-111.2494615
2020-12-13 06:00:00,100.0,0a820e12-033b-45d6-9ef9-d70f4c5e5b63,39.889883,-111.2494615
2020-12-14 06:00:00,90.01357087914592,0a820e12-033b-45d6-9ef9-d70f4c5e5b63,39.889883,-111.2494615
2020-12-15 06:00:00,89.1929717591683,0a820e12-033b-45d6-9ef9-d70f4c5e5b63,39.889883,-111.2494615
2020-12-16 06:00:00,95.2261790182868,0a820e12-033b-45d6-9ef9-d70f4c5e5b63,39.889883,-111.2494615
2020-12-17 06:00:00,92.41963426371511,0a820e12-033b-45d6-9ef9-d70f4c5e5b63,39.889883,-111.2494615
2020-12-18 06:00:00,100.0,0a820e12-033b-45d6-9ef9-d70f4c5e5b63,39.889883,-111.2494615
2020-12-19 06:00:00,93.4598667119075,0a820e12-033b-45d6-9ef9-d70f4c5e5b63,39.889883,-111.2494615
2020-12-20 06:00:00,92.8870060088201,0a820e12-033b-45d6-9ef9-d70f4c5e5b63,39.889883,-111.2494615
2020-12-21 06:00:00,85.65688248341534,0a820e12-033b-45d6-9ef9-d70f4c5e5b63,39.889883,-111.2494615
2020-12-22 06:00:00,100.0,0a820e12-033b-45d6-9ef9-d70f4c5e5b63,39.889883,-111.2494615
2020-12-23 06:00:00,85.65678696545187,0a820e12-033b-45d6-9ef9-d70f4c5e5b63,39.889883,-111.2494615
2020-12-24 06:00:00,74.05428282634011,0a820e12-033b-45d6-9ef9-d70f4c5e5b63,39.889883,-111.2494615
2020-12-25 06:00:00,59.28950921243148,0a820e12-033b-45d6-9ef9-d70f4c5e5b63,39.889883,-111.2494615
2020-12-26 06:00:00,75.85986459565002,0a820e12-033b-45d6-9ef9-d70f4c5e5b63,39.889883,-111.2494615
2020-12-27 06:00:00,96.41963426371512,0a820e12-033b-45d6-9ef9-d70f4c5e5b63,39.889883,-111.2494615
2020-12-28 06:00:00,89.0909550935747,0a820e12-033b-45d6-9ef9-d70f4c5e5b63,39.889883,-111.2494615
2020-12-29 06:00:00,99.21607314725698,0a820e12-033b-45d6-9ef9-d70f4c5e5b63,39.889883,-111.2494615
2020-12-30 06:00:00,88.76227228129794,0a820e12-033b-45d6-9ef9-d70f4c5e5b63,39.889883,-111.2494615
2020-12-31 06:00:00,100.0,0a820e12-033b-45d6-9ef9-d70f4c5e5b63,39.889883,-111.2494615
2021-01-01 06:00:00,97.6130895091434,0a820e12-033b-45d6-9ef9-d70f4c5e5b63,39.889883,-111.2494615
2021-01-02 06:00:00,88.1131850271069,0a820e12-033b-45d6-9ef9-d70f4c5e5b63,39.889883,-111.2494615
2021-01-03 06:00:00,92.69605244112428,0a820e12-033b-45d6-9ef9-d70f4c5e5b63,39.889883,-111.2494615
2021-01-04 06:00:00,97.04023244819238,0a820e12-033b-45d6-9ef9-d70f4c5e5b63,39.889883,-111.2494615
2021-01-05 06:00:00,100.0,0a820e12-033b-45d6-9ef9-d70f4c5e5b63,39.889883,-111.2494615
2021-01-06 06:00:00,66.31463061306084,0a820e12-033b-45d6-9ef9-d70f4c5e5b63,39.889883,-111.2494615
2021-01-07 06:00:00,74.03974896193237,0a820e12-033b-45d6-9ef9-d70f4c5e5b63,39.889883,-111.2494615
2021-01-08 06:00:00,81.20057595246564,0a820e12-033b-45d6-9ef9-d70f4c5e5b63,39.889883,-111.2494615
2021-01-09 06:00:00,93.69855776099314,0a820e12-033b-45d6-9ef9-d70f4c5e5b63,39.889883,-111.2494615
2021-01-10 06:00:00,96.75380027558049,0a820e12-033b-45d6-9ef9-d70f4c5e5b63,39.889883,-111.2494615
2021-01-11 06:00:00,80.286524048439,0a820e12-033b-45d6-9ef9-d70f4c5e5b63,39.889883,-111.2494615
2021-01-12 06:00:00,72.78200235816581,0a820e12-033b-45d6-9ef9-d70f4c5e5b63,39.889883,-111.2494615
2021-01-13 06:00:00,82.782004179234,0a820e12-033b-45d6-9ef9-d70f4c5e5b63,39.889883,-111.2494615
2021-01-14 06:00:00,56.6135711743352,0a820e12-033b-45d6-9ef9-d70f4c5e5b63,39.889883,-111.2494615
2021-01-15 06:00:00,63.73012551903381,0a820e12-033b-45d6-9ef9-d70f4c5e5b63,39.889883,-111.2494615
2021-01-16 06:00:00,77.19999694824219,0a820e12-033b-45d6-9ef9-d70f4c5e5b63,39.889883,-111.2494615
2021-01-17 06:00:00,68.32059513271945,0a820e12-033b-45d6-9ef9-d70f4c5e5b63,39.889883,-111.2494615
2021-01-18 06:00:00,79.21607314725698,0a820e12-033b-45d6-9ef9-d70f4c5e5b63,39.889883,-111.2494615
2021-01-19 06:00:00,80.86284975964251,0a820e12-033b-45d6-9ef9-d70f4c5e5b63,39.889883,-111.2494615
2021-01-20 06:00:00,99.3316643341329,0a820e12-033b-45d6-9ef9-d70f4c5e5b63,39.889883,-111.2494615
2021-01-21 06:00:00,86.28046184462694,0a820e12-033b-45d6-9ef9-d70f4c5e5b63,39.889883,-111.2494615
2021-01-22 06:00:00,93.4598667119075,0a820e12-033b-45d6-9ef9-d70f4c5e5b63,39.889883,-111.2494615
2021-01-23 06:00:00,100.0,0a820e12-033b-45d6-9ef9-d70f4c5e5b63,39.889883,-111.2494615
2021-01-24 06:00:00,100.0,0a820e12-033b-45d6-9ef9-d70f4c5e5b63,39.889883,-111.2494615
2021-01-25 06:00:00,100.0,0a820e12-033b-45d6-9ef9-d70f4c5e5b63,39.889883,-111.2494615
2021-01-26 06:00:00,98.04273412592487,0a820e12-033b-45d6-9ef9-d70f4c5e5b63,39.889883,-111.2494615
2021-01-27 06:00:00,98.37988530178274,0a820e12-033b-45d6-9ef9-d70f4c5e5b63,39.889883,-111.2494615
2021-01-28 06:00:00,89.92974013474496,0a820e12-033b-45d6-9ef9-d70f4c5e5b63,39.889883,-111.2494615
2021-01-29 06:00:00,87.82675649663138,0a820e12-033b-45d6-9ef9-d70f4c5e5b63,39.889883,-111.2494615
2021-01-30 06:00:00,100.0,0a820e12-033b-45d6-9ef9-d70f4c5e5b63,39.889883,-111.2494615
2021-01-31 06:00:00,88.37545730840483,0a820e12-033b-45d6-9ef9-d70f4c5e5b63,39.889883,-111.2494615
2021-02-01 06:00:00,79.21616866522047,0a820e12-033b-45d6-9ef9-d70f4c5e5b63,39.889883,-111.2494615
2021-02-02 06:00:00,85.68951073831039,0a820e12-033b-45d6-9ef9-d70f4c5e5b63,39.889883,-111.2494615
2021-02-03 06:00:00,100.0,0a820e12-033b-45d6-9ef9-d70f4c5e5b63,39.889883,-111.2494615
2021-02-04 06:00:00,76.33416601186538,0a820e12-033b-45d6-9ef9-d70f4c5e5b63,39.889883,-111.2494615
2021-02-05 06:00:00,77.6909535676958,0a820e12-033b-45d6-9ef9-d70f4c5e5b63,39.889883,-111.2494615
2021-02-06 06:00:00,68.62059818447725,0a820e12-033b-45d6-9ef9-d70f4c5e5b63,39.889883,-111.2494615
2021-02-07 06:00:00,45.442733830735584,0a820e12-033b-45d6-9ef9-d70f4c5e5b63,39.889883,-111.2494615
2021-02-08 06:00:00,40.442733830735584,0a820e12-033b-45d6-9ef9-d70f4c5e5b63,39.889883,-111.2494615
2021-02-09 06:00:00,53.90500488134389,0a820e12-033b-45d6-9ef9-d70f4c5e5b63,39.889883,-111.2494615
2021-02-10 06:00:00,71.54879997187331,0a820e12-033b-45d6-9ef9-d70f4c5e5b63,39.889883,-111.2494615
2021-02-11 06:00:00,65.46333172002358,0a820e12-033b-45d6-9ef9-d70f4c5e5b63,39.889883,-111.2494615
2021-02-12 06:00:00,70.66381215452574,0a820e12-033b-45d6-9ef9-d70f4c5e5b63,39.889883,-111.2494615
2021-02-13 06:00:00,90.11453233852883,0a820e12-033b-45d6-9ef9-d70f4c5e5b63,39.889883,-111.2494615
2021-02-14 06:00:00,95.7266625045468,0a820e12-033b-45d6-9ef9-d70f4c5e5b63,39.889883,-111.2494615
2021-02-15 06:00:00,100.0,0a820e12-033b-45d6-9ef9-d70f4c5e5b63,39.889883,-111.2494615
2021-02-16 06:00:00,82.5794024059013,0a820e12-033b-45d6-9ef9-d70f4c5e5b63,39.889883,-111.2494615
2021-02-17 06:00:00,95.75129859784799,0a820e12-033b-45d6-9ef9-d70f4c5e5b63,39.889883,-111.2494615
2021-02-18 06:00:00,87.36891161833279,0a820e12-033b-45d6-9ef9-d70f4c5e5b63,39.889883,-111.2494615
2021-02-19 06:00:00,79.35976907768652,0a820e12-033b-45d6-9ef9-d70f4c5e5b63,39.889883,-111.2494615
2021-02-20 06:00:00,77.92560459170006,0a820e12-033b-45d6-9ef9-d70f4c5e5b63,39.889883,-111.2494615
2021-02-21 06:00:00,70.05023915912236,0a820e12-033b-45d6-9ef9-d70f4c5e5b63,39.889883,-111.2494615
2021-02-22 06:00:00,75.18440822274556,0a820e12-033b-45d6-9ef9-d70f4c5e5b63,39.889883,-111.2494615
2021-02-23 06:00:00,74.20307763019815,0a820e12-033b-45d6-9ef9-d70f4c5e5b63,39.889883,-111.2494615
2021-02-24 06:00:00,97.37439846005775,0a820e12-033b-45d6-9ef9-d70f4c5e5b63,39.889883,-111.2494615
2021-02-25 06:00:00,100.0,0a820e12-033b-45d6-9ef9-d70f4c5e5b63,39.889883,-111.2494615
2021-02-26 06:00:00,78.51501370853136,0a820e12-033b-45d6-9ef9-d70f4c5e5b63,39.889883,-111.2494615
2021-02-27 06:00:00,100.0,0a820e12-033b-45d6-9ef9-d70f4c5e5b63,39.889883,-111.2494615
2021-02-28 06:00:00,91.746295242383,0a820e12-033b-45d6-9ef9-d70f4c5e5b63,39.889883,-111.2494615
2021-03-01 06:00:00,95.27391649967667,0a820e12-033b-45d6-9ef9-d70f4c5e5b63,39.889883,-111.2494615
2021-03-02 06:00:00,67.37892197139912,0a820e12-033b-45d6-9ef9-d70f4c5e5b63,39.889883,-111.2494615
2021-03-03 06:00:00,65.12117536763255,0a820e12-033b-45d6-9ef9-d70f4c5e5b63,39.889883,-111.2494615
2021-03-04 06:00:00,72.5588066828033,0a820e12-033b-45d6-9ef9-d70f4c5e5b63,39.889883,-111.2494615
2021-03-05 06:00:00,62.24927858530729,0a820e12-033b-45d6-9ef9-d70f4c5e5b63,39.889883,-111.2494615
2021-03-06 06:00:00,65.58902877792931,0a820e12-033b-45d6-9ef9-d70f4c5e5b63,39.889883,-111.2494615
2021-03-07 06:00:00,63.90962391064876,0a820e12-033b-45d6-9ef9-d70f4c5e5b63,39.889883,-111.2494615
2021-03-08 06:00:00,51.55582333987899,0a820e12-033b-45d6-9ef9-d70f4c5e5b63,39.889883,-111.2494615
2021-03-09 06:00:00,70.04071229231599,0a820e12-033b-45d6-9ef9-d70f4c5e5b63,39.889883,-111.2494615
2021-03-10 06:00:00,69.04773748138987,0a820e12-033b-45d6-9ef9-d70f4c5e5b63,39.889883,-111.2494615
2021-03-11 06:00:00,87.669874013216,0a820e12-033b-45d6-9ef9-d70f4c5e5b63,39.889883,-111.2494615
2021-03-12 06:00:00,92.95274236273376,0a820e12-033b-45d6-9ef9-d70f4c5e5b63,39.889883,-111.2494615
2021-03-13 06:00:00,83.79441704993299,0a820e12-033b-45d6-9ef9-d70f4c5e5b63,39.889883,-111.2494615
2021-03-14 06:00:00,73.50202183360888,0a820e12-033b-45d6-9ef9-d70f4c5e5b63,39.889883,-111.2494615
2021-03-15 06:00:00,74.17237569094851,0a820e12-033b-45d6-9ef9-d70f4c5e5b63,39.889883,-111.2494615
2021-03-16 06:00:00,83.13166738589068,0a820e12-033b-45d6-9ef9-d70f4c5e5b63,39.889883,-111.2494615
2021-03-17 06:00:00,81.37892197139912,0a820e12-033b-45d6-9ef9-d70f4c5e5b63,39.889883,-111.2494615
2021-03-18 06:00:00,71.05678450407261,0a820e12-033b-45d6-9ef9-d70f4c5e5b63,39.889883,-111.2494615
2021-03-19 06:00:00,62.15582363506828,0a820e12-033b-45d6-9ef9-d70f4c5e5b63,39.889883,-111.2494615
2021-03-20 06:00:00,79.31106826591308,0a820e12-033b-45d6-9ef9-d70f4c5e5b63,39.889883,-111.2494615
2021-03-21 06:00:00,91.149278290118,0a820e12-033b-45d6-9ef9-d70f4c5e5b63,39.889883,-111.2494615
2021-03-22 06:00:00,95.54619913404098,0a820e12-033b-45d6-9ef9-d70f4c5e5b63,39.889883,-111.2494615
2021-03-23 06:00:00,89.94523732953628,0a820e12-033b-45d6-9ef9-d70f4c5e5b63,39.889883,-111.2494615
2021-03-24 06:00:00,84.6165545172595,0a820e12-033b-45d6-9ef9-d70f4c5e5b63,39.889883,-111.2494615
2021-03-25 06:00:00,74.18392837862193,0a820e12-033b-45d6-9ef9-d70f4c5e5b63,39.889883,-111.2494615
2021-03-26 06:00:00,77.63820908870458,0a820e12-033b-45d6-9ef9-d70f4c5e5b63,39.889883,-111.2494615
2021-03-27 06:00:00,74.08998812105476,0a820e12-033b-45d6-9ef9-d70f4c5e5b63,39.889883,-111.2494615
2021-03-28 06:00:00,75.08344641824085,0a820e12-033b-45d6-9ef9-d70f4c5e5b63,39.889883,-111.2494615
2021-03-29 06:00:00,82.0563050050708,0a820e12-033b-45d6-9ef9-d70f4c5e5b63,39.889883,-111.2494615
2021-03-30 06:00:00,64.70404278164993,0a820e12-033b-45d6-9ef9-d70f4c5e5b63,39.889883,-111.2494615
2021-03-31 06:00:00,76.37843848513916,0a820e12-033b-45d6-9ef9-d70f4c5e5b63,39.889883,-111.2494615
2021-04-01 06:00:00,62.23724821970025,0a820e12-033b-45d6-9ef9-d70f4c5e5b63,39.889883,-111.2494615
2021-04-02 06:00:00,52.56939404646402,0a820e12-033b-45d6-9ef9-d70f4c5e5b63,39.889883,-111.2494615
2021-04-03 06:00:00,56.86487159325138,0a820e12-033b-45d6-9ef9-d70f4c5e5b63,39.889883,-111.2494615
2021-04-04 06:00:00,51.355822576939545,0a820e12-033b-45d6-9ef9-d70f4c5e5b63,39.889883,-111.2494615
2021-04-05 06:00:00,67.30105791284673,0a820e12-033b-45d6-9ef9-d70f4c5e5b63,39.889883,-111.2494615
2021-04-06 06:00:00,85.30307974645562,0a820e12-033b-45d6-9ef9-d70f4c5e5b63,39.889883,-111.2494615
2021-04-07 06:00:00,81.91664909972263,0a820e12-033b-45d6-9ef9-d70f4c5e5b63,39.889883,-111.2494615
2021-04-08 06:00:00,59.15784364760897,0a820e12-033b-45d6-9ef9-d70f4c5e5b63,39.889883,-111.2494615
2021-04-09 06:00:00,62.57844124170767,0a820e12-033b-45d6-9ef9-d70f4c5e5b63,39.889883,-111.2494615
2021-04-10 06:00:00,54.469393578713856,0a820e12-033b-45d6-9ef9-d70f4c5e5b63,39.889883,-111.2494615
2021-04-11 06:00:00,57.271896487135976,0a820e12-033b-45d6-9ef9-d70f4c5e5b63,39.889883,-111.2494615
2021-04-12 06:00:00,54.756303774381166,0a820e12-033b-45d6-9ef9-d70f4c5e5b63,39.889883,-111.2494615
2021-04-13 06:00:00,62.402503203611396,0a820e12-033b-45d6-9ef9-d70f4c5e5b63,39.889883,-111.2494615
2021-04-14 06:00:00,73.91915077745513,0a820e12-033b-45d6-9ef9-d70f4c5e5b63,39.889883,-111.2494615
2021-04-15 06:00:00,72.77892349727803,0a820e12-033b-45d6-9ef9-d70f4c5e5b63,39.889883,-111.2494615
2021-04-16 06:00:00,80.46833507548855,0a820e12-033b-45d6-9ef9-d70f4c5e5b63,39.889883,-111.2494615
2021-04-17 06:00:00,75.60606432006956,0a820e12-033b-45d6-9ef9-d70f4c5e5b63,39.889883,-111.2494615
2021-04-18 06:00:00,69.47189525644635,0a820e12-033b-45d6-9ef9-d70f4c5e5b63,39.889883,-111.2494615
2021-04-19 06:00:00,68.62415871055686,0a820e12-033b-45d6-9ef9-d70f4c5e5b63,39.889883,-111.2494615
2021-04-20 06:00:00,67.46583339775607,0a820e12-033b-45d6-9ef9-d70f4c5e5b63,39.889883,-111.2494615
2021-04-21 06:00:00,59.63618907616388,0a820e12-033b-45d6-9ef9-d70f4c5e5b63,39.889883,-111.2494615
2021-04-22 06:00:00,65.2332042073607,0a820e12-033b-45d6-9ef9-d70f4c5e5b63,39.889883,-111.2494615
2021-04-23 06:00:00,55.95380285958812,0a820e12-033b-45d6-9ef9-d70f4c5e5b63,39.889883,-111.2494615
2021-04-24 06:00:00,61.34023185781381,0a820e12-033b-45d6-9ef9-d70f4c5e5b63,39.889883,-111.2494615
2021-04-25 06:00:00,54.88142364913162,0a820e12-033b-45d6-9ef9-d70f4c5e5b63,39.889883,-111.2494615
2021-04-26 06:00:00,75.84523885541518,0a820e12-033b-45d6-9ef9-d70f4c5e5b63,39.889883,-111.2494615
2021-04-27 06:00:00,78.2472585727666,0a820e12-033b-45d6-9ef9-d70f4c5e5b63,39.889883,-111.2494615
2021-04-28 06:00:00,81.57237721682743,0a820e12-033b-45d6-9ef9-d70f4c5e5b63,39.889883,-111.2494615
2021-04-29 06:00:00,61.03821061458349,0a820e12-033b-45d6-9ef9-d70f4c5e5b63,39.889883,-111.2494615
2021-04-30 06:00:00,58.2673728032337,0a820e12-033b-45d6-9ef9-d70f4c5e5b63,39.889883,-111.2494615
2021-05-01 06:00:00,50.3422536914227,0a820e12-033b-45d6-9ef9-d70f4c5e5b63,39.889883,-111.2494615
2021-05-02 06:00:00,60.102022301359064,0a820e12-033b-45d6-9ef9-d70f4c5e5b63,39.889883,-111.2494615
2021-05-03 06:00:00,79.51212770463871,0a820e12-033b-45d6-9ef9-d70f4c5e5b63,39.889883,-111.2494615
2021-05-04 06:00:00,69.38094016287162,0a820e12-033b-45d6-9ef9-d70f4c5e5b63,39.889883,-111.2494615
2021-05-05 06:00:00,58.86689160579208,0a820e12-033b-45d6-9ef9-d70f4c5e5b63,39.889883,-111.2494615
2021-05-06 06:00:00,45.69451392121449,0a820e12-033b-45d6-9ef9-d70f4c5e5b63,39.889883,-111.2494615
2021-05-07 06:00:00,48.476420761416804,0a820e12-033b-45d6-9ef9-d70f4c5e5b63,39.889883,-111.2494615
2021-05-08 06:00:00,59.459864890839306,0a820e12-033b-45d6-9ef9-d70f4c5e5b63,39.889883,-111.2494615
2021-05-09 06:00:00,47.06737204029425,0a820e12-033b-45d6-9ef9-d70f4c5e5b63,39.889883,-111.2494615
2021-05-10 06:00:00,59.78546719372101,0a820e12-033b-45d6-9ef9-d70f4c5e5b63,39.889883,-111.2494615
2021-05-11 06:00:00,8.322618092563546,0a820e12-033b-45d6-9ef9-d70f4c5e5b63,39.889883,-111.2494615
2021-05-12 06:00:00,7.665832622333486,0a820e12-033b-45d6-9ef9-d70f4c5e5b63,39.889883,-111.2494615
2021-05-13 06:00:00,6.365832431598623,0a820e12-033b-45d6-9ef9-d70f4c5e5b63,39.889883,-111.2494615
2021-05-14 06:00:00,40.11308950914341,0a820e12-033b-45d6-9ef9-d70f4c5e5b63,39.889883,-111.2494615
2021-05-15 06:00:00,40.83118266894108,0a820e12-033b-45d6-9ef9-d70f4c5e5b63,39.889883,-111.2494615
2021-05-16 06:00:00,47.694995586406286,0a820e12-033b-45d6-9ef9-d70f4c5e5b63,39.889883,-111.2494615
2021-05-17 06:00:00,59.751782084107965,0a820e12-033b-45d6-9ef9-d70f4c5e5b63,39.889883,-111.2494615
2021-05-18 06:00:00,64.37391679486596,0a820e12-033b-45d6-9ef9-d70f4c5e5b63,39.889883,-111.2494615
2021-05-19 06:00:00,54.778440011018056,0a820e12-033b-45d6-9ef9-d70f4c5e5b63,39.889883,-111.2494615
2021-05-20 06:00:00,45.98094245168999,0a820e12-033b-45d6-9ef9-d70f4c5e5b63,39.889883,-111.2494615
2021-05-21 06:00:00,83.18142670088943,0a820e12-033b-45d6-9ef9-d70f4c5e5b63,39.889883,-111.2494615
2021-05-22 06:00:00,69.1538018014594,0a820e12-033b-45d6-9ef9-d70f4c5e5b63,39.889883,-111.2494615
2021-05-23 06:00:00,64.94725734207695,0a820e12-033b-45d6-9ef9-d70f4c5e5b63,39.889883,-111.2494615
2021-05-24 06:00:00,75.30154139910672,0a820e12-033b-45d6-9ef9-d70f4c5e5b63,39.889883,-111.2494615
2021-05-25 06:00:00,60.115109521684104,0a820e12-033b-45d6-9ef9-d70f4c5e5b63,39.889883,-111.2494615
2021-05-26 06:00:00,64.40057870903418,0a820e12-033b-45d6-9ef9-d70f4c5e5b63,39.889883,-111.2494615
2021-05-27 06:00:00,54.53070376031783,0a820e12-033b-45d6-9ef9-d70f4c5e5b63,39.889883,-111.2494615
2021-05-28 06:00:00,47.142252928483245,0a820e12-033b-45d6-9ef9-d70f4c5e5b63,39.889883,-111.2494615
2021-05-29 06:00:00,51.538210614583484,0a820e12-033b-45d6-9ef9-d70f4c5e5b63,39.889883,-111.2494615
2021-05-30 06:00:00,52.619635026654564,0a820e12-033b-45d6-9ef9-d70f4c5e5b63,39.889883,-111.2494615
2021-05-31 06:00:00,53.58142441207107,0a820e12-033b-45d6-9ef9-d70f4c5e5b63,39.889883,-111.2494615
2021-06-01 06:00:00,44.03368510961303,0a820e12-033b-45d6-9ef9-d70f4c5e5b63,39.889883,-111.2494615
2021-06-02 06:00:00,49.929161130521486,0a820e12-033b-45d6-9ef9-d70f4c5e5b63,39.889883,-111.2494615
2021-06-03 06:00:00,44.672377684577604,0a820e12-033b-45d6-9ef9-d70f4c5e5b63,39.889883,-111.2494615
2021-06-04 06:00:00,43.385949154102086,0a820e12-033b-45d6-9ef9-d70f4c5e5b63,39.889883,-111.2494615
2021-06-05 06:00:00,46.520116224096185,0a820e12-033b-45d6-9ef9-d70f4c5e5b63,39.889883,-111.2494615
2021-06-06 06:00:00,44.32011546115674,0a820e12-033b-45d6-9ef9-d70f4c5e5b63,39.889883,-111.2494615
2021-06-07 06:00:00,40.55178132116851,0a820e12-033b-45d6-9ef9-d70f4c5e5b63,39.889883,-111.2494615
2021-06-08 06:00:00,32.08392608980357,0a820e12-033b-45d6-9ef9-d70f4c5e5b63,39.889883,-111.2494615
2021-06-09 06:00:00,36.10202230135907,0a820e12-033b-45d6-9ef9-d70f4c5e5b63,39.889883,-111.2494615
2021-06-10 06:00:00,60.42916113052148,0a820e12-033b-45d6-9ef9-d70f4c5e5b63,39.889883,-111.2494615
2021-06-11 06:00:00,47.79999923706055,0a820e12-033b-45d6-9ef9-d70f4c5e5b63,39.889883,-111.2494615
2021-06-12 06:00:00,36.3085647671124,0a820e12-033b-45d6-9ef9-d70f4c5e5b63,39.889883,-111.2494615
2021-06-13 06:00:00,31.799519565497828,0a820e12-033b-45d6-9ef9-d70f4c5e5b63,39.889883,-111.2494615
2021-06-14 06:00:00,27.963329726394488,0a820e12-033b-45d6-9ef9-d70f4c5e5b63,39.889883,-111.2494615
2021-06-15 06:00:00,33.19047099196992,0a820e12-033b-45d6-9ef9-d70f4c5e5b63,39.889883,-111.2494615
2021-06-16 06:00:00,36.10856599780203,0a820e12-033b-45d6-9ef9-d70f4c5e5b63,39.889883,-111.2494615
2021-06-17 06:00:00,36.04273412592487,0a820e12-033b-45d6-9ef9-d70f4c5e5b63,39.889883,-111.2494615
2021-06-18 06:00:00,33.29951956549783,0a820e12-033b-45d6-9ef9-d70f4c5e5b63,39.889883,-111.2494615
2021-06-19 06:00:00,39.14071258750527,0a820e12-033b-45d6-9ef9-d70f4c5e5b63,39.889883,-111.2494615
2021-06-20 06:00:00,38.718093159797675,0a820e12-033b-45d6-9ef9-d70f4c5e5b63,39.889883,-111.2494615
2021-06-21 06:00:00,42.367852942546584,0a820e12-033b-45d6-9ef9-d70f4c5e5b63,39.889883,-111.2494615
2021-06-22 06:00:00,36.124640203187745,0a820e12-033b-45d6-9ef9-d70f4c5e5b63,39.889883,-111.2494615
2021-06-23 06:00:00,37.781425175010526,0a820e12-033b-45d6-9ef9-d70f4c5e5b63,39.889883,-111.2494615
2021-06-24 06:00:00,61.12964355865274,0a820e12-033b-45d6-9ef9-d70f4c5e5b63,39.889883,-111.2494615
2021-06-25 06:00:00,62.30250273586124,0a820e12-033b-45d6-9ef9-d70f4c5e5b63,39.889883,-111.2494615
2021-06-26 06:00:00,54.62059636340907,0a820e12-033b-45d6-9ef9-d70f4c5e5b63,39.889883,-111.2494615
2021-06-27 06:00:00,57.12511987475045,0a820e12-033b-45d6-9ef9-d70f4c5e5b63,39.889883,-111.2494615
2021-06-28 06:00:00,54.83868952320675,0a820e12-033b-45d6-9ef9-d70f4c5e5b63,39.889883,-111.2494615
2021-06-29 06:00:00,54.22512034250063,0a820e12-033b-45d6-9ef9-d70f4c5e5b63,39.889883,-111.2494615
2021-06-30 06:00:00,57.31309027208286,0a820e12-033b-45d6-9ef9-d70f4c5e5b63,39.889883,-111.2494615
2021-07-01 06:00:00,62.01761272529551,0a820e12-033b-45d6-9ef9-d70f4c5e5b63,39.889883,-111.2494615
2021-07-02 06:00:00,62.16737051441533,0a820e12-033b-45d6-9ef9-d70f4c5e5b63,39.889883,-111.2494615
2021-07-03 06:00:00,57.19903760511676,0a820e12-033b-45d6-9ef9-d70f4c5e5b63,39.889883,-111.2494615
2021-07-04 06:00:00,52.519632737836204,0a820e12-033b-45d6-9ef9-d70f4c5e5b63,39.889883,-111.2494615
2021-07-05 06:00:00,63.21058630553201,0a820e12-033b-45d6-9ef9-d70f4c5e5b63,39.889883,-111.2494615
2021-07-06 06:00:00,51.23118419481999,0a820e12-033b-45d6-9ef9-d70f4c5e5b63,39.889883,-111.2494615
2021-07-07 06:00:00,41.506063852319365,0a820e12-033b-45d6-9ef9-d70f4c5e5b63,39.889883,-111.2494615
2021-07-08 06:00:00,42.45129936078744,0a820e12-033b-45d6-9ef9-d70f4c5e5b63,39.889883,-111.2494615
2021-07-09 06:00:00,43.26535096962481,0a820e12-033b-45d6-9ef9-d70f4c5e5b63,39.889883,-111.2494615
2021-07-10 06:00:00,32.576900900729704,0a820e12-033b-45d6-9ef9-d70f4c5e5b63,39.889883,-111.2494615
2021-07-11 06:00:00,41.82415747986722,0a820e12-033b-45d6-9ef9-d70f4c5e5b63,39.889883,-111.2494615
2021-07-12 06:00:00,44.889991172812564,0a820e12-033b-45d6-9ef9-d70f4c5e5b63,39.889883,-111.2494615
2021-07-13 06:00:00,48.837728186452246,0a820e12-033b-45d6-9ef9-d70f4c5e5b63,39.889883,-111.2494615
2021-07-14 06:00:00,58.506063852319365,0a820e12-033b-45d6-9ef9-d70f4c5e5b63,39.889883,-111.2494615
2021-07-15 06:00:00,59.442733830735584,0a820e12-033b-45d6-9ef9-d70f4c5e5b63,39.889883,-111.2494615
2021-07-16 06:00:00,58.367852942546584,0a820e12-033b-45d6-9ef9-d70f4c5e5b63,39.889883,-111.2494615
2021-07-17 06:00:00,56.694995586406286,0a820e12-033b-45d6-9ef9-d70f4c5e5b63,39.889883,-111.2494615
2021-07-18 06:00:00,49.37641847259844,0a820e12-033b-45d6-9ef9-d70f4c5e5b63,39.889883,-111.2494615
2021-07-19 06:00:00,63.399518039618926,0a820e12-033b-45d6-9ef9-d70f4c5e5b63,39.889883,-111.2494615
2021-07-20 06:00:00,72.6924919150447,0a820e12-033b-45d6-9ef9-d70f4c5e5b63,39.889883,-111.2494615
2021-07-21 06:00:00,63.54927582873876,0a820e12-033b-45d6-9ef9-d70f4c5e5b63,39.889883,-111.2494615
2021-07-22 06:00:00,69.54273412592487,0a820e12-033b-45d6-9ef9-d70f4c5e5b63,39.889883,-111.2494615
2021-07-23 06:00:00,70.36987494871637,0a820e12-033b-45d6-9ef9-d70f4c5e5b63,39.889883,-111.2494615
2021-07-24 06:00:00,46.13570741097209,0a820e12-033b-45d6-9ef9-d70f4c5e5b63,39.889883,-111.2494615
2021-07-25 06:00:00,49.73070252962819,0a820e12-033b-45d6-9ef9-d70f4c5e5b63,39.889883,-111.2494615
2021-07-26 06:00:00,58.76939480940347,0a820e12-033b-45d6-9ef9-d70f4c5e5b63,39.889883,-111.2494615
2021-07-27 06:00:00,72.66535050187464,0a820e12-033b-45d6-9ef9-d70f4c5e5b63,39.889883,-111.2494615
2021-07-28 06:00:00,74.11106767553453,0a820e12-033b-45d6-9ef9-d70f4c5e5b63,39.889883,-111.2494615
2021-07-29 06:00:00,70.69345524542831,0a820e12-033b-45d6-9ef9-d70f4c5e5b63,39.889883,-111.2494615
2021-07-30 06:00:00,75.67285917720848,0a820e12-033b-45d6-9ef9-d70f4c5e5b63,39.889883,-111.2494615
2021-07-31 06:00:00,72.83416601186536,0a820e12-033b-45d6-9ef9-d70f4c5e5b63,39.889883,-111.2494615
2021-08-01 06:00:00,82.09143493769831,0a820e12-033b-45d6-9ef9-d70f4c5e5b63,39.889883,-111.2494615
2021-08-02 06:00:00,85.75678543957297,0a820e12-033b-45d6-9ef9-d70f4c5e5b63,39.889883,-111.2494615
2021-08-03 06:00:00,80.38094016287164,0a820e12-033b-45d6-9ef9-d70f4c5e5b63,39.889883,-111.2494615
2021-08-04 06:00:00,57.63368739843139,0a820e12-033b-45d6-9ef9-d70f4c5e5b63,39.889883,-111.2494615
2021-08-05 06:00:00,47.66535050187464,0a820e12-033b-45d6-9ef9-d70f4c5e5b63,39.889883,-111.2494615
2021-08-06 06:00:00,60.66486883668284,0a820e12-033b-45d6-9ef9-d70f4c5e5b63,39.889883,-111.2494615
2021-08-07 06:00:00,62.849278880496584,0a820e12-033b-45d6-9ef9-d70f4c5e5b63,39.889883,-111.2494615
2021-08-08 06:00:00,50.65832531280076,0a820e12-033b-45d6-9ef9-d70f4c5e5b63,39.889883,-111.2494615
2021-08-09 06:00:00,55.19903760511676,0a820e12-033b-45d6-9ef9-d70f4c5e5b63,39.889883,-111.2494615
2021-08-10 06:00:00,52.54725581619806,0a820e12-033b-45d6-9ef9-d70f4c5e5b63,39.889883,-111.2494615
2021-08-11 06:00:00,50.59249161985542,0a820e12-033b-45d6-9ef9-d70f4c5e5b63,39.889883,-111.2494615
2021-08-12 06:00:00,46.76284929189232,0a820e12-033b-45d6-9ef9-d70f4c5e5b63,39.889883,-111.2494615
2021-08-13 06:00:00,48.578920913270395,0a820e12-033b-45d6-9ef9-d70f4c5e5b63,39.889883,-111.2494615
2021-08-14 06:00:00,51.162848824142145,0a820e12-033b-45d6-9ef9-d70f4c5e5b63,39.889883,-111.2494615
2021-08-15 06:00:00,55.142252928483245,0a820e12-033b-45d6-9ef9-d70f4c5e5b63,39.889883,-111.2494615
2021-08-16 06:00:00,51.72415900574612,0a820e12-033b-45d6-9ef9-d70f4c5e5b63,39.889883,-111.2494615
2021-08-17 06:00:00,61.03772894939169,0a820e12-033b-45d6-9ef9-d70f4c5e5b63,39.889883,-111.2494615
2021-08-18 06:00:00,100.0,0a820e12-033b-45d6-9ef9-d70f4c5e5b63,39.889883,-111.2494615
2021-08-19 06:00:00,99.05928618180509,0a820e12-033b-45d6-9ef9-d70f4c5e5b63,39.889883,-111.2494615
2021-08-20 06:00:00,73.89345219367048,0a820e12-033b-45d6-9ef9-d70f4c5e5b63,39.889883,-111.2494615
2021-08-21 06:00:00,73.77439998593664,0a820e12-033b-45d6-9ef9-d70f4c5e5b63,39.889883,-111.2494615
2021-08-22 06:00:00,72.04023244819238,0a820e12-033b-45d6-9ef9-d70f4c5e5b63,39.889883,-111.2494615
2021-08-23 06:00:00,51.53320543805031,0a820e12-033b-45d6-9ef9-d70f4c5e5b63,39.889883,-111.2494615
2021-08-24 06:00:00,46.27892167620985,0a820e12-033b-45d6-9ef9-d70f4c5e5b63,39.889883,-111.2494615
2021-08-25 06:00:00,56.30153957803853,0a820e12-033b-45d6-9ef9-d70f4c5e5b63,39.889883,-111.2494615
2021-08-26 06:00:00,66.38950950762074,0a820e12-033b-45d6-9ef9-d70f4c5e5b63,39.889883,-111.2494615
2021-08-27 06:00:00,54.16034532534147,0a820e12-033b-45d6-9ef9-d70f4c5e5b63,39.889883,-111.2494615
2021-08-28 06:00:00,52.433204970300146,0a820e12-033b-45d6-9ef9-d70f4c5e5b63,39.889883,-111.2494615
2021-08-29 06:00:00,48.93821014683332,0a820e12-033b-45d6-9ef9-d70f4c5e5b63,39.889883,-111.2494615
2021-08-30 06:00:00,49.976420761416804,0a820e12-033b-45d6-9ef9-d70f4c5e5b63,39.889883,-111.2494615
2021-08-31 06:00:00,57.63618907616388,0a820e12-033b-45d6-9ef9-d70f4c5e5b63,39.889883,-111.2494615
2021-09-01 06:00:00,90.83820967908314,0a820e12-033b-45d6-9ef9-d70f4c5e5b63,39.889883,-111.2494615
2021-09-02 06:00:00,86.37738362405022,0a820e12-033b-45d6-9ef9-d70f4c5e5b63,39.889883,-111.2494615
2021-09-03 06:00:00,73.9804627801273,0a820e12-033b-45d6-9ef9-d70f4c5e5b63,39.889883,-111.2494615
2021-09-04 06:00:00,49.06535202775355,0a820e12-033b-45d6-9ef9-d70f4c5e5b63,39.889883,-111.2494615
2021-09-05 06:00:00,41.40856705593076,0a820e12-033b-45d6-9ef9-d70f4c5e5b63,39.889883,-111.2494615
2021-09-06 06:00:00,41.87189678232526,0a820e12-033b-45d6-9ef9-d70f4c5e5b63,39.889883,-111.2494615
2021-09-07 06:00:00,35.87488012524955,0a820e12-033b-45d6-9ef9-d70f4c5e5b63,39.889883,-111.2494615
2021-09-08 06:00:00,34.340230774718826,0a820e12-033b-45d6-9ef9-d70f4c5e5b63,39.889883,-111.2494615
2021-09-09 06:00:00,33.00808585848914,0a820e12-033b-45d6-9ef9-d70f4c5e5b63,39.889883,-111.2494615
2021-09-10 06:00:00,51.22463867730883,0a820e12-033b-45d6-9ef9-d70f4c5e5b63,39.889883,-111.2494615
2021-09-11 06:00:00,66.68142670088945,0a820e12-033b-45d6-9ef9-d70f4c5e5b63,39.889883,-111.2494615
2021-09-12 06:00:00,68.82964614266038,0a820e12-033b-45d6-9ef9-d70f4c5e5b63,39.889883,-111.2494615
2021-09-13 06:00:00,64.42617778759718,0a820e12-033b-45d6-9ef9-d70f4c5e5b63,39.889883,-111.2494615
2021-09-14 06:00:00,59.78999070506238,0a820e12-033b-45d6-9ef9-d70f4c5e5b63,39.889883,-111.2494615
2021-09-15 06:00:00,49.826660978667896,0a820e12-033b-45d6-9ef9-d70f4c5e5b63,39.889883,-111.2494615
2021-09-16 06:00:00,46.51260754876234,0a820e12-033b-45d6-9ef9-d70f4c5e5b63,39.889883,-111.2494615
2021-09-17 06:00:00,44.36284776601342,0a820e12-033b-45d6-9ef9-d70f4c5e5b63,39.889883,-111.2494615
2021-09-18 06:00:00,75.5040400250814,0a820e12-033b-45d6-9ef9-d70f4c5e5b63,39.889883,-111.2494615
2021-09-19 06:00:00,76.9603465560311,0a820e12-033b-45d6-9ef9-d70f4c5e5b63,39.889883,-111.2494615
2021-09-20 06:00:00,67.37488194631774,0a820e12-033b-45d6-9ef9-d70f4c5e5b63,39.889883,-111.2494615
2021-09-21 06:00:00,46.227140355041335,0a820e12-033b-45d6-9ef9-d70f4c5e5b63,39.889883,-111.2494615
2021-09-22 06:00:00,44.32666097866789,0a820e12-033b-45d6-9ef9-d70f4c5e5b63,39.889883,-111.2494615
2021-09-23 06:00:00,53.21761348823496,0a820e12-033b-45d6-9ef9-d70f4c5e5b63,39.889883,-111.2494615
2021-09-24 06:00:00,64.82463914505901,0a820e12-033b-45d6-9ef9-d70f4c5e5b63,39.889883,-111.2494615
2021-09-25 06:00:00,53.76284929189232,0a820e12-033b-45d6-9ef9-d70f4c5e5b63,39.889883,-111.2494615
2021-09-26 06:00:00,48.56284852895287,0a820e12-033b-45d6-9ef9-d70f4c5e5b63,39.889883,-111.2494615
2021-09-27 06:00:00,47.53320543805031,0a820e12-033b-45d6-9ef9-d70f4c5e5b63,39.889883,-111.2494615
2021-09-28 06:00:00,62.62810321767474,0a820e12-033b-45d6-9ef9-d70f4c5e5b63,39.889883,-111.2494615
2021-09-29 06:00:00,78.10404248646066,0a820e12-033b-45d6-9ef9-d70f4c5e5b63,39.889883,-111.2494615
2021-09-30 06:00:00,77.72964402640291,0a820e12-033b-45d6-9ef9-d70f4c5e5b63,39.889883,-111.2494615
2021-10-01 06:00:00,76.15428528771938,0a820e12-033b-45d6-9ef9-d70f4c5e5b63,39.889883,-111.2494615
2021-10-02 06:00:00,67.61058783141091,0a820e12-033b-45d6-9ef9-d70f4c5e5b63,39.889883,-111.2494615
2021-10-03 06:00:00,57.64927811755712,0a820e12-033b-45d6-9ef9-d70f4c5e5b63,39.889883,-111.2494615
2021-10-04 06:00:00,53.99249314573433,0a820e12-033b-45d6-9ef9-d70f4c5e5b63,39.889883,-111.2494615
2021-10-05 06:00:00,73.6693945142142,0a820e12-033b-45d6-9ef9-d70f4c5e5b63,39.889883,-111.2494615
2021-10-06 06:00:00,84.70404460271811,0a820e12-033b-45d6-9ef9-d70f4c5e5b63,39.889883,-111.2494615
2021-10-07 06:00:00,81.6201146982173,0a820e12-033b-45d6-9ef9-d70f4c5e5b63,39.889883,-111.2494615
2021-10-08 06:00:00,84.55976966806509,0a820e12-033b-45d6-9ef9-d70f4c5e5b63,39.889883,-111.2494615
2021-10-09 06:00:00,74.2778610067946,0a820e12-033b-45d6-9ef9-d70f4c5e5b63,39.889883,-111.2494615
2021-10-10 06:00:00,78.25880727318186,0a820e12-033b-45d6-9ef9-d70f4c5e5b63,39.889883,-111.2494615
2021-10-11 06:00:00,65.48594962185226,0a820e12-033b-45d6-9ef9-d70f4c5e5b63,39.889883,-111.2494615
2021-10-12 06:00:00,91.84821639001314,0a820e12-033b-45d6-9ef9-d70f4c5e5b63,39.889883,-111.2494615
2021-10-13 06:00:00,74.86227075541903,0a820e12-033b-45d6-9ef9-d70f4c5e5b63,39.889883,-111.2494615
2021-10-14 06:00:00,95.2447568950341,0a820e12-033b-45d6-9ef9-d70f4c5e5b63,39.889883,-111.2494615
2021-10-15 06:00:00,82.84571471228062,0a820e12-033b-45d6-9ef9-d70f4c5e5b63,39.889883,-111.2494615
2021-10-16 06:00:00,57.62415671692776,0a820e12-033b-45d6-9ef9-d70f4c5e5b63,39.889883,-111.2494615
2021-10-17 06:00:00,57.88498599627938,0a820e12-033b-45d6-9ef9-d70f4c5e5b63,39.889883,-111.2494615
2021-10-18 06:00:00,80.37690013779024,0a820e12-033b-45d6-9ef9-d70f4c5e5b63,39.889883,-111.2494615
2021-10-19 06:00:00,87.82406014083554,0a820e12-033b-45d6-9ef9-d70f4c5e5b63,39.889883,-111.2494615
2021-10-20 06:00:00,77.60048196038109,0a820e12-033b-45d6-9ef9-d70f4c5e5b63,39.889883,-111.2494615
2021-10-21 06:00:00,66.2879668778244,0a820e12-033b-45d6-9ef9-d70f4c5e5b63,39.889883,-111.2494615
2021-10-22 06:00:00,60.63320573323959,0a820e12-033b-45d6-9ef9-d70f4c5e5b63,39.889883,-111.2494615
2021-10-23 06:00:00,65.18344489236195,0a820e12-033b-45d6-9ef9-d70f4c5e5b63,39.889883,-111.2494615
2021-10-24 06:00:00,82.25630559544936,0a820e12-033b-45d6-9ef9-d70f4c5e5b63,39.889883,-111.2494615
2021-10-25 06:00:00,90.97536026456243,0a820e12-033b-45d6-9ef9-d70f4c5e5b63,39.889883,-111.2494615
2021-10-26 06:00:00,83.9984616526511,0a820e12-033b-45d6-9ef9-d70f4c5e5b63,39.889883,-111.2494615
2021-10-27 06:00:00,78.09345677130722,0a820e12-033b-45d6-9ef9-d70f4c5e5b63,39.889883,-111.2494615
2021-10-28 06:00:00,83.1146278564923,0a820e12-033b-45d6-9ef9-d70f4c5e5b63,39.889883,-111.2494615
2021-10-29 06:00:00,67.28546520009193,0a820e12-033b-45d6-9ef9-d70f4c5e5b63,39.889883,-111.2494615
2021-10-30 06:00:00,66.6920124160429,0a820e12-033b-45d6-9ef9-d70f4c5e5b63,39.889883,-111.2494615
2021-10-31 06:00:00,69.88094016287162,0a820e12-033b-45d6-9ef9-d70f4c5e5b63,39.889883,-111.2494615
2021-11-01 06:00:00,68.97141359125456,0a820e12-033b-45d6-9ef9-d70f4c5e5b63,39.889883,-111.2494615
2021-11-02 06:00:00,88.0332072591185,0a820e12-033b-45d6-9ef9-d70f4c5e5b63,39.889883,-111.2494615
2021-11-03 06:00:00,69.76737479686278,0a820e12-033b-45d6-9ef9-d70f4c5e5b63,39.889883,-111.2494615
2021-11-04 06:00:00,56.96236838963998,0a820e12-033b-45d6-9ef9-d70f4c5e5b63,39.889883,-111.2494615
2021-11-05 06:00:00,62.35081722784549,0a820e12-033b-45d6-9ef9-d70f4c5e5b63,39.889883,-111.2494615
2021-11-06 06:00:00,60.453321366957226,0a820e12-033b-45d6-9ef9-d70f4c5e5b63,39.889883,-111.2494615
2021-11-07 06:00:00,59.71761348823495,0a820e12-033b-45d6-9ef9-d70f4c5e5b63,39.889883,-111.2494615
2021-11-08 06:00:00,74.6487984459944,0a820e12-033b-45d6-9ef9-d70f4c5e5b63,39.889883,-111.2494615
2021-11-09 06:00:00,67.34177020516272,0a820e12-033b-45d6-9ef9-d70f4c5e5b63,39.889883,-111.2494615
2021-11-10 06:00:00,71.33166433413288,0a820e12-033b-45d6-9ef9-d70f4c5e5b63,39.889883,-111.2494615
2021-11-11 06:00:00,69.49047313319362,0a820e12-033b-45d6-9ef9-d70f4c5e5b63,39.889883,-111.2494615
2021-11-12 06:00:00,79.02618207004463,0a820e12-033b-45d6-9ef9-d70f4c5e5b63,39.889883,-111.2494615
2021-11-13 06:00:00,70.52618207004463,0a820e12-033b-45d6-9ef9-d70f4c5e5b63,39.889883,-111.2494615
2021-11-14 06:00:00,61.742253396233416,0a820e12-033b-45d6-9ef9-d70f4c5e5b63,39.889883,-111.2494615
2021-11-15 06:00:00,52.49653516444481,0a820e12-033b-45d6-9ef9-d70f4c5e5b63,39.889883,-111.2494615
2021-11-16 06:00:00,70.91761243010623,0a820e12-033b-45d6-9ef9-d70f4c5e5b63,39.889883,-111.2494615
2021-11-17 06:00:00,55.20154110391744,0a820e12-033b-45d6-9ef9-d70f4c5e5b63,39.889883,-111.2494615
2021-11-18 06:00:00,37.40153987322782,0a820e12-033b-45d6-9ef9-d70f4c5e5b63,39.889883,-111.2494615
2021-11-19 06:00:00,52.351780558229066,0a820e12-033b-45d6-9ef9-d70f4c5e5b63,39.889883,-111.2494615
2021-11-20 06:00:00,86.55678450407262,0a820e12-033b-45d6-9ef9-d70f4c5e5b63,39.889883,-111.2494615
2021-11-21 06:00:00,62.45630254369155,0a820e12-033b-45d6-9ef9-d70f4c5e5b63,39.889883,-111.2494615
2021-11-22 06:00:00,24.326660068133794,0a820e12-033b-45d6-9ef9-d70f4c5e5b63,39.889883,-111.2494615
2021-11-23 06:00:00,50.949277354617664,0a820e12-033b-45d6-9ef9-d70f4c5e5b63,39.889883,-111.2494615
2021-11-24 06:00:00,74.14725611138734,0a820e12-033b-45d6-9ef9-d70f4c5e5b63,39.889883,-111.2494615
2021-11-25 06:00:00,48.76535096962482,0a820e12-033b-45d6-9ef9-d70f4c5e5b63,39.889883,-111.2494615
2021-11-26 06:00:00,25.244753990870922,0a820e12-033b-45d6-9ef9-d70f4c5e5b63,39.889883,-111.2494615
2021-11-27 06:00:00,45.23070252962819,0a820e12-033b-45d6-9ef9-d70f4c5e5b63,39.889883,-111.2494615
2021-11-28 06:00:00,66.84879539423659,0a820e12-033b-45d6-9ef9-d70f4c5e5b63,39.889883,-111.2494615
2021-11-29 06:00:00,55.96689007991317,0a820e12-033b-45d6-9ef9-d70f4c5e5b63,39.889883,-111.2494615
2021-11-30 06:00:00,61.566410876100626,0a820e12-033b-45d6-9ef9-d70f4c5e5b63,39.889883,-111.2494615
2021-12-01 06:00:00,59.89201118535326,0a820e12-033b-45d6-9ef9-d70f4c5e5b63,39.889883,-111.2494615
2021-12-02 06:00:00,67.49152799428255,0a820e12-033b-45d6-9ef9-d70f4c5e5b63,39.889883,-111.2494615
2021-12-03 06:00:00,72.2211756628218,0a820e12-033b-45d6-9ef9-d70f4c5e5b63,39.889883,-111.2494615
2021-12-04 06:00:00,60.20307945126634,0a820e12-033b-45d6-9ef9-d70f4c5e5b63,39.889883,-111.2494615
2021-12-05 06:00:00,52.67593803809627,0a820e12-033b-45d6-9ef9-d70f4c5e5b63,39.889883,-111.2494615
2021-12-06 06:00:00,40.701541103917435,0a820e12-033b-45d6-9ef9-d70f4c5e5b63,39.889883,-111.2494615
2021-12-07 06:00:00,57.00154034097798,0a820e12-033b-45d6-9ef9-d70f4c5e5b63,39.889883,-111.2494615
2021-12-08 06:00:00,87.95380086595904,0a820e12-033b-45d6-9ef9-d70f4c5e5b63,39.889883,-111.2494615
2021-12-09 06:00:00,100.0,0a820e12-033b-45d6-9ef9-d70f4c5e5b63,39.889883,-111.2494615
2021-12-10 06:00:00,97.8050064072228,0a820e12-033b-45d6-9ef9-d70f4c5e5b63,39.889883,-111.2494615
2021-12-11 06:00:00,88.97285858682994,0a820e12-033b-45d6-9ef9-d70f4c5e5b63,39.889883,-111.2494615
2021-12-12 06:00:00,77.76487311913029,0a820e12-033b-45d6-9ef9-d70f4c5e5b63,39.889883,-111.2494615
2021-12-13 06:00:00,78.6462967682619,0a820e12-033b-45d6-9ef9-d70f4c5e5b63,39.889883,-111.2494615
2021-12-14 06:00:00,82.23869104908566,0a820e12-033b-45d6-9ef9-d70f4c5e5b63,39.889883,-111.2494615
2021-12-15 06:00:00,100.0,0a820e12-033b-45d6-9ef9-d70f4c5e5b63,39.889883,-111.2494615
2021-12-16 06:00:00,83.4759392687859,0a820e12-033b-45d6-9ef9-d70f4c5e5b63,39.889883,-111.2494615
2021-12-17 06:00:00,100.0,0a820e12-033b-45d6-9ef9-d70f4c5e5b63,39.889883,-111.2494615
2021-12-18 06:00:00,75.67844153689695,0a820e12-033b-45d6-9ef9-d70f4c5e5b63,39.889883,-111.2494615
2021-12-19 06:00:00,47.50558235968846,0a820e12-033b-45d6-9ef9-d70f4c5e5b63,39.889883,-111.2494615
2021-12-20 06:00:00,46.81010510809039,0a820e12-033b-45d6-9ef9-d70f4c5e5b63,39.889883,-111.2494615
2021-12-21 06:00:00,49.04879615717604,0a820e12-033b-45d6-9ef9-d70f4c5e5b63,39.889883,-111.2494615
2021-12-22 06:00:00,54.384022665895785,0a820e12-033b-45d6-9ef9-d70f4c5e5b63,39.889883,-111.2494615
2021-12-23 06:00:00,77.71405131364811,0a820e12-033b-45d6-9ef9-d70f4c5e5b63,39.889883,-111.2494615
2021-12-24 06:00:00,75.77988682766163,0a820e12-033b-45d6-9ef9-d70f4c5e5b63,39.889883,-111.2494615
2021-12-25 06:00:00,65.66583398813464,0a820e12-033b-45d6-9ef9-d70f4c5e5b63,39.889883,-111.2494615
2021-12-26 06:00:00,89.25071959362452,0a820e12-033b-45d6-9ef9-d70f4c5e5b63,39.889883,-111.2494615
2021-12-27 06:00:00,79.73618937135315,0a820e12-033b-45d6-9ef9-d70f4c5e5b63,39.889883,-111.2494615
2021-12-28 06:00:00,77.92762278317257,0a820e12-033b-45d6-9ef9-d70f4c5e5b63,39.889883,-111.2494615
2021-12-29 06:00:00,86.80952991856415,0a820e12-033b-45d6-9ef9-d70f4c5e5b63,39.889883,-111.2494615
2021-12-30 06:00:00,71.35274388861268,0a820e12-033b-45d6-9ef9-d70f4c5e5b63,39.889883,-111.2494615
