date,vpd,cell_id,latitude,longitude
2013-01-01 06:00:00,0.11789532999413972,9ea23099-dd30-4b26-9de7-5d42d5dae87b,46.79055,-109.5157135
2013-01-02 06:00:00,0.1483559647269988,9ea23099-dd30-4b26-9de7-5d42d5dae87b,46.79055,-109.5157135
2013-01-03 06:00:00,0.2606934768501474,9ea23099-dd30-4b26-9de7-5d42d5dae87b,46.79055,-109.5157135
2013-01-04 06:00:00,0.24493847512201977,9ea23099-dd30-4b26-9de7-5d42d5dae87b,46.79055,-109.5157135
2013-01-05 06:00:00,0.11364626567096865,9ea23099-dd30-4b26-9de7-5d42d5dae87b,46.79055,-109.5157135
2013-01-06 06:00:00,0.18962738525369024,9ea23099-dd30-4b26-9de7-5d42d5dae87b,46.79055,-109.5157135
2013-01-07 06:00:00,0.1460329851830047,9ea23099-dd30-4b26-9de7-5d42d5dae87b,46.79055,-109.5157135
2013-01-08 06:00:00,0.1374632416078853,9ea23099-dd30-4b26-9de7-5d42d5dae87b,46.79055,-109.5157135
2013-01-09 06:00:00,0.2606956467603557,9ea23099-dd30-4b26-9de7-5d42d5dae87b,46.79055,-109.5157135
2013-01-10 06:00:00,0.09492304606382646,9ea23099-dd30-4b26-9de7-5d42d5dae87b,46.79055,-109.5157135
2013-01-11 06:00:00,0.02005770062307343,9ea23099-dd30-4b26-9de7-5d42d5dae87b,46.79055,-109.5157135
2013-01-12 06:00:00,0.05012135639241554,9ea23099-dd30-4b26-9de7-5d42d5dae87b,46.79055,-109.5157135
2013-01-13 06:00:00,0.047549172950330926,9ea23099-dd30-4b26-9de7-5d42d5dae87b,46.79055,-109.5157135
2013-01-14 06:00:00,0.07320037538036445,9ea23099-dd30-4b26-9de7-5d42d5dae87b,46.79055,-109.5157135
2013-01-15 06:00:00,0.11778526548101509,9ea23099-dd30-4b26-9de7-5d42d5dae87b,46.79055,-109.5157135
2013-01-16 06:00:00,0.20182385264477246,9ea23099-dd30-4b26-9de7-5d42d5dae87b,46.79055,-109.5157135
2013-01-17 06:00:00,0.22989440160294022,9ea23099-dd30-4b26-9de7-5d42d5dae87b,46.79055,-109.5157135
2013-01-18 06:00:00,0.3262162583162975,9ea23099-dd30-4b26-9de7-5d42d5dae87b,46.79055,-109.5157135
2013-01-19 06:00:00,0.1909821288017653,9ea23099-dd30-4b26-9de7-5d42d5dae87b,46.79055,-109.5157135
2013-01-20 06:00:00,0.09783129849007112,9ea23099-dd30-4b26-9de7-5d42d5dae87b,46.79055,-109.5157135
2013-01-21 06:00:00,0.14422754145094324,9ea23099-dd30-4b26-9de7-5d42d5dae87b,46.79055,-109.5157135
2013-01-22 06:00:00,0.22285826419859808,9ea23099-dd30-4b26-9de7-5d42d5dae87b,46.79055,-109.5157135
2013-01-23 06:00:00,0.23172184969022713,9ea23099-dd30-4b26-9de7-5d42d5dae87b,46.79055,-109.5157135
2013-01-24 06:00:00,0.25007865098970267,9ea23099-dd30-4b26-9de7-5d42d5dae87b,46.79055,-109.5157135
2013-01-25 06:00:00,0.22414358174395888,9ea23099-dd30-4b26-9de7-5d42d5dae87b,46.79055,-109.5157135
2013-01-26 06:00:00,0.2626728434699752,9ea23099-dd30-4b26-9de7-5d42d5dae87b,46.79055,-109.5157135
2013-01-27 06:00:00,0.12156944792678752,9ea23099-dd30-4b26-9de7-5d42d5dae87b,46.79055,-109.5157135
2013-01-28 06:00:00,0.15343114459815757,9ea23099-dd30-4b26-9de7-5d42d5dae87b,46.79055,-109.5157135
2013-01-29 06:00:00,0.0404779738081353,9ea23099-dd30-4b26-9de7-5d42d5dae87b,46.79055,-109.5157135
2013-01-30 06:00:00,0.08520481101389751,9ea23099-dd30-4b26-9de7-5d42d5dae87b,46.79055,-109.5157135
2013-01-31 06:00:00,0.10631017012437252,9ea23099-dd30-4b26-9de7-5d42d5dae87b,46.79055,-109.5157135
2013-02-01 06:00:00,0.1281237720547549,9ea23099-dd30-4b26-9de7-5d42d5dae87b,46.79055,-109.5157135
2013-02-02 06:00:00,0.15382074236298685,9ea23099-dd30-4b26-9de7-5d42d5dae87b,46.79055,-109.5157135
2013-02-03 06:00:00,0.3280182006259412,9ea23099-dd30-4b26-9de7-5d42d5dae87b,46.79055,-109.5157135
2013-02-04 06:00:00,0.2830401011564175,9ea23099-dd30-4b26-9de7-5d42d5dae87b,46.79055,-109.5157135
2013-02-05 06:00:00,0.27925617940957537,9ea23099-dd30-4b26-9de7-5d42d5dae87b,46.79055,-109.5157135
2013-02-06 06:00:00,0.27507399206896693,9ea23099-dd30-4b26-9de7-5d42d5dae87b,46.79055,-109.5157135
2013-02-07 06:00:00,0.3462085241795832,9ea23099-dd30-4b26-9de7-5d42d5dae87b,46.79055,-109.5157135
2013-02-08 06:00:00,0.3126938943507779,9ea23099-dd30-4b26-9de7-5d42d5dae87b,46.79055,-109.5157135
2013-02-09 06:00:00,0.1928691439823822,9ea23099-dd30-4b26-9de7-5d42d5dae87b,46.79055,-109.5157135
2013-02-10 06:00:00,0.07072271579934951,9ea23099-dd30-4b26-9de7-5d42d5dae87b,46.79055,-109.5157135
2013-02-11 06:00:00,0.21900746289913245,9ea23099-dd30-4b26-9de7-5d42d5dae87b,46.79055,-109.5157135
2013-02-12 06:00:00,0.14997759562647714,9ea23099-dd30-4b26-9de7-5d42d5dae87b,46.79055,-109.5157135
2013-02-13 06:00:00,0.1571364503366814,9ea23099-dd30-4b26-9de7-5d42d5dae87b,46.79055,-109.5157135
2013-02-14 06:00:00,0.09193640984984225,9ea23099-dd30-4b26-9de7-5d42d5dae87b,46.79055,-109.5157135
2013-02-15 06:00:00,0.18977570524666362,9ea23099-dd30-4b26-9de7-5d42d5dae87b,46.79055,-109.5157135
2013-02-16 06:00:00,0.33583248969985213,9ea23099-dd30-4b26-9de7-5d42d5dae87b,46.79055,-109.5157135
2013-02-17 06:00:00,0.14562679615637564,9ea23099-dd30-4b26-9de7-5d42d5dae87b,46.79055,-109.5157135
2013-02-18 06:00:00,0.08084128036420102,9ea23099-dd30-4b26-9de7-5d42d5dae87b,46.79055,-109.5157135
2013-02-19 06:00:00,0.14996963408402447,9ea23099-dd30-4b26-9de7-5d42d5dae87b,46.79055,-109.5157135
2013-02-20 06:00:00,0.15674120449957532,9ea23099-dd30-4b26-9de7-5d42d5dae87b,46.79055,-109.5157135
2013-02-21 06:00:00,0.11031595024341904,9ea23099-dd30-4b26-9de7-5d42d5dae87b,46.79055,-109.5157135
2013-02-22 06:00:00,0.140157659022131,9ea23099-dd30-4b26-9de7-5d42d5dae87b,46.79055,-109.5157135
2013-02-23 06:00:00,0.1304209483884768,9ea23099-dd30-4b26-9de7-5d42d5dae87b,46.79055,-109.5157135
2013-02-24 06:00:00,0.11610797245561659,9ea23099-dd30-4b26-9de7-5d42d5dae87b,46.79055,-109.5157135
2013-02-25 06:00:00,0.17064494012695983,9ea23099-dd30-4b26-9de7-5d42d5dae87b,46.79055,-109.5157135
2013-02-26 06:00:00,0.09855884157822105,9ea23099-dd30-4b26-9de7-5d42d5dae87b,46.79055,-109.5157135
2013-02-27 06:00:00,0.12826251008836645,9ea23099-dd30-4b26-9de7-5d42d5dae87b,46.79055,-109.5157135
2013-02-28 06:00:00,0.166320498812074,9ea23099-dd30-4b26-9de7-5d42d5dae87b,46.79055,-109.5157135
2013-03-01 06:00:00,0.19527131504661527,9ea23099-dd30-4b26-9de7-5d42d5dae87b,46.79055,-109.5157135
2013-03-02 06:00:00,0.31977850261050234,9ea23099-dd30-4b26-9de7-5d42d5dae87b,46.79055,-109.5157135
2013-03-03 06:00:00,0.15489372394278073,9ea23099-dd30-4b26-9de7-5d42d5dae87b,46.79055,-109.5157135
2013-03-04 06:00:00,0.07928571143943672,9ea23099-dd30-4b26-9de7-5d42d5dae87b,46.79055,-109.5157135
2013-03-05 06:00:00,0.12771916212935894,9ea23099-dd30-4b26-9de7-5d42d5dae87b,46.79055,-109.5157135
2013-03-06 06:00:00,0.24477082218338803,9ea23099-dd30-4b26-9de7-5d42d5dae87b,46.79055,-109.5157135
2013-03-07 06:00:00,0.17568230918423633,9ea23099-dd30-4b26-9de7-5d42d5dae87b,46.79055,-109.5157135
2013-03-08 06:00:00,0.20536001338152926,9ea23099-dd30-4b26-9de7-5d42d5dae87b,46.79055,-109.5157135
2013-03-09 06:00:00,0.13898686902396354,9ea23099-dd30-4b26-9de7-5d42d5dae87b,46.79055,-109.5157135
2013-03-10 06:00:00,0.23638954804074466,9ea23099-dd30-4b26-9de7-5d42d5dae87b,46.79055,-109.5157135
2013-03-11 06:00:00,0.13473533456074233,9ea23099-dd30-4b26-9de7-5d42d5dae87b,46.79055,-109.5157135
2013-03-12 06:00:00,0.21973748024851597,9ea23099-dd30-4b26-9de7-5d42d5dae87b,46.79055,-109.5157135
2013-03-13 06:00:00,0.35240587802402645,9ea23099-dd30-4b26-9de7-5d42d5dae87b,46.79055,-109.5157135
2013-03-14 06:00:00,0.4621038251274137,9ea23099-dd30-4b26-9de7-5d42d5dae87b,46.79055,-109.5157135
2013-03-15 06:00:00,0.3708105751602076,9ea23099-dd30-4b26-9de7-5d42d5dae87b,46.79055,-109.5157135
2013-03-16 06:00:00,0.24169362501244507,9ea23099-dd30-4b26-9de7-5d42d5dae87b,46.79055,-109.5157135
2013-03-17 06:00:00,0.13289816024671028,9ea23099-dd30-4b26-9de7-5d42d5dae87b,46.79055,-109.5157135
2013-03-18 06:00:00,0.17926974834724999,9ea23099-dd30-4b26-9de7-5d42d5dae87b,46.79055,-109.5157135
2013-03-19 06:00:00,0.22426095337506366,9ea23099-dd30-4b26-9de7-5d42d5dae87b,46.79055,-109.5157135
2013-03-20 06:00:00,0.42277329620168586,9ea23099-dd30-4b26-9de7-5d42d5dae87b,46.79055,-109.5157135
2013-03-21 06:00:00,0.2498249977255947,9ea23099-dd30-4b26-9de7-5d42d5dae87b,46.79055,-109.5157135
2013-03-22 06:00:00,0.18630036193786592,9ea23099-dd30-4b26-9de7-5d42d5dae87b,46.79055,-109.5157135
2013-03-23 06:00:00,0.14487885542291795,9ea23099-dd30-4b26-9de7-5d42d5dae87b,46.79055,-109.5157135
2013-03-24 06:00:00,0.18648836808441407,9ea23099-dd30-4b26-9de7-5d42d5dae87b,46.79055,-109.5157135
2013-03-25 06:00:00,0.28745239747214396,9ea23099-dd30-4b26-9de7-5d42d5dae87b,46.79055,-109.5157135
2013-03-26 06:00:00,0.336860461958817,9ea23099-dd30-4b26-9de7-5d42d5dae87b,46.79055,-109.5157135
2013-03-27 06:00:00,0.43026488074442226,9ea23099-dd30-4b26-9de7-5d42d5dae87b,46.79055,-109.5157135
2013-03-28 06:00:00,0.5545608221134657,9ea23099-dd30-4b26-9de7-5d42d5dae87b,46.79055,-109.5157135
2013-03-29 06:00:00,0.5050795132274827,9ea23099-dd30-4b26-9de7-5d42d5dae87b,46.79055,-109.5157135
2013-03-30 06:00:00,0.480190605833763,9ea23099-dd30-4b26-9de7-5d42d5dae87b,46.79055,-109.5157135
2013-03-31 06:00:00,0.3390551515780259,9ea23099-dd30-4b26-9de7-5d42d5dae87b,46.79055,-109.5157135
2013-04-01 06:00:00,0.31260677286868305,9ea23099-dd30-4b26-9de7-5d42d5dae87b,46.79055,-109.5157135
2013-04-02 06:00:00,0.5822185132561659,9ea23099-dd30-4b26-9de7-5d42d5dae87b,46.79055,-109.5157135
2013-04-03 06:00:00,0.40575875746871526,9ea23099-dd30-4b26-9de7-5d42d5dae87b,46.79055,-109.5157135
2013-04-04 06:00:00,0.46054742983720853,9ea23099-dd30-4b26-9de7-5d42d5dae87b,46.79055,-109.5157135
2013-04-05 06:00:00,0.478559207962988,9ea23099-dd30-4b26-9de7-5d42d5dae87b,46.79055,-109.5157135
2013-04-06 06:00:00,0.44687098594388885,9ea23099-dd30-4b26-9de7-5d42d5dae87b,46.79055,-109.5157135
2013-04-07 06:00:00,0.4701459247891495,9ea23099-dd30-4b26-9de7-5d42d5dae87b,46.79055,-109.5157135
2013-04-08 06:00:00,0.06051369804162076,9ea23099-dd30-4b26-9de7-5d42d5dae87b,46.79055,-109.5157135
2013-04-09 06:00:00,0.13102204960086206,9ea23099-dd30-4b26-9de7-5d42d5dae87b,46.79055,-109.5157135
2013-04-10 06:00:00,0.331566255708397,9ea23099-dd30-4b26-9de7-5d42d5dae87b,46.79055,-109.5157135
2013-04-11 06:00:00,0.29957109622215966,9ea23099-dd30-4b26-9de7-5d42d5dae87b,46.79055,-109.5157135
2013-04-12 06:00:00,0.24075600581457798,9ea23099-dd30-4b26-9de7-5d42d5dae87b,46.79055,-109.5157135
2013-04-13 06:00:00,0.32747644372933415,9ea23099-dd30-4b26-9de7-5d42d5dae87b,46.79055,-109.5157135
2013-04-14 06:00:00,0.15266651979514528,9ea23099-dd30-4b26-9de7-5d42d5dae87b,46.79055,-109.5157135
2013-04-15 06:00:00,0.10798753236618398,9ea23099-dd30-4b26-9de7-5d42d5dae87b,46.79055,-109.5157135
2013-04-16 06:00:00,0.024292974638710454,9ea23099-dd30-4b26-9de7-5d42d5dae87b,46.79055,-109.5157135
2013-04-17 06:00:00,0.033830675799464506,9ea23099-dd30-4b26-9de7-5d42d5dae87b,46.79055,-109.5157135
2013-04-18 06:00:00,0.2310880439596101,9ea23099-dd30-4b26-9de7-5d42d5dae87b,46.79055,-109.5157135
2013-04-19 06:00:00,0.30276611016394783,9ea23099-dd30-4b26-9de7-5d42d5dae87b,46.79055,-109.5157135
2013-04-20 06:00:00,0.26538923445063595,9ea23099-dd30-4b26-9de7-5d42d5dae87b,46.79055,-109.5157135
2013-04-21 06:00:00,0.11098952219539195,9ea23099-dd30-4b26-9de7-5d42d5dae87b,46.79055,-109.5157135
2013-04-22 06:00:00,0.08451588556352185,9ea23099-dd30-4b26-9de7-5d42d5dae87b,46.79055,-109.5157135
2013-04-23 06:00:00,0.29801488556097605,9ea23099-dd30-4b26-9de7-5d42d5dae87b,46.79055,-109.5157135
2013-04-24 06:00:00,0.304657423459902,9ea23099-dd30-4b26-9de7-5d42d5dae87b,46.79055,-109.5157135
2013-04-25 06:00:00,0.4365226645347132,9ea23099-dd30-4b26-9de7-5d42d5dae87b,46.79055,-109.5157135
2013-04-26 06:00:00,0.6654982898085788,9ea23099-dd30-4b26-9de7-5d42d5dae87b,46.79055,-109.5157135
2013-04-27 06:00:00,0.7908770064547501,9ea23099-dd30-4b26-9de7-5d42d5dae87b,46.79055,-109.5157135
2013-04-28 06:00:00,0.5550349695861132,9ea23099-dd30-4b26-9de7-5d42d5dae87b,46.79055,-109.5157135
2013-04-29 06:00:00,0.3688615021597632,9ea23099-dd30-4b26-9de7-5d42d5dae87b,46.79055,-109.5157135
2013-04-30 06:00:00,0.1867992258679368,9ea23099-dd30-4b26-9de7-5d42d5dae87b,46.79055,-109.5157135
2013-05-01 06:00:00,0.23633007860972902,9ea23099-dd30-4b26-9de7-5d42d5dae87b,46.79055,-109.5157135
2013-05-02 06:00:00,0.5237164985427456,9ea23099-dd30-4b26-9de7-5d42d5dae87b,46.79055,-109.5157135
2013-05-03 06:00:00,0.5485543983530914,9ea23099-dd30-4b26-9de7-5d42d5dae87b,46.79055,-109.5157135
2013-05-04 06:00:00,0.25627031091613633,9ea23099-dd30-4b26-9de7-5d42d5dae87b,46.79055,-109.5157135
2013-05-05 06:00:00,0.49140854834056474,9ea23099-dd30-4b26-9de7-5d42d5dae87b,46.79055,-109.5157135
2013-05-06 06:00:00,0.6861783878728488,9ea23099-dd30-4b26-9de7-5d42d5dae87b,46.79055,-109.5157135
2013-05-07 06:00:00,0.803164901997154,9ea23099-dd30-4b26-9de7-5d42d5dae87b,46.79055,-109.5157135
2013-05-08 06:00:00,0.6023149512682225,9ea23099-dd30-4b26-9de7-5d42d5dae87b,46.79055,-109.5157135
2013-05-09 06:00:00,0.7691576101327189,9ea23099-dd30-4b26-9de7-5d42d5dae87b,46.79055,-109.5157135
2013-05-10 06:00:00,0.6514955361338025,9ea23099-dd30-4b26-9de7-5d42d5dae87b,46.79055,-109.5157135
2013-05-11 06:00:00,0.882908910512924,9ea23099-dd30-4b26-9de7-5d42d5dae87b,46.79055,-109.5157135
2013-05-12 06:00:00,1.2977991303500398,9ea23099-dd30-4b26-9de7-5d42d5dae87b,46.79055,-109.5157135
2013-05-13 06:00:00,1.2095044378827255,9ea23099-dd30-4b26-9de7-5d42d5dae87b,46.79055,-109.5157135
2013-05-14 06:00:00,0.8600673494854038,9ea23099-dd30-4b26-9de7-5d42d5dae87b,46.79055,-109.5157135
2013-05-15 06:00:00,0.7652471131979379,9ea23099-dd30-4b26-9de7-5d42d5dae87b,46.79055,-109.5157135
2013-05-16 06:00:00,0.7201236604813497,9ea23099-dd30-4b26-9de7-5d42d5dae87b,46.79055,-109.5157135
2013-05-17 06:00:00,0.38911499532153787,9ea23099-dd30-4b26-9de7-5d42d5dae87b,46.79055,-109.5157135
2013-05-18 06:00:00,0.17130761170428802,9ea23099-dd30-4b26-9de7-5d42d5dae87b,46.79055,-109.5157135
2013-05-19 06:00:00,0.07631945586033191,9ea23099-dd30-4b26-9de7-5d42d5dae87b,46.79055,-109.5157135
2013-05-20 06:00:00,0.26663207389959465,9ea23099-dd30-4b26-9de7-5d42d5dae87b,46.79055,-109.5157135
2013-05-21 06:00:00,0.5123504538361618,9ea23099-dd30-4b26-9de7-5d42d5dae87b,46.79055,-109.5157135
2013-05-22 06:00:00,0.44086252261952646,9ea23099-dd30-4b26-9de7-5d42d5dae87b,46.79055,-109.5157135
2013-05-23 06:00:00,0.3707412926525603,9ea23099-dd30-4b26-9de7-5d42d5dae87b,46.79055,-109.5157135
2013-05-24 06:00:00,0.3398642652385741,9ea23099-dd30-4b26-9de7-5d42d5dae87b,46.79055,-109.5157135
2013-05-25 06:00:00,0.8513272098859428,9ea23099-dd30-4b26-9de7-5d42d5dae87b,46.79055,-109.5157135
2013-05-26 06:00:00,0.6036351415026894,9ea23099-dd30-4b26-9de7-5d42d5dae87b,46.79055,-109.5157135
2013-05-27 06:00:00,0.3752315445747939,9ea23099-dd30-4b26-9de7-5d42d5dae87b,46.79055,-109.5157135
2013-05-28 06:00:00,0.48253657894682794,9ea23099-dd30-4b26-9de7-5d42d5dae87b,46.79055,-109.5157135
2013-05-29 06:00:00,0.29399674017151056,9ea23099-dd30-4b26-9de7-5d42d5dae87b,46.79055,-109.5157135
2013-05-30 06:00:00,0.04401063872663505,9ea23099-dd30-4b26-9de7-5d42d5dae87b,46.79055,-109.5157135
2013-05-31 06:00:00,0.04185788354508656,9ea23099-dd30-4b26-9de7-5d42d5dae87b,46.79055,-109.5157135
2013-06-01 06:00:00,0.3205042964282351,9ea23099-dd30-4b26-9de7-5d42d5dae87b,46.79055,-109.5157135
2013-06-02 06:00:00,0.481178533013274,9ea23099-dd30-4b26-9de7-5d42d5dae87b,46.79055,-109.5157135
2013-06-03 06:00:00,0.02782261420125693,9ea23099-dd30-4b26-9de7-5d42d5dae87b,46.79055,-109.5157135
2013-06-04 06:00:00,0.16045748239921773,9ea23099-dd30-4b26-9de7-5d42d5dae87b,46.79055,-109.5157135
2013-06-05 06:00:00,0.4640667953557669,9ea23099-dd30-4b26-9de7-5d42d5dae87b,46.79055,-109.5157135
2013-06-06 06:00:00,0.7068419760735607,9ea23099-dd30-4b26-9de7-5d42d5dae87b,46.79055,-109.5157135
2013-06-07 06:00:00,0.7351567026110891,9ea23099-dd30-4b26-9de7-5d42d5dae87b,46.79055,-109.5157135
2013-06-08 06:00:00,0.5632867314155092,9ea23099-dd30-4b26-9de7-5d42d5dae87b,46.79055,-109.5157135
2013-06-09 06:00:00,0.7581845197943443,9ea23099-dd30-4b26-9de7-5d42d5dae87b,46.79055,-109.5157135
2013-06-10 06:00:00,0.7033849014845458,9ea23099-dd30-4b26-9de7-5d42d5dae87b,46.79055,-109.5157135
2013-06-11 06:00:00,0.5520122550194271,9ea23099-dd30-4b26-9de7-5d42d5dae87b,46.79055,-109.5157135
2013-06-12 06:00:00,0.46555991795316387,9ea23099-dd30-4b26-9de7-5d42d5dae87b,46.79055,-109.5157135
2013-06-13 06:00:00,0.27013217712320925,9ea23099-dd30-4b26-9de7-5d42d5dae87b,46.79055,-109.5157135
2013-06-14 06:00:00,0.24739286672155195,9ea23099-dd30-4b26-9de7-5d42d5dae87b,46.79055,-109.5157135
2013-06-15 06:00:00,0.6372306464752668,9ea23099-dd30-4b26-9de7-5d42d5dae87b,46.79055,-109.5157135
2013-06-16 06:00:00,0.6987241806676577,9ea23099-dd30-4b26-9de7-5d42d5dae87b,46.79055,-109.5157135
2013-06-17 06:00:00,0.693100419661309,9ea23099-dd30-4b26-9de7-5d42d5dae87b,46.79055,-109.5157135
2013-06-18 06:00:00,1.0180122882439284,9ea23099-dd30-4b26-9de7-5d42d5dae87b,46.79055,-109.5157135
2013-06-19 06:00:00,0.9482948807058433,9ea23099-dd30-4b26-9de7-5d42d5dae87b,46.79055,-109.5157135
2013-06-20 06:00:00,0.5352181955808545,9ea23099-dd30-4b26-9de7-5d42d5dae87b,46.79055,-109.5157135
2013-06-21 06:00:00,0.5598082005562266,9ea23099-dd30-4b26-9de7-5d42d5dae87b,46.79055,-109.5157135
2013-06-22 06:00:00,0.42840816423245004,9ea23099-dd30-4b26-9de7-5d42d5dae87b,46.79055,-109.5157135
2013-06-23 06:00:00,0.6419681222388967,9ea23099-dd30-4b26-9de7-5d42d5dae87b,46.79055,-109.5157135
2013-06-24 06:00:00,1.0910579065827957,9ea23099-dd30-4b26-9de7-5d42d5dae87b,46.79055,-109.5157135
2013-06-25 06:00:00,0.7481891338937372,9ea23099-dd30-4b26-9de7-5d42d5dae87b,46.79055,-109.5157135
2013-06-26 06:00:00,0.8075660336308362,9ea23099-dd30-4b26-9de7-5d42d5dae87b,46.79055,-109.5157135
2013-06-27 06:00:00,0.9436024093565624,9ea23099-dd30-4b26-9de7-5d42d5dae87b,46.79055,-109.5157135
2013-06-28 06:00:00,1.0046192004705554,9ea23099-dd30-4b26-9de7-5d42d5dae87b,46.79055,-109.5157135
2013-06-29 06:00:00,1.079073755687122,9ea23099-dd30-4b26-9de7-5d42d5dae87b,46.79055,-109.5157135
2013-06-30 06:00:00,0.9488633307741909,9ea23099-dd30-4b26-9de7-5d42d5dae87b,46.79055,-109.5157135
2013-07-01 06:00:00,1.043398786920288,9ea23099-dd30-4b26-9de7-5d42d5dae87b,46.79055,-109.5157135
2013-07-02 06:00:00,1.1597569412470694,9ea23099-dd30-4b26-9de7-5d42d5dae87b,46.79055,-109.5157135
2013-07-03 06:00:00,1.5112308392541332,9ea23099-dd30-4b26-9de7-5d42d5dae87b,46.79055,-109.5157135
2013-07-04 06:00:00,1.0333713864200205,9ea23099-dd30-4b26-9de7-5d42d5dae87b,46.79055,-109.5157135
2013-07-05 06:00:00,1.0133397079718651,9ea23099-dd30-4b26-9de7-5d42d5dae87b,46.79055,-109.5157135
2013-07-06 06:00:00,0.7847782420675927,9ea23099-dd30-4b26-9de7-5d42d5dae87b,46.79055,-109.5157135
2013-07-07 06:00:00,0.8662485328181694,9ea23099-dd30-4b26-9de7-5d42d5dae87b,46.79055,-109.5157135
2013-07-08 06:00:00,1.1008405090416764,9ea23099-dd30-4b26-9de7-5d42d5dae87b,46.79055,-109.5157135
2013-07-09 06:00:00,0.7852292078504992,9ea23099-dd30-4b26-9de7-5d42d5dae87b,46.79055,-109.5157135
2013-07-10 06:00:00,1.3621463447497695,9ea23099-dd30-4b26-9de7-5d42d5dae87b,46.79055,-109.5157135
2013-07-11 06:00:00,1.6612363504408123,9ea23099-dd30-4b26-9de7-5d42d5dae87b,46.79055,-109.5157135
2013-07-12 06:00:00,1.1326483212904646,9ea23099-dd30-4b26-9de7-5d42d5dae87b,46.79055,-109.5157135
2013-07-13 06:00:00,1.1137498642094041,9ea23099-dd30-4b26-9de7-5d42d5dae87b,46.79055,-109.5157135
2013-07-14 06:00:00,0.849548092858301,9ea23099-dd30-4b26-9de7-5d42d5dae87b,46.79055,-109.5157135
2013-07-15 06:00:00,1.443493369252839,9ea23099-dd30-4b26-9de7-5d42d5dae87b,46.79055,-109.5157135
2013-07-16 06:00:00,1.0645797019013126,9ea23099-dd30-4b26-9de7-5d42d5dae87b,46.79055,-109.5157135
2013-07-17 06:00:00,1.102473081092801,9ea23099-dd30-4b26-9de7-5d42d5dae87b,46.79055,-109.5157135
2013-07-18 06:00:00,1.1092627147141234,9ea23099-dd30-4b26-9de7-5d42d5dae87b,46.79055,-109.5157135
2013-07-19 06:00:00,1.4550021991704813,9ea23099-dd30-4b26-9de7-5d42d5dae87b,46.79055,-109.5157135
2013-07-20 06:00:00,1.512751913756028,9ea23099-dd30-4b26-9de7-5d42d5dae87b,46.79055,-109.5157135
2013-07-21 06:00:00,1.547272230689949,9ea23099-dd30-4b26-9de7-5d42d5dae87b,46.79055,-109.5157135
2013-07-22 06:00:00,1.5546342984932222,9ea23099-dd30-4b26-9de7-5d42d5dae87b,46.79055,-109.5157135
2013-07-23 06:00:00,1.364509313883266,9ea23099-dd30-4b26-9de7-5d42d5dae87b,46.79055,-109.5157135
2013-07-24 06:00:00,1.363050369643168,9ea23099-dd30-4b26-9de7-5d42d5dae87b,46.79055,-109.5157135
2013-07-25 06:00:00,0.923388565406982,9ea23099-dd30-4b26-9de7-5d42d5dae87b,46.79055,-109.5157135
2013-07-26 06:00:00,1.1527563891136687,9ea23099-dd30-4b26-9de7-5d42d5dae87b,46.79055,-109.5157135
2013-07-27 06:00:00,1.5714793861535366,9ea23099-dd30-4b26-9de7-5d42d5dae87b,46.79055,-109.5157135
2013-07-28 06:00:00,1.1008741747626856,9ea23099-dd30-4b26-9de7-5d42d5dae87b,46.79055,-109.5157135
2013-07-29 06:00:00,0.775835515989659,9ea23099-dd30-4b26-9de7-5d42d5dae87b,46.79055,-109.5157135
2013-07-30 06:00:00,0.6684891036890108,9ea23099-dd30-4b26-9de7-5d42d5dae87b,46.79055,-109.5157135
2013-07-31 06:00:00,1.0447606899181723,9ea23099-dd30-4b26-9de7-5d42d5dae87b,46.79055,-109.5157135
2013-08-01 06:00:00,0.9381810978626123,9ea23099-dd30-4b26-9de7-5d42d5dae87b,46.79055,-109.5157135
2013-08-02 06:00:00,0.423225221214394,9ea23099-dd30-4b26-9de7-5d42d5dae87b,46.79055,-109.5157135
2013-08-03 06:00:00,0.5961892260076276,9ea23099-dd30-4b26-9de7-5d42d5dae87b,46.79055,-109.5157135
2013-08-04 06:00:00,0.7529843487494496,9ea23099-dd30-4b26-9de7-5d42d5dae87b,46.79055,-109.5157135
2013-08-05 06:00:00,1.0733366002189155,9ea23099-dd30-4b26-9de7-5d42d5dae87b,46.79055,-109.5157135
2013-08-06 06:00:00,0.7935862948774044,9ea23099-dd30-4b26-9de7-5d42d5dae87b,46.79055,-109.5157135
2013-08-07 06:00:00,0.9932056394915131,9ea23099-dd30-4b26-9de7-5d42d5dae87b,46.79055,-109.5157135
2013-08-08 06:00:00,0.8519437298542113,9ea23099-dd30-4b26-9de7-5d42d5dae87b,46.79055,-109.5157135
2013-08-09 06:00:00,0.5710533659009568,9ea23099-dd30-4b26-9de7-5d42d5dae87b,46.79055,-109.5157135
2013-08-10 06:00:00,1.0323385149759696,9ea23099-dd30-4b26-9de7-5d42d5dae87b,46.79055,-109.5157135
2013-08-11 06:00:00,0.8954807187622014,9ea23099-dd30-4b26-9de7-5d42d5dae87b,46.79055,-109.5157135
2013-08-12 06:00:00,1.0865404601711843,9ea23099-dd30-4b26-9de7-5d42d5dae87b,46.79055,-109.5157135
2013-08-13 06:00:00,0.94940783348233,9ea23099-dd30-4b26-9de7-5d42d5dae87b,46.79055,-109.5157135
2013-08-14 06:00:00,1.000605580387215,9ea23099-dd30-4b26-9de7-5d42d5dae87b,46.79055,-109.5157135
2013-08-15 06:00:00,1.320652970972792,9ea23099-dd30-4b26-9de7-5d42d5dae87b,46.79055,-109.5157135
2013-08-16 06:00:00,2.049064937161236,9ea23099-dd30-4b26-9de7-5d42d5dae87b,46.79055,-109.5157135
2013-08-17 06:00:00,1.659691791708876,9ea23099-dd30-4b26-9de7-5d42d5dae87b,46.79055,-109.5157135
2013-08-18 06:00:00,1.360094057662146,9ea23099-dd30-4b26-9de7-5d42d5dae87b,46.79055,-109.5157135
2013-08-19 06:00:00,1.4552070598153697,9ea23099-dd30-4b26-9de7-5d42d5dae87b,46.79055,-109.5157135
2013-08-20 06:00:00,1.4541830122470853,9ea23099-dd30-4b26-9de7-5d42d5dae87b,46.79055,-109.5157135
2013-08-21 06:00:00,1.173070070739407,9ea23099-dd30-4b26-9de7-5d42d5dae87b,46.79055,-109.5157135
2013-08-22 06:00:00,1.4342582057577389,9ea23099-dd30-4b26-9de7-5d42d5dae87b,46.79055,-109.5157135
2013-08-23 06:00:00,1.6757684849488188,9ea23099-dd30-4b26-9de7-5d42d5dae87b,46.79055,-109.5157135
2013-08-24 06:00:00,1.4461130549683385,9ea23099-dd30-4b26-9de7-5d42d5dae87b,46.79055,-109.5157135
2013-08-25 06:00:00,1.5311096556718338,9ea23099-dd30-4b26-9de7-5d42d5dae87b,46.79055,-109.5157135
2013-08-26 06:00:00,1.6450216661139228,9ea23099-dd30-4b26-9de7-5d42d5dae87b,46.79055,-109.5157135
2013-08-27 06:00:00,1.553716488000823,9ea23099-dd30-4b26-9de7-5d42d5dae87b,46.79055,-109.5157135
2013-08-28 06:00:00,1.5207933042107555,9ea23099-dd30-4b26-9de7-5d42d5dae87b,46.79055,-109.5157135
2013-08-29 06:00:00,1.3523435709991518,9ea23099-dd30-4b26-9de7-5d42d5dae87b,46.79055,-109.5157135
2013-08-30 06:00:00,1.4488025538182006,9ea23099-dd30-4b26-9de7-5d42d5dae87b,46.79055,-109.5157135
2013-08-31 06:00:00,1.183732217508741,9ea23099-dd30-4b26-9de7-5d42d5dae87b,46.79055,-109.5157135
2013-09-01 06:00:00,1.4050050969738574,9ea23099-dd30-4b26-9de7-5d42d5dae87b,46.79055,-109.5157135
2013-09-02 06:00:00,2.032385872631538,9ea23099-dd30-4b26-9de7-5d42d5dae87b,46.79055,-109.5157135
2013-09-03 06:00:00,1.601197652908152,9ea23099-dd30-4b26-9de7-5d42d5dae87b,46.79055,-109.5157135
2013-09-04 06:00:00,1.2048551077834402,9ea23099-dd30-4b26-9de7-5d42d5dae87b,46.79055,-109.5157135
2013-09-05 06:00:00,1.2714389272890854,9ea23099-dd30-4b26-9de7-5d42d5dae87b,46.79055,-109.5157135
2013-09-06 06:00:00,1.5229722352808777,9ea23099-dd30-4b26-9de7-5d42d5dae87b,46.79055,-109.5157135
2013-09-07 06:00:00,0.9274681749971069,9ea23099-dd30-4b26-9de7-5d42d5dae87b,46.79055,-109.5157135
2013-09-08 06:00:00,0.7539793570178726,9ea23099-dd30-4b26-9de7-5d42d5dae87b,46.79055,-109.5157135
2013-09-09 06:00:00,0.35067416875516066,9ea23099-dd30-4b26-9de7-5d42d5dae87b,46.79055,-109.5157135
2013-09-10 06:00:00,0.74734945911979,9ea23099-dd30-4b26-9de7-5d42d5dae87b,46.79055,-109.5157135
2013-09-11 06:00:00,1.075774329983814,9ea23099-dd30-4b26-9de7-5d42d5dae87b,46.79055,-109.5157135
2013-09-12 06:00:00,0.9812914921743112,9ea23099-dd30-4b26-9de7-5d42d5dae87b,46.79055,-109.5157135
2013-09-13 06:00:00,0.9413989218996792,9ea23099-dd30-4b26-9de7-5d42d5dae87b,46.79055,-109.5157135
2013-09-14 06:00:00,0.4972247520026844,9ea23099-dd30-4b26-9de7-5d42d5dae87b,46.79055,-109.5157135
2013-09-15 06:00:00,0.6077889314096563,9ea23099-dd30-4b26-9de7-5d42d5dae87b,46.79055,-109.5157135
2013-09-16 06:00:00,1.0198620359449018,9ea23099-dd30-4b26-9de7-5d42d5dae87b,46.79055,-109.5157135
2013-09-17 06:00:00,0.9884167555524912,9ea23099-dd30-4b26-9de7-5d42d5dae87b,46.79055,-109.5157135
2013-09-18 06:00:00,0.4950616424870823,9ea23099-dd30-4b26-9de7-5d42d5dae87b,46.79055,-109.5157135
2013-09-19 06:00:00,0.29323079514898065,9ea23099-dd30-4b26-9de7-5d42d5dae87b,46.79055,-109.5157135
2013-09-20 06:00:00,0.7788987694509351,9ea23099-dd30-4b26-9de7-5d42d5dae87b,46.79055,-109.5157135
2013-09-21 06:00:00,1.3088390506310743,9ea23099-dd30-4b26-9de7-5d42d5dae87b,46.79055,-109.5157135
2013-09-22 06:00:00,0.868681720480686,9ea23099-dd30-4b26-9de7-5d42d5dae87b,46.79055,-109.5157135
2013-09-23 06:00:00,0.4865600071873399,9ea23099-dd30-4b26-9de7-5d42d5dae87b,46.79055,-109.5157135
2013-09-24 06:00:00,0.5953597729629755,9ea23099-dd30-4b26-9de7-5d42d5dae87b,46.79055,-109.5157135
2013-09-25 06:00:00,0.18953085584299903,9ea23099-dd30-4b26-9de7-5d42d5dae87b,46.79055,-109.5157135
2013-09-26 06:00:00,0.004046740795677132,9ea23099-dd30-4b26-9de7-5d42d5dae87b,46.79055,-109.5157135
2013-09-27 06:00:00,0.25743252830742125,9ea23099-dd30-4b26-9de7-5d42d5dae87b,46.79055,-109.5157135
2013-09-28 06:00:00,0.44942414202445047,9ea23099-dd30-4b26-9de7-5d42d5dae87b,46.79055,-109.5157135
2013-09-29 06:00:00,0.5285215580297262,9ea23099-dd30-4b26-9de7-5d42d5dae87b,46.79055,-109.5157135
2013-09-30 06:00:00,0.4885712688600559,9ea23099-dd30-4b26-9de7-5d42d5dae87b,46.79055,-109.5157135
2013-10-01 06:00:00,0.45436902583060773,9ea23099-dd30-4b26-9de7-5d42d5dae87b,46.79055,-109.5157135
2013-10-02 06:00:00,0.325357967916266,9ea23099-dd30-4b26-9de7-5d42d5dae87b,46.79055,-109.5157135
2013-10-03 06:00:00,0.06275230486153621,9ea23099-dd30-4b26-9de7-5d42d5dae87b,46.79055,-109.5157135
2013-10-04 06:00:00,0.06475675904649578,9ea23099-dd30-4b26-9de7-5d42d5dae87b,46.79055,-109.5157135
2013-10-05 06:00:00,0.3495956827539184,9ea23099-dd30-4b26-9de7-5d42d5dae87b,46.79055,-109.5157135
2013-10-06 06:00:00,0.5773314105716731,9ea23099-dd30-4b26-9de7-5d42d5dae87b,46.79055,-109.5157135
2013-10-07 06:00:00,0.8055125692995581,9ea23099-dd30-4b26-9de7-5d42d5dae87b,46.79055,-109.5157135
2013-10-08 06:00:00,0.3825424315362442,9ea23099-dd30-4b26-9de7-5d42d5dae87b,46.79055,-109.5157135
2013-10-09 06:00:00,0.2523829128320624,9ea23099-dd30-4b26-9de7-5d42d5dae87b,46.79055,-109.5157135
2013-10-10 06:00:00,0.26113489184541566,9ea23099-dd30-4b26-9de7-5d42d5dae87b,46.79055,-109.5157135
2013-10-11 06:00:00,0.14698581723334064,9ea23099-dd30-4b26-9de7-5d42d5dae87b,46.79055,-109.5157135
2013-10-12 06:00:00,0.21785512978035812,9ea23099-dd30-4b26-9de7-5d42d5dae87b,46.79055,-109.5157135
2013-10-13 06:00:00,0.23320042177100217,9ea23099-dd30-4b26-9de7-5d42d5dae87b,46.79055,-109.5157135
2013-10-14 06:00:00,0.050168222309664556,9ea23099-dd30-4b26-9de7-5d42d5dae87b,46.79055,-109.5157135
2013-10-15 06:00:00,0.22326052979361713,9ea23099-dd30-4b26-9de7-5d42d5dae87b,46.79055,-109.5157135
2013-10-16 06:00:00,0.260803301471451,9ea23099-dd30-4b26-9de7-5d42d5dae87b,46.79055,-109.5157135
2013-10-17 06:00:00,0.01254415004319456,9ea23099-dd30-4b26-9de7-5d42d5dae87b,46.79055,-109.5157135
2013-10-18 06:00:00,0.15082144206357334,9ea23099-dd30-4b26-9de7-5d42d5dae87b,46.79055,-109.5157135
2013-10-19 06:00:00,0.3407354866793761,9ea23099-dd30-4b26-9de7-5d42d5dae87b,46.79055,-109.5157135
2013-10-20 06:00:00,0.10043872483334265,9ea23099-dd30-4b26-9de7-5d42d5dae87b,46.79055,-109.5157135
2013-10-21 06:00:00,0.26376806041193335,9ea23099-dd30-4b26-9de7-5d42d5dae87b,46.79055,-109.5157135
2013-10-22 06:00:00,0.27674840406258344,9ea23099-dd30-4b26-9de7-5d42d5dae87b,46.79055,-109.5157135
2013-10-23 06:00:00,0.22452760679900433,9ea23099-dd30-4b26-9de7-5d42d5dae87b,46.79055,-109.5157135
2013-10-24 06:00:00,0.23010233770212227,9ea23099-dd30-4b26-9de7-5d42d5dae87b,46.79055,-109.5157135
2013-10-25 06:00:00,0.454527520915357,9ea23099-dd30-4b26-9de7-5d42d5dae87b,46.79055,-109.5157135
2013-10-26 06:00:00,0.5349194271950771,9ea23099-dd30-4b26-9de7-5d42d5dae87b,46.79055,-109.5157135
2013-10-27 06:00:00,0.3360888257311196,9ea23099-dd30-4b26-9de7-5d42d5dae87b,46.79055,-109.5157135
2013-10-28 06:00:00,0.002386005455790288,9ea23099-dd30-4b26-9de7-5d42d5dae87b,46.79055,-109.5157135
2013-10-29 06:00:00,0.008377897703228354,9ea23099-dd30-4b26-9de7-5d42d5dae87b,46.79055,-109.5157135
2013-10-30 06:00:00,0.06705567283549373,9ea23099-dd30-4b26-9de7-5d42d5dae87b,46.79055,-109.5157135
2013-10-31 06:00:00,0.1430153583114778,9ea23099-dd30-4b26-9de7-5d42d5dae87b,46.79055,-109.5157135
2013-11-01 06:00:00,0.20479436300513215,9ea23099-dd30-4b26-9de7-5d42d5dae87b,46.79055,-109.5157135
2013-11-02 06:00:00,0.30657663572748356,9ea23099-dd30-4b26-9de7-5d42d5dae87b,46.79055,-109.5157135
2013-11-03 06:00:00,0.2443976294028634,9ea23099-dd30-4b26-9de7-5d42d5dae87b,46.79055,-109.5157135
2013-11-04 06:00:00,0.06827983490551597,9ea23099-dd30-4b26-9de7-5d42d5dae87b,46.79055,-109.5157135
2013-11-05 06:00:00,0.1449357068834612,9ea23099-dd30-4b26-9de7-5d42d5dae87b,46.79055,-109.5157135
2013-11-06 06:00:00,0.10852829524630658,9ea23099-dd30-4b26-9de7-5d42d5dae87b,46.79055,-109.5157135
2013-11-07 06:00:00,0.21233986376521888,9ea23099-dd30-4b26-9de7-5d42d5dae87b,46.79055,-109.5157135
2013-11-08 06:00:00,0.16911990601790072,9ea23099-dd30-4b26-9de7-5d42d5dae87b,46.79055,-109.5157135
2013-11-09 06:00:00,0.17193398350778352,9ea23099-dd30-4b26-9de7-5d42d5dae87b,46.79055,-109.5157135
2013-11-10 06:00:00,0.19084021171314788,9ea23099-dd30-4b26-9de7-5d42d5dae87b,46.79055,-109.5157135
2013-11-11 06:00:00,0.04476195221721398,9ea23099-dd30-4b26-9de7-5d42d5dae87b,46.79055,-109.5157135
2013-11-12 06:00:00,0.4261689321089289,9ea23099-dd30-4b26-9de7-5d42d5dae87b,46.79055,-109.5157135
2013-11-13 06:00:00,0.28880336584737487,9ea23099-dd30-4b26-9de7-5d42d5dae87b,46.79055,-109.5157135
2013-11-14 06:00:00,0.2169155635796357,9ea23099-dd30-4b26-9de7-5d42d5dae87b,46.79055,-109.5157135
2013-11-15 06:00:00,0.1860451678833064,9ea23099-dd30-4b26-9de7-5d42d5dae87b,46.79055,-109.5157135
2013-11-16 06:00:00,0.18209407468186847,9ea23099-dd30-4b26-9de7-5d42d5dae87b,46.79055,-109.5157135
2013-11-17 06:00:00,0.09686863198486975,9ea23099-dd30-4b26-9de7-5d42d5dae87b,46.79055,-109.5157135
2013-11-18 06:00:00,0.3033778289728879,9ea23099-dd30-4b26-9de7-5d42d5dae87b,46.79055,-109.5157135
2013-11-19 06:00:00,0.27244098980356174,9ea23099-dd30-4b26-9de7-5d42d5dae87b,46.79055,-109.5157135
2013-11-20 06:00:00,0.007733301071771371,9ea23099-dd30-4b26-9de7-5d42d5dae87b,46.79055,-109.5157135
2013-11-21 06:00:00,0.09265915754832038,9ea23099-dd30-4b26-9de7-5d42d5dae87b,46.79055,-109.5157135
2013-11-22 06:00:00,0.15761749794258886,9ea23099-dd30-4b26-9de7-5d42d5dae87b,46.79055,-109.5157135
2013-11-23 06:00:00,0.2635988573371741,9ea23099-dd30-4b26-9de7-5d42d5dae87b,46.79055,-109.5157135
2013-11-24 06:00:00,0.262976260992085,9ea23099-dd30-4b26-9de7-5d42d5dae87b,46.79055,-109.5157135
2013-11-25 06:00:00,0.10483543475512218,9ea23099-dd30-4b26-9de7-5d42d5dae87b,46.79055,-109.5157135
2013-11-26 06:00:00,0.14507406368488215,9ea23099-dd30-4b26-9de7-5d42d5dae87b,46.79055,-109.5157135
2013-11-27 06:00:00,0.1639805960530603,9ea23099-dd30-4b26-9de7-5d42d5dae87b,46.79055,-109.5157135
2013-11-28 06:00:00,0.19743481218711006,9ea23099-dd30-4b26-9de7-5d42d5dae87b,46.79055,-109.5157135
2013-11-29 06:00:00,0.23470317066131152,9ea23099-dd30-4b26-9de7-5d42d5dae87b,46.79055,-109.5157135
2013-11-30 06:00:00,0.13680253128556838,9ea23099-dd30-4b26-9de7-5d42d5dae87b,46.79055,-109.5157135
2013-12-01 06:00:00,0.12447006720725041,9ea23099-dd30-4b26-9de7-5d42d5dae87b,46.79055,-109.5157135
2013-12-02 06:00:00,0.03885878754604463,9ea23099-dd30-4b26-9de7-5d42d5dae87b,46.79055,-109.5157135
2013-12-03 06:00:00,0.014048925067139104,9ea23099-dd30-4b26-9de7-5d42d5dae87b,46.79055,-109.5157135
2013-12-04 06:00:00,0.012709112587232363,9ea23099-dd30-4b26-9de7-5d42d5dae87b,46.79055,-109.5157135
2013-12-05 06:00:00,0.023531807411319286,9ea23099-dd30-4b26-9de7-5d42d5dae87b,46.79055,-109.5157135
2013-12-06 06:00:00,0.014017302104846318,9ea23099-dd30-4b26-9de7-5d42d5dae87b,46.79055,-109.5157135
2013-12-07 06:00:00,0.01786230562598759,9ea23099-dd30-4b26-9de7-5d42d5dae87b,46.79055,-109.5157135
2013-12-08 06:00:00,0.031687313205650144,9ea23099-dd30-4b26-9de7-5d42d5dae87b,46.79055,-109.5157135
2013-12-09 06:00:00,0.05348942720555158,9ea23099-dd30-4b26-9de7-5d42d5dae87b,46.79055,-109.5157135
2013-12-10 06:00:00,0.034453668550487586,9ea23099-dd30-4b26-9de7-5d42d5dae87b,46.79055,-109.5157135
2013-12-11 06:00:00,0.09112579602657296,9ea23099-dd30-4b26-9de7-5d42d5dae87b,46.79055,-109.5157135
2013-12-12 06:00:00,0.19341195444819817,9ea23099-dd30-4b26-9de7-5d42d5dae87b,46.79055,-109.5157135
2013-12-13 06:00:00,0.10894802372370448,9ea23099-dd30-4b26-9de7-5d42d5dae87b,46.79055,-109.5157135
2013-12-14 06:00:00,0.12121564619736387,9ea23099-dd30-4b26-9de7-5d42d5dae87b,46.79055,-109.5157135
2013-12-15 06:00:00,0.2139257646915389,9ea23099-dd30-4b26-9de7-5d42d5dae87b,46.79055,-109.5157135
2013-12-16 06:00:00,0.17346121424010819,9ea23099-dd30-4b26-9de7-5d42d5dae87b,46.79055,-109.5157135
2013-12-17 06:00:00,0.36059492585031827,9ea23099-dd30-4b26-9de7-5d42d5dae87b,46.79055,-109.5157135
2013-12-18 06:00:00,0.21157978972231883,9ea23099-dd30-4b26-9de7-5d42d5dae87b,46.79055,-109.5157135
2013-12-19 06:00:00,0.011991176291819958,9ea23099-dd30-4b26-9de7-5d42d5dae87b,46.79055,-109.5157135
2013-12-20 06:00:00,0.07990357806120807,9ea23099-dd30-4b26-9de7-5d42d5dae87b,46.79055,-109.5157135
2013-12-21 06:00:00,0.021038197066946415,9ea23099-dd30-4b26-9de7-5d42d5dae87b,46.79055,-109.5157135
2013-12-22 06:00:00,0.0021435161046553983,9ea23099-dd30-4b26-9de7-5d42d5dae87b,46.79055,-109.5157135
2013-12-23 06:00:00,0.1440822343741144,9ea23099-dd30-4b26-9de7-5d42d5dae87b,46.79055,-109.5157135
2013-12-24 06:00:00,0.09885069320322327,9ea23099-dd30-4b26-9de7-5d42d5dae87b,46.79055,-109.5157135
2013-12-25 06:00:00,0.15577302203361162,9ea23099-dd30-4b26-9de7-5d42d5dae87b,46.79055,-109.5157135
2013-12-26 06:00:00,0.2502650957593519,9ea23099-dd30-4b26-9de7-5d42d5dae87b,46.79055,-109.5157135
2013-12-27 06:00:00,0.362920463396697,9ea23099-dd30-4b26-9de7-5d42d5dae87b,46.79055,-109.5157135
2013-12-28 06:00:00,0.178022962816397,9ea23099-dd30-4b26-9de7-5d42d5dae87b,46.79055,-109.5157135
2013-12-29 06:00:00,0.09053009873067876,9ea23099-dd30-4b26-9de7-5d42d5dae87b,46.79055,-109.5157135
2013-12-30 06:00:00,0.0878240245715666,9ea23099-dd30-4b26-9de7-5d42d5dae87b,46.79055,-109.5157135
2013-12-31 06:00:00,0.0038787566177313332,9ea23099-dd30-4b26-9de7-5d42d5dae87b,46.79055,-109.5157135
2014-01-01 06:00:00,0.03230419747842936,9ea23099-dd30-4b26-9de7-5d42d5dae87b,46.79055,-109.5157135
2014-01-02 06:00:00,0.22075374815158721,9ea23099-dd30-4b26-9de7-5d42d5dae87b,46.79055,-109.5157135
2014-01-03 06:00:00,0.14626778427264828,9ea23099-dd30-4b26-9de7-5d42d5dae87b,46.79055,-109.5157135
2014-01-04 06:00:00,0.0,9ea23099-dd30-4b26-9de7-5d42d5dae87b,46.79055,-109.5157135
2014-01-05 06:00:00,0.040162325444069884,9ea23099-dd30-4b26-9de7-5d42d5dae87b,46.79055,-109.5157135
2014-01-06 06:00:00,0.2673925396820809,9ea23099-dd30-4b26-9de7-5d42d5dae87b,46.79055,-109.5157135
2014-01-07 06:00:00,0.21266177673061545,9ea23099-dd30-4b26-9de7-5d42d5dae87b,46.79055,-109.5157135
2014-01-08 06:00:00,0.14683912978718502,9ea23099-dd30-4b26-9de7-5d42d5dae87b,46.79055,-109.5157135
2014-01-09 06:00:00,0.0956439240105476,9ea23099-dd30-4b26-9de7-5d42d5dae87b,46.79055,-109.5157135
2014-01-10 06:00:00,0.24398214019549433,9ea23099-dd30-4b26-9de7-5d42d5dae87b,46.79055,-109.5157135
2014-01-11 06:00:00,0.3318997947856108,9ea23099-dd30-4b26-9de7-5d42d5dae87b,46.79055,-109.5157135
2014-01-12 06:00:00,0.18552156692234478,9ea23099-dd30-4b26-9de7-5d42d5dae87b,46.79055,-109.5157135
2014-01-13 06:00:00,0.22584405057262041,9ea23099-dd30-4b26-9de7-5d42d5dae87b,46.79055,-109.5157135
2014-01-14 06:00:00,0.1586021363527517,9ea23099-dd30-4b26-9de7-5d42d5dae87b,46.79055,-109.5157135
2014-01-15 06:00:00,0.28951419124100675,9ea23099-dd30-4b26-9de7-5d42d5dae87b,46.79055,-109.5157135
2014-01-16 06:00:00,0.2708976676343625,9ea23099-dd30-4b26-9de7-5d42d5dae87b,46.79055,-109.5157135
2014-01-17 06:00:00,0.3712735167779157,9ea23099-dd30-4b26-9de7-5d42d5dae87b,46.79055,-109.5157135
2014-01-18 06:00:00,0.3275166661949107,9ea23099-dd30-4b26-9de7-5d42d5dae87b,46.79055,-109.5157135
2014-01-19 06:00:00,0.40647840393441054,9ea23099-dd30-4b26-9de7-5d42d5dae87b,46.79055,-109.5157135
2014-01-20 06:00:00,0.18168192812426576,9ea23099-dd30-4b26-9de7-5d42d5dae87b,46.79055,-109.5157135
2014-01-21 06:00:00,0.3875994078737103,9ea23099-dd30-4b26-9de7-5d42d5dae87b,46.79055,-109.5157135
2014-01-22 06:00:00,0.019621705873269023,9ea23099-dd30-4b26-9de7-5d42d5dae87b,46.79055,-109.5157135
2014-01-23 06:00:00,0.2308096893079812,9ea23099-dd30-4b26-9de7-5d42d5dae87b,46.79055,-109.5157135
2014-01-24 06:00:00,0.347385265400393,9ea23099-dd30-4b26-9de7-5d42d5dae87b,46.79055,-109.5157135
2014-01-25 06:00:00,0.3451718134020263,9ea23099-dd30-4b26-9de7-5d42d5dae87b,46.79055,-109.5157135
2014-01-26 06:00:00,0.00023974179540102068,9ea23099-dd30-4b26-9de7-5d42d5dae87b,46.79055,-109.5157135
2014-01-27 06:00:00,0.08135356559362975,9ea23099-dd30-4b26-9de7-5d42d5dae87b,46.79055,-109.5157135
2014-01-28 06:00:00,0.2728184382414983,9ea23099-dd30-4b26-9de7-5d42d5dae87b,46.79055,-109.5157135
2014-01-29 06:00:00,0.10251824261185805,9ea23099-dd30-4b26-9de7-5d42d5dae87b,46.79055,-109.5157135
2014-01-30 06:00:00,0.0,9ea23099-dd30-4b26-9de7-5d42d5dae87b,46.79055,-109.5157135
2014-01-31 06:00:00,0.06441512165221186,9ea23099-dd30-4b26-9de7-5d42d5dae87b,46.79055,-109.5157135
2014-02-01 06:00:00,0.06089764296073946,9ea23099-dd30-4b26-9de7-5d42d5dae87b,46.79055,-109.5157135
2014-02-02 06:00:00,0.07458145360913425,9ea23099-dd30-4b26-9de7-5d42d5dae87b,46.79055,-109.5157135
2014-02-03 06:00:00,0.0,9ea23099-dd30-4b26-9de7-5d42d5dae87b,46.79055,-109.5157135
2014-02-04 06:00:00,0.0,9ea23099-dd30-4b26-9de7-5d42d5dae87b,46.79055,-109.5157135
2014-02-05 06:00:00,0.00846976118133069,9ea23099-dd30-4b26-9de7-5d42d5dae87b,46.79055,-109.5157135
2014-02-06 06:00:00,0.06125033649093493,9ea23099-dd30-4b26-9de7-5d42d5dae87b,46.79055,-109.5157135
2014-02-07 06:00:00,0.14961466559238132,9ea23099-dd30-4b26-9de7-5d42d5dae87b,46.79055,-109.5157135
2014-02-08 06:00:00,0.02574034899356369,9ea23099-dd30-4b26-9de7-5d42d5dae87b,46.79055,-109.5157135
2014-02-09 06:00:00,0.12390635316406182,9ea23099-dd30-4b26-9de7-5d42d5dae87b,46.79055,-109.5157135
2014-02-10 06:00:00,0.2532087009439069,9ea23099-dd30-4b26-9de7-5d42d5dae87b,46.79055,-109.5157135
2014-02-11 06:00:00,0.1373923608598393,9ea23099-dd30-4b26-9de7-5d42d5dae87b,46.79055,-109.5157135
2014-02-12 06:00:00,0.30849940768517675,9ea23099-dd30-4b26-9de7-5d42d5dae87b,46.79055,-109.5157135
2014-02-13 06:00:00,0.26974646749708286,9ea23099-dd30-4b26-9de7-5d42d5dae87b,46.79055,-109.5157135
2014-02-14 06:00:00,0.2971760850750194,9ea23099-dd30-4b26-9de7-5d42d5dae87b,46.79055,-109.5157135
2014-02-15 06:00:00,0.3281358258753288,9ea23099-dd30-4b26-9de7-5d42d5dae87b,46.79055,-109.5157135
2014-02-16 06:00:00,0.28171938984859274,9ea23099-dd30-4b26-9de7-5d42d5dae87b,46.79055,-109.5157135
2014-02-17 06:00:00,0.38915583013657484,9ea23099-dd30-4b26-9de7-5d42d5dae87b,46.79055,-109.5157135
2014-02-18 06:00:00,0.26176616684484977,9ea23099-dd30-4b26-9de7-5d42d5dae87b,46.79055,-109.5157135
2014-02-19 06:00:00,0.15886959885263274,9ea23099-dd30-4b26-9de7-5d42d5dae87b,46.79055,-109.5157135
2014-02-20 06:00:00,0.13291838705435863,9ea23099-dd30-4b26-9de7-5d42d5dae87b,46.79055,-109.5157135
2014-02-21 06:00:00,0.05807715495691376,9ea23099-dd30-4b26-9de7-5d42d5dae87b,46.79055,-109.5157135
2014-02-22 06:00:00,0.03460818917558687,9ea23099-dd30-4b26-9de7-5d42d5dae87b,46.79055,-109.5157135
2014-02-23 06:00:00,0.042562770199692616,9ea23099-dd30-4b26-9de7-5d42d5dae87b,46.79055,-109.5157135
2014-02-24 06:00:00,0.05736649644849918,9ea23099-dd30-4b26-9de7-5d42d5dae87b,46.79055,-109.5157135
2014-02-25 06:00:00,0.093177754191831,9ea23099-dd30-4b26-9de7-5d42d5dae87b,46.79055,-109.5157135
2014-02-26 06:00:00,0.35099476025494963,9ea23099-dd30-4b26-9de7-5d42d5dae87b,46.79055,-109.5157135
2014-02-27 06:00:00,0.3572176006924399,9ea23099-dd30-4b26-9de7-5d42d5dae87b,46.79055,-109.5157135
2014-02-28 06:00:00,0.0,9ea23099-dd30-4b26-9de7-5d42d5dae87b,46.79055,-109.5157135
2014-03-01 06:00:00,0.014380716141929865,9ea23099-dd30-4b26-9de7-5d42d5dae87b,46.79055,-109.5157135
2014-03-02 06:00:00,0.25050963165452667,9ea23099-dd30-4b26-9de7-5d42d5dae87b,46.79055,-109.5157135
2014-03-03 06:00:00,0.34796035396201264,9ea23099-dd30-4b26-9de7-5d42d5dae87b,46.79055,-109.5157135
2014-03-04 06:00:00,0.3178840273608314,9ea23099-dd30-4b26-9de7-5d42d5dae87b,46.79055,-109.5157135
2014-03-05 06:00:00,0.4054128409522334,9ea23099-dd30-4b26-9de7-5d42d5dae87b,46.79055,-109.5157135
2014-03-06 06:00:00,0.18116398830654726,9ea23099-dd30-4b26-9de7-5d42d5dae87b,46.79055,-109.5157135
2014-03-07 06:00:00,0.23927962925375956,9ea23099-dd30-4b26-9de7-5d42d5dae87b,46.79055,-109.5157135
2014-03-08 06:00:00,0.3306009542807053,9ea23099-dd30-4b26-9de7-5d42d5dae87b,46.79055,-109.5157135
2014-03-09 06:00:00,0.49874969813258796,9ea23099-dd30-4b26-9de7-5d42d5dae87b,46.79055,-109.5157135
2014-03-10 06:00:00,0.0883338102220658,9ea23099-dd30-4b26-9de7-5d42d5dae87b,46.79055,-109.5157135
2014-03-11 06:00:00,0.199730103037187,9ea23099-dd30-4b26-9de7-5d42d5dae87b,46.79055,-109.5157135
2014-03-12 06:00:00,0.2806423509993204,9ea23099-dd30-4b26-9de7-5d42d5dae87b,46.79055,-109.5157135
2014-03-13 06:00:00,0.36492427949913697,9ea23099-dd30-4b26-9de7-5d42d5dae87b,46.79055,-109.5157135
2014-03-14 06:00:00,0.3469108941247654,9ea23099-dd30-4b26-9de7-5d42d5dae87b,46.79055,-109.5157135
2014-03-15 06:00:00,0.2764886965786953,9ea23099-dd30-4b26-9de7-5d42d5dae87b,46.79055,-109.5157135
2014-03-16 06:00:00,0.49536925408898314,9ea23099-dd30-4b26-9de7-5d42d5dae87b,46.79055,-109.5157135
2014-03-17 06:00:00,0.23563677482696355,9ea23099-dd30-4b26-9de7-5d42d5dae87b,46.79055,-109.5157135
2014-03-18 06:00:00,0.08877485078022869,9ea23099-dd30-4b26-9de7-5d42d5dae87b,46.79055,-109.5157135
2014-03-19 06:00:00,0.2688803523000109,9ea23099-dd30-4b26-9de7-5d42d5dae87b,46.79055,-109.5157135
2014-03-20 06:00:00,0.17776124127442824,9ea23099-dd30-4b26-9de7-5d42d5dae87b,46.79055,-109.5157135
2014-03-21 06:00:00,0.00889647191873904,9ea23099-dd30-4b26-9de7-5d42d5dae87b,46.79055,-109.5157135
2014-03-22 06:00:00,0.10145814952404864,9ea23099-dd30-4b26-9de7-5d42d5dae87b,46.79055,-109.5157135
2014-03-23 06:00:00,0.08443994620224322,9ea23099-dd30-4b26-9de7-5d42d5dae87b,46.79055,-109.5157135
2014-03-24 06:00:00,0.08727173664272868,9ea23099-dd30-4b26-9de7-5d42d5dae87b,46.79055,-109.5157135
2014-03-25 06:00:00,0.40105848141559736,9ea23099-dd30-4b26-9de7-5d42d5dae87b,46.79055,-109.5157135
2014-03-26 06:00:00,0.2979863904909805,9ea23099-dd30-4b26-9de7-5d42d5dae87b,46.79055,-109.5157135
2014-03-27 06:00:00,0.0887467080551988,9ea23099-dd30-4b26-9de7-5d42d5dae87b,46.79055,-109.5157135
2014-03-28 06:00:00,0.23352706760739192,9ea23099-dd30-4b26-9de7-5d42d5dae87b,46.79055,-109.5157135
2014-03-29 06:00:00,0.2932646667085042,9ea23099-dd30-4b26-9de7-5d42d5dae87b,46.79055,-109.5157135
2014-03-30 06:00:00,0.19597517540645926,9ea23099-dd30-4b26-9de7-5d42d5dae87b,46.79055,-109.5157135
2014-03-31 06:00:00,0.00281870537129221,9ea23099-dd30-4b26-9de7-5d42d5dae87b,46.79055,-109.5157135
2014-04-01 06:00:00,0.11528930095274272,9ea23099-dd30-4b26-9de7-5d42d5dae87b,46.79055,-109.5157135
2014-04-02 06:00:00,0.10709627289389899,9ea23099-dd30-4b26-9de7-5d42d5dae87b,46.79055,-109.5157135
2014-04-03 06:00:00,0.19910990879043466,9ea23099-dd30-4b26-9de7-5d42d5dae87b,46.79055,-109.5157135
2014-04-04 06:00:00,0.388523262188825,9ea23099-dd30-4b26-9de7-5d42d5dae87b,46.79055,-109.5157135
2014-04-05 06:00:00,0.2925881419188054,9ea23099-dd30-4b26-9de7-5d42d5dae87b,46.79055,-109.5157135
2014-04-06 06:00:00,0.33320960833428204,9ea23099-dd30-4b26-9de7-5d42d5dae87b,46.79055,-109.5157135
2014-04-07 06:00:00,0.4226087408873677,9ea23099-dd30-4b26-9de7-5d42d5dae87b,46.79055,-109.5157135
2014-04-08 06:00:00,0.4887139214663554,9ea23099-dd30-4b26-9de7-5d42d5dae87b,46.79055,-109.5157135
2014-04-09 06:00:00,0.35637338301134436,9ea23099-dd30-4b26-9de7-5d42d5dae87b,46.79055,-109.5157135
2014-04-10 06:00:00,0.4768058396486455,9ea23099-dd30-4b26-9de7-5d42d5dae87b,46.79055,-109.5157135
2014-04-11 06:00:00,0.618018246641973,9ea23099-dd30-4b26-9de7-5d42d5dae87b,46.79055,-109.5157135
2014-04-12 06:00:00,0.01577014060129609,9ea23099-dd30-4b26-9de7-5d42d5dae87b,46.79055,-109.5157135
2014-04-13 06:00:00,0.10186852748385705,9ea23099-dd30-4b26-9de7-5d42d5dae87b,46.79055,-109.5157135
2014-04-14 06:00:00,0.3885445299879598,9ea23099-dd30-4b26-9de7-5d42d5dae87b,46.79055,-109.5157135
2014-04-15 06:00:00,0.3520465631829736,9ea23099-dd30-4b26-9de7-5d42d5dae87b,46.79055,-109.5157135
2014-04-16 06:00:00,0.21560559526916573,9ea23099-dd30-4b26-9de7-5d42d5dae87b,46.79055,-109.5157135
2014-04-17 06:00:00,0.34606934144106466,9ea23099-dd30-4b26-9de7-5d42d5dae87b,46.79055,-109.5157135
2014-04-18 06:00:00,0.282157471838313,9ea23099-dd30-4b26-9de7-5d42d5dae87b,46.79055,-109.5157135
2014-04-19 06:00:00,0.5828780375083563,9ea23099-dd30-4b26-9de7-5d42d5dae87b,46.79055,-109.5157135
2014-04-20 06:00:00,0.5476391487836006,9ea23099-dd30-4b26-9de7-5d42d5dae87b,46.79055,-109.5157135
2014-04-21 06:00:00,0.7764913891977547,9ea23099-dd30-4b26-9de7-5d42d5dae87b,46.79055,-109.5157135
2014-04-22 06:00:00,0.7886072277295879,9ea23099-dd30-4b26-9de7-5d42d5dae87b,46.79055,-109.5157135
2014-04-23 06:00:00,0.2136888339051178,9ea23099-dd30-4b26-9de7-5d42d5dae87b,46.79055,-109.5157135
2014-04-24 06:00:00,0.4178543723211055,9ea23099-dd30-4b26-9de7-5d42d5dae87b,46.79055,-109.5157135
2014-04-25 06:00:00,0.44526454056077713,9ea23099-dd30-4b26-9de7-5d42d5dae87b,46.79055,-109.5157135
2014-04-26 06:00:00,0.11473099799755349,9ea23099-dd30-4b26-9de7-5d42d5dae87b,46.79055,-109.5157135
2014-04-27 06:00:00,0.20187358136324512,9ea23099-dd30-4b26-9de7-5d42d5dae87b,46.79055,-109.5157135
2014-04-28 06:00:00,0.33955245179477883,9ea23099-dd30-4b26-9de7-5d42d5dae87b,46.79055,-109.5157135
2014-04-29 06:00:00,0.32934247803604966,9ea23099-dd30-4b26-9de7-5d42d5dae87b,46.79055,-109.5157135
2014-04-30 06:00:00,0.4975159276497488,9ea23099-dd30-4b26-9de7-5d42d5dae87b,46.79055,-109.5157135
2014-05-01 06:00:00,0.7538957490426736,9ea23099-dd30-4b26-9de7-5d42d5dae87b,46.79055,-109.5157135
2014-05-02 06:00:00,0.49784077558575596,9ea23099-dd30-4b26-9de7-5d42d5dae87b,46.79055,-109.5157135
2014-05-03 06:00:00,0.0,9ea23099-dd30-4b26-9de7-5d42d5dae87b,46.79055,-109.5157135
2014-05-04 06:00:00,0.21119381425065029,9ea23099-dd30-4b26-9de7-5d42d5dae87b,46.79055,-109.5157135
2014-05-05 06:00:00,0.30786962168557297,9ea23099-dd30-4b26-9de7-5d42d5dae87b,46.79055,-109.5157135
2014-05-06 06:00:00,0.04722680709607093,9ea23099-dd30-4b26-9de7-5d42d5dae87b,46.79055,-109.5157135
2014-05-07 06:00:00,0.03058719580006567,9ea23099-dd30-4b26-9de7-5d42d5dae87b,46.79055,-109.5157135
2014-05-08 06:00:00,0.3999235829669424,9ea23099-dd30-4b26-9de7-5d42d5dae87b,46.79055,-109.5157135
2014-05-09 06:00:00,0.3345722162557396,9ea23099-dd30-4b26-9de7-5d42d5dae87b,46.79055,-109.5157135
2014-05-10 06:00:00,0.09647386686597344,9ea23099-dd30-4b26-9de7-5d42d5dae87b,46.79055,-109.5157135
2014-05-11 06:00:00,0.1433895023130789,9ea23099-dd30-4b26-9de7-5d42d5dae87b,46.79055,-109.5157135
2014-05-12 06:00:00,0.31042453895877875,9ea23099-dd30-4b26-9de7-5d42d5dae87b,46.79055,-109.5157135
2014-05-13 06:00:00,0.5249840569932285,9ea23099-dd30-4b26-9de7-5d42d5dae87b,46.79055,-109.5157135
2014-05-14 06:00:00,0.6094257364808889,9ea23099-dd30-4b26-9de7-5d42d5dae87b,46.79055,-109.5157135
2014-05-15 06:00:00,0.6820617353459267,9ea23099-dd30-4b26-9de7-5d42d5dae87b,46.79055,-109.5157135
2014-05-16 06:00:00,0.3058302879125814,9ea23099-dd30-4b26-9de7-5d42d5dae87b,46.79055,-109.5157135
2014-05-17 06:00:00,0.4035138849441597,9ea23099-dd30-4b26-9de7-5d42d5dae87b,46.79055,-109.5157135
2014-05-18 06:00:00,0.20069691231182224,9ea23099-dd30-4b26-9de7-5d42d5dae87b,46.79055,-109.5157135
2014-05-19 06:00:00,0.26555317274265583,9ea23099-dd30-4b26-9de7-5d42d5dae87b,46.79055,-109.5157135
2014-05-20 06:00:00,0.49292545679969646,9ea23099-dd30-4b26-9de7-5d42d5dae87b,46.79055,-109.5157135
2014-05-21 06:00:00,0.6728476740757346,9ea23099-dd30-4b26-9de7-5d42d5dae87b,46.79055,-109.5157135
2014-05-22 06:00:00,0.8366096195755102,9ea23099-dd30-4b26-9de7-5d42d5dae87b,46.79055,-109.5157135
2014-05-23 06:00:00,0.8909091904811326,9ea23099-dd30-4b26-9de7-5d42d5dae87b,46.79055,-109.5157135
2014-05-24 06:00:00,0.6570452099166264,9ea23099-dd30-4b26-9de7-5d42d5dae87b,46.79055,-109.5157135
2014-05-25 06:00:00,0.5531927495675635,9ea23099-dd30-4b26-9de7-5d42d5dae87b,46.79055,-109.5157135
2014-05-26 06:00:00,0.7787492875957323,9ea23099-dd30-4b26-9de7-5d42d5dae87b,46.79055,-109.5157135
2014-05-27 06:00:00,0.661447601762798,9ea23099-dd30-4b26-9de7-5d42d5dae87b,46.79055,-109.5157135
2014-05-28 06:00:00,0.8516235571185885,9ea23099-dd30-4b26-9de7-5d42d5dae87b,46.79055,-109.5157135
2014-05-29 06:00:00,0.36290673283334385,9ea23099-dd30-4b26-9de7-5d42d5dae87b,46.79055,-109.5157135
2014-05-30 06:00:00,0.7079187304508395,9ea23099-dd30-4b26-9de7-5d42d5dae87b,46.79055,-109.5157135
2014-05-31 06:00:00,0.43824837066051425,9ea23099-dd30-4b26-9de7-5d42d5dae87b,46.79055,-109.5157135
2014-06-01 06:00:00,0.4263908065310338,9ea23099-dd30-4b26-9de7-5d42d5dae87b,46.79055,-109.5157135
2014-06-02 06:00:00,0.7126433583502154,9ea23099-dd30-4b26-9de7-5d42d5dae87b,46.79055,-109.5157135
2014-06-03 06:00:00,0.4543731803989576,9ea23099-dd30-4b26-9de7-5d42d5dae87b,46.79055,-109.5157135
2014-06-04 06:00:00,0.4783468204923623,9ea23099-dd30-4b26-9de7-5d42d5dae87b,46.79055,-109.5157135
2014-06-05 06:00:00,0.4966002989313742,9ea23099-dd30-4b26-9de7-5d42d5dae87b,46.79055,-109.5157135
2014-06-06 06:00:00,0.2549370193159538,9ea23099-dd30-4b26-9de7-5d42d5dae87b,46.79055,-109.5157135
2014-06-07 06:00:00,0.48204614421943337,9ea23099-dd30-4b26-9de7-5d42d5dae87b,46.79055,-109.5157135
2014-06-08 06:00:00,0.7045517365483871,9ea23099-dd30-4b26-9de7-5d42d5dae87b,46.79055,-109.5157135
2014-06-09 06:00:00,0.9155766345067307,9ea23099-dd30-4b26-9de7-5d42d5dae87b,46.79055,-109.5157135
2014-06-10 06:00:00,0.5032630891438559,9ea23099-dd30-4b26-9de7-5d42d5dae87b,46.79055,-109.5157135
2014-06-11 06:00:00,0.3123526996592195,9ea23099-dd30-4b26-9de7-5d42d5dae87b,46.79055,-109.5157135
2014-06-12 06:00:00,0.5668953569404754,9ea23099-dd30-4b26-9de7-5d42d5dae87b,46.79055,-109.5157135
2014-06-13 06:00:00,0.3873756767513444,9ea23099-dd30-4b26-9de7-5d42d5dae87b,46.79055,-109.5157135
2014-06-14 06:00:00,0.29629310900637496,9ea23099-dd30-4b26-9de7-5d42d5dae87b,46.79055,-109.5157135
2014-06-15 06:00:00,0.4746738856573969,9ea23099-dd30-4b26-9de7-5d42d5dae87b,46.79055,-109.5157135
2014-06-16 06:00:00,0.4179477534071908,9ea23099-dd30-4b26-9de7-5d42d5dae87b,46.79055,-109.5157135
2014-06-17 06:00:00,0.2363927645498451,9ea23099-dd30-4b26-9de7-5d42d5dae87b,46.79055,-109.5157135
2014-06-18 06:00:00,0.2428371782839713,9ea23099-dd30-4b26-9de7-5d42d5dae87b,46.79055,-109.5157135
2014-06-19 06:00:00,0.4226820459816514,9ea23099-dd30-4b26-9de7-5d42d5dae87b,46.79055,-109.5157135
2014-06-20 06:00:00,0.7541235663022728,9ea23099-dd30-4b26-9de7-5d42d5dae87b,46.79055,-109.5157135
2014-06-21 06:00:00,0.6294967499448031,9ea23099-dd30-4b26-9de7-5d42d5dae87b,46.79055,-109.5157135
2014-06-22 06:00:00,0.6270370093476066,9ea23099-dd30-4b26-9de7-5d42d5dae87b,46.79055,-109.5157135
2014-06-23 06:00:00,0.6279772292134653,9ea23099-dd30-4b26-9de7-5d42d5dae87b,46.79055,-109.5157135
2014-06-24 06:00:00,0.7543312602965258,9ea23099-dd30-4b26-9de7-5d42d5dae87b,46.79055,-109.5157135
2014-06-25 06:00:00,0.6382006359017268,9ea23099-dd30-4b26-9de7-5d42d5dae87b,46.79055,-109.5157135
2014-06-26 06:00:00,0.5944242346577527,9ea23099-dd30-4b26-9de7-5d42d5dae87b,46.79055,-109.5157135
2014-06-27 06:00:00,0.38728149598691514,9ea23099-dd30-4b26-9de7-5d42d5dae87b,46.79055,-109.5157135
2014-06-28 06:00:00,0.48233688259270124,9ea23099-dd30-4b26-9de7-5d42d5dae87b,46.79055,-109.5157135
2014-06-29 06:00:00,0.6396911814030037,9ea23099-dd30-4b26-9de7-5d42d5dae87b,46.79055,-109.5157135
2014-06-30 06:00:00,0.5098508980112207,9ea23099-dd30-4b26-9de7-5d42d5dae87b,46.79055,-109.5157135
2014-07-01 06:00:00,0.7213939998934908,9ea23099-dd30-4b26-9de7-5d42d5dae87b,46.79055,-109.5157135
2014-07-02 06:00:00,1.0589395187249997,9ea23099-dd30-4b26-9de7-5d42d5dae87b,46.79055,-109.5157135
2014-07-03 06:00:00,1.4389017969889093,9ea23099-dd30-4b26-9de7-5d42d5dae87b,46.79055,-109.5157135
2014-07-04 06:00:00,1.31260418435007,9ea23099-dd30-4b26-9de7-5d42d5dae87b,46.79055,-109.5157135
2014-07-05 06:00:00,1.1723296516656043,9ea23099-dd30-4b26-9de7-5d42d5dae87b,46.79055,-109.5157135
2014-07-06 06:00:00,1.3034457881068517,9ea23099-dd30-4b26-9de7-5d42d5dae87b,46.79055,-109.5157135
2014-07-07 06:00:00,0.6914920394636612,9ea23099-dd30-4b26-9de7-5d42d5dae87b,46.79055,-109.5157135
2014-07-08 06:00:00,0.960869839174822,9ea23099-dd30-4b26-9de7-5d42d5dae87b,46.79055,-109.5157135
2014-07-09 06:00:00,1.358681850005525,9ea23099-dd30-4b26-9de7-5d42d5dae87b,46.79055,-109.5157135
2014-07-10 06:00:00,1.2213278656844888,9ea23099-dd30-4b26-9de7-5d42d5dae87b,46.79055,-109.5157135
2014-07-11 06:00:00,0.9330908353424238,9ea23099-dd30-4b26-9de7-5d42d5dae87b,46.79055,-109.5157135
2014-07-12 06:00:00,0.987439677275016,9ea23099-dd30-4b26-9de7-5d42d5dae87b,46.79055,-109.5157135
2014-07-13 06:00:00,1.2144938277450588,9ea23099-dd30-4b26-9de7-5d42d5dae87b,46.79055,-109.5157135
2014-07-14 06:00:00,0.9908791247768268,9ea23099-dd30-4b26-9de7-5d42d5dae87b,46.79055,-109.5157135
2014-07-15 06:00:00,0.7010168260294384,9ea23099-dd30-4b26-9de7-5d42d5dae87b,46.79055,-109.5157135
2014-07-16 06:00:00,0.9771379976945469,9ea23099-dd30-4b26-9de7-5d42d5dae87b,46.79055,-109.5157135
2014-07-17 06:00:00,1.3133633953976713,9ea23099-dd30-4b26-9de7-5d42d5dae87b,46.79055,-109.5157135
2014-07-18 06:00:00,0.9443526395729609,9ea23099-dd30-4b26-9de7-5d42d5dae87b,46.79055,-109.5157135
2014-07-19 06:00:00,1.34883032931268,9ea23099-dd30-4b26-9de7-5d42d5dae87b,46.79055,-109.5157135
2014-07-20 06:00:00,1.3091451651335588,9ea23099-dd30-4b26-9de7-5d42d5dae87b,46.79055,-109.5157135
2014-07-21 06:00:00,0.9723164255403058,9ea23099-dd30-4b26-9de7-5d42d5dae87b,46.79055,-109.5157135
2014-07-22 06:00:00,1.1588391504844304,9ea23099-dd30-4b26-9de7-5d42d5dae87b,46.79055,-109.5157135
2014-07-23 06:00:00,1.1478116772939102,9ea23099-dd30-4b26-9de7-5d42d5dae87b,46.79055,-109.5157135
2014-07-24 06:00:00,0.7723610918800172,9ea23099-dd30-4b26-9de7-5d42d5dae87b,46.79055,-109.5157135
2014-07-25 06:00:00,1.070778828983938,9ea23099-dd30-4b26-9de7-5d42d5dae87b,46.79055,-109.5157135
2014-07-26 06:00:00,0.9351088643489396,9ea23099-dd30-4b26-9de7-5d42d5dae87b,46.79055,-109.5157135
2014-07-27 06:00:00,1.3100910543980082,9ea23099-dd30-4b26-9de7-5d42d5dae87b,46.79055,-109.5157135
2014-07-28 06:00:00,1.5798944098816514,9ea23099-dd30-4b26-9de7-5d42d5dae87b,46.79055,-109.5157135
2014-07-29 06:00:00,1.454631852563665,9ea23099-dd30-4b26-9de7-5d42d5dae87b,46.79055,-109.5157135
2014-07-30 06:00:00,1.4274800347118841,9ea23099-dd30-4b26-9de7-5d42d5dae87b,46.79055,-109.5157135
2014-07-31 06:00:00,1.550768106864304,9ea23099-dd30-4b26-9de7-5d42d5dae87b,46.79055,-109.5157135
2014-08-01 06:00:00,1.4311119099942649,9ea23099-dd30-4b26-9de7-5d42d5dae87b,46.79055,-109.5157135
2014-08-02 06:00:00,1.421130858647283,9ea23099-dd30-4b26-9de7-5d42d5dae87b,46.79055,-109.5157135
2014-08-03 06:00:00,1.0033706866386458,9ea23099-dd30-4b26-9de7-5d42d5dae87b,46.79055,-109.5157135
2014-08-04 06:00:00,0.799917850604456,9ea23099-dd30-4b26-9de7-5d42d5dae87b,46.79055,-109.5157135
2014-08-05 06:00:00,0.3139201815431541,9ea23099-dd30-4b26-9de7-5d42d5dae87b,46.79055,-109.5157135
2014-08-06 06:00:00,0.907537108773969,9ea23099-dd30-4b26-9de7-5d42d5dae87b,46.79055,-109.5157135
2014-08-07 06:00:00,1.2759389581372926,9ea23099-dd30-4b26-9de7-5d42d5dae87b,46.79055,-109.5157135
2014-08-08 06:00:00,1.4268422878577733,9ea23099-dd30-4b26-9de7-5d42d5dae87b,46.79055,-109.5157135
2014-08-09 06:00:00,0.7947799279403186,9ea23099-dd30-4b26-9de7-5d42d5dae87b,46.79055,-109.5157135
2014-08-10 06:00:00,1.1545255728299606,9ea23099-dd30-4b26-9de7-5d42d5dae87b,46.79055,-109.5157135
2014-08-11 06:00:00,1.3215372935197076,9ea23099-dd30-4b26-9de7-5d42d5dae87b,46.79055,-109.5157135
2014-08-12 06:00:00,1.6905646435267416,9ea23099-dd30-4b26-9de7-5d42d5dae87b,46.79055,-109.5157135
2014-08-13 06:00:00,1.3491498554832844,9ea23099-dd30-4b26-9de7-5d42d5dae87b,46.79055,-109.5157135
2014-08-14 06:00:00,0.7833179214690205,9ea23099-dd30-4b26-9de7-5d42d5dae87b,46.79055,-109.5157135
2014-08-15 06:00:00,0.6955603175254648,9ea23099-dd30-4b26-9de7-5d42d5dae87b,46.79055,-109.5157135
2014-08-16 06:00:00,0.6191094263816957,9ea23099-dd30-4b26-9de7-5d42d5dae87b,46.79055,-109.5157135
2014-08-17 06:00:00,0.6724106326751176,9ea23099-dd30-4b26-9de7-5d42d5dae87b,46.79055,-109.5157135
2014-08-18 06:00:00,0.8960638282502569,9ea23099-dd30-4b26-9de7-5d42d5dae87b,46.79055,-109.5157135
2014-08-19 06:00:00,1.0551342701455022,9ea23099-dd30-4b26-9de7-5d42d5dae87b,46.79055,-109.5157135
2014-08-20 06:00:00,0.8887648962515986,9ea23099-dd30-4b26-9de7-5d42d5dae87b,46.79055,-109.5157135
2014-08-21 06:00:00,0.12808341436243845,9ea23099-dd30-4b26-9de7-5d42d5dae87b,46.79055,-109.5157135
2014-08-22 06:00:00,0.12340984581758752,9ea23099-dd30-4b26-9de7-5d42d5dae87b,46.79055,-109.5157135
2014-08-23 06:00:00,0.0,9ea23099-dd30-4b26-9de7-5d42d5dae87b,46.79055,-109.5157135
2014-08-24 06:00:00,0.0,9ea23099-dd30-4b26-9de7-5d42d5dae87b,46.79055,-109.5157135
2014-08-25 06:00:00,0.23251905688165783,9ea23099-dd30-4b26-9de7-5d42d5dae87b,46.79055,-109.5157135
2014-08-26 06:00:00,0.6559031090150725,9ea23099-dd30-4b26-9de7-5d42d5dae87b,46.79055,-109.5157135
2014-08-27 06:00:00,0.8650115755896118,9ea23099-dd30-4b26-9de7-5d42d5dae87b,46.79055,-109.5157135
2014-08-28 06:00:00,0.863332828110934,9ea23099-dd30-4b26-9de7-5d42d5dae87b,46.79055,-109.5157135
2014-08-29 06:00:00,0.5524560458153382,9ea23099-dd30-4b26-9de7-5d42d5dae87b,46.79055,-109.5157135
2014-08-30 06:00:00,0.37988210877059636,9ea23099-dd30-4b26-9de7-5d42d5dae87b,46.79055,-109.5157135
2014-08-31 06:00:00,0.3906825981800564,9ea23099-dd30-4b26-9de7-5d42d5dae87b,46.79055,-109.5157135
2014-09-01 06:00:00,0.41005517713699596,9ea23099-dd30-4b26-9de7-5d42d5dae87b,46.79055,-109.5157135
2014-09-02 06:00:00,0.7372444300078347,9ea23099-dd30-4b26-9de7-5d42d5dae87b,46.79055,-109.5157135
2014-09-03 06:00:00,0.49225577387556374,9ea23099-dd30-4b26-9de7-5d42d5dae87b,46.79055,-109.5157135
2014-09-04 06:00:00,0.3998514997159562,9ea23099-dd30-4b26-9de7-5d42d5dae87b,46.79055,-109.5157135
2014-09-05 06:00:00,0.5870555316321941,9ea23099-dd30-4b26-9de7-5d42d5dae87b,46.79055,-109.5157135
2014-09-06 06:00:00,0.9654199805513073,9ea23099-dd30-4b26-9de7-5d42d5dae87b,46.79055,-109.5157135
2014-09-07 06:00:00,1.1445484358674554,9ea23099-dd30-4b26-9de7-5d42d5dae87b,46.79055,-109.5157135
2014-09-08 06:00:00,0.9666265803762427,9ea23099-dd30-4b26-9de7-5d42d5dae87b,46.79055,-109.5157135
2014-09-09 06:00:00,0.002379407002898874,9ea23099-dd30-4b26-9de7-5d42d5dae87b,46.79055,-109.5157135
2014-09-10 06:00:00,0.015002087549588768,9ea23099-dd30-4b26-9de7-5d42d5dae87b,46.79055,-109.5157135
2014-09-11 06:00:00,0.11044325899553421,9ea23099-dd30-4b26-9de7-5d42d5dae87b,46.79055,-109.5157135
2014-09-12 06:00:00,0.4475595107892663,9ea23099-dd30-4b26-9de7-5d42d5dae87b,46.79055,-109.5157135
2014-09-13 06:00:00,0.3508036935942097,9ea23099-dd30-4b26-9de7-5d42d5dae87b,46.79055,-109.5157135
2014-09-14 06:00:00,0.443765330293868,9ea23099-dd30-4b26-9de7-5d42d5dae87b,46.79055,-109.5157135
2014-09-15 06:00:00,0.8082313672071548,9ea23099-dd30-4b26-9de7-5d42d5dae87b,46.79055,-109.5157135
2014-09-16 06:00:00,1.033770989146382,9ea23099-dd30-4b26-9de7-5d42d5dae87b,46.79055,-109.5157135
2014-09-17 06:00:00,1.1254563739698522,9ea23099-dd30-4b26-9de7-5d42d5dae87b,46.79055,-109.5157135
2014-09-18 06:00:00,0.733541427433283,9ea23099-dd30-4b26-9de7-5d42d5dae87b,46.79055,-109.5157135
2014-09-19 06:00:00,0.4496111341521714,9ea23099-dd30-4b26-9de7-5d42d5dae87b,46.79055,-109.5157135
2014-09-20 06:00:00,0.6210999096831377,9ea23099-dd30-4b26-9de7-5d42d5dae87b,46.79055,-109.5157135
2014-09-21 06:00:00,0.7450536707033261,9ea23099-dd30-4b26-9de7-5d42d5dae87b,46.79055,-109.5157135
2014-09-22 06:00:00,0.9876199311184133,9ea23099-dd30-4b26-9de7-5d42d5dae87b,46.79055,-109.5157135
2014-09-23 06:00:00,0.8864671350148495,9ea23099-dd30-4b26-9de7-5d42d5dae87b,46.79055,-109.5157135
2014-09-24 06:00:00,1.1006797176204908,9ea23099-dd30-4b26-9de7-5d42d5dae87b,46.79055,-109.5157135
2014-09-25 06:00:00,1.4086298985140664,9ea23099-dd30-4b26-9de7-5d42d5dae87b,46.79055,-109.5157135
2014-09-26 06:00:00,0.8935710443540731,9ea23099-dd30-4b26-9de7-5d42d5dae87b,46.79055,-109.5157135
2014-09-27 06:00:00,0.14389480763351872,9ea23099-dd30-4b26-9de7-5d42d5dae87b,46.79055,-109.5157135
2014-09-28 06:00:00,0.12582123882497437,9ea23099-dd30-4b26-9de7-5d42d5dae87b,46.79055,-109.5157135
2014-09-29 06:00:00,0.27379186025687624,9ea23099-dd30-4b26-9de7-5d42d5dae87b,46.79055,-109.5157135
2014-09-30 06:00:00,0.11482821327053293,9ea23099-dd30-4b26-9de7-5d42d5dae87b,46.79055,-109.5157135
2014-10-01 06:00:00,0.1504580834134115,9ea23099-dd30-4b26-9de7-5d42d5dae87b,46.79055,-109.5157135
2014-10-02 06:00:00,0.03685765378566568,9ea23099-dd30-4b26-9de7-5d42d5dae87b,46.79055,-109.5157135
2014-10-03 06:00:00,0.31453309444392596,9ea23099-dd30-4b26-9de7-5d42d5dae87b,46.79055,-109.5157135
2014-10-04 06:00:00,0.5847207973954569,9ea23099-dd30-4b26-9de7-5d42d5dae87b,46.79055,-109.5157135
2014-10-05 06:00:00,0.3938829760206701,9ea23099-dd30-4b26-9de7-5d42d5dae87b,46.79055,-109.5157135
2014-10-06 06:00:00,0.6173226304274403,9ea23099-dd30-4b26-9de7-5d42d5dae87b,46.79055,-109.5157135
2014-10-07 06:00:00,0.509524566942391,9ea23099-dd30-4b26-9de7-5d42d5dae87b,46.79055,-109.5157135
2014-10-08 06:00:00,0.5360801716299423,9ea23099-dd30-4b26-9de7-5d42d5dae87b,46.79055,-109.5157135
2014-10-09 06:00:00,0.2875072761124019,9ea23099-dd30-4b26-9de7-5d42d5dae87b,46.79055,-109.5157135
2014-10-10 06:00:00,0.46726392448363807,9ea23099-dd30-4b26-9de7-5d42d5dae87b,46.79055,-109.5157135
2014-10-11 06:00:00,0.4383354852112327,9ea23099-dd30-4b26-9de7-5d42d5dae87b,46.79055,-109.5157135
2014-10-12 06:00:00,0.09537320931276584,9ea23099-dd30-4b26-9de7-5d42d5dae87b,46.79055,-109.5157135
2014-10-13 06:00:00,0.3546440100057199,9ea23099-dd30-4b26-9de7-5d42d5dae87b,46.79055,-109.5157135
2014-10-14 06:00:00,0.724311241497146,9ea23099-dd30-4b26-9de7-5d42d5dae87b,46.79055,-109.5157135
2014-10-15 06:00:00,0.6854133818311557,9ea23099-dd30-4b26-9de7-5d42d5dae87b,46.79055,-109.5157135
2014-10-16 06:00:00,0.29373891371260114,9ea23099-dd30-4b26-9de7-5d42d5dae87b,46.79055,-109.5157135
2014-10-17 06:00:00,0.34680799631083875,9ea23099-dd30-4b26-9de7-5d42d5dae87b,46.79055,-109.5157135
2014-10-18 06:00:00,0.6502446710336498,9ea23099-dd30-4b26-9de7-5d42d5dae87b,46.79055,-109.5157135
2014-10-19 06:00:00,0.6011083222640099,9ea23099-dd30-4b26-9de7-5d42d5dae87b,46.79055,-109.5157135
2014-10-20 06:00:00,0.9190293133570341,9ea23099-dd30-4b26-9de7-5d42d5dae87b,46.79055,-109.5157135
2014-10-21 06:00:00,0.5097141697068247,9ea23099-dd30-4b26-9de7-5d42d5dae87b,46.79055,-109.5157135
2014-10-22 06:00:00,0.2852625270546106,9ea23099-dd30-4b26-9de7-5d42d5dae87b,46.79055,-109.5157135
2014-10-23 06:00:00,0.5475060884233965,9ea23099-dd30-4b26-9de7-5d42d5dae87b,46.79055,-109.5157135
2014-10-24 06:00:00,0.2513062388146173,9ea23099-dd30-4b26-9de7-5d42d5dae87b,46.79055,-109.5157135
2014-10-25 06:00:00,0.691891951220376,9ea23099-dd30-4b26-9de7-5d42d5dae87b,46.79055,-109.5157135
2014-10-26 06:00:00,0.36345693809126306,9ea23099-dd30-4b26-9de7-5d42d5dae87b,46.79055,-109.5157135
2014-10-27 06:00:00,0.11404095107254664,9ea23099-dd30-4b26-9de7-5d42d5dae87b,46.79055,-109.5157135
2014-10-28 06:00:00,0.26262675866951923,9ea23099-dd30-4b26-9de7-5d42d5dae87b,46.79055,-109.5157135
2014-10-29 06:00:00,0.3373435196508929,9ea23099-dd30-4b26-9de7-5d42d5dae87b,46.79055,-109.5157135
2014-10-30 06:00:00,0.29083105436289347,9ea23099-dd30-4b26-9de7-5d42d5dae87b,46.79055,-109.5157135
2014-10-31 06:00:00,0.7509476145281608,9ea23099-dd30-4b26-9de7-5d42d5dae87b,46.79055,-109.5157135
2014-11-01 06:00:00,0.7586097745322183,9ea23099-dd30-4b26-9de7-5d42d5dae87b,46.79055,-109.5157135
2014-11-02 06:00:00,0.17988220454300735,9ea23099-dd30-4b26-9de7-5d42d5dae87b,46.79055,-109.5157135
2014-11-03 06:00:00,0.24677807999976,9ea23099-dd30-4b26-9de7-5d42d5dae87b,46.79055,-109.5157135
2014-11-04 06:00:00,0.325447035038305,9ea23099-dd30-4b26-9de7-5d42d5dae87b,46.79055,-109.5157135
2014-11-05 06:00:00,0.2675582478114952,9ea23099-dd30-4b26-9de7-5d42d5dae87b,46.79055,-109.5157135
2014-11-06 06:00:00,0.5385945242560283,9ea23099-dd30-4b26-9de7-5d42d5dae87b,46.79055,-109.5157135
2014-11-07 06:00:00,0.2991473479812984,9ea23099-dd30-4b26-9de7-5d42d5dae87b,46.79055,-109.5157135
2014-11-08 06:00:00,0.45755473355590665,9ea23099-dd30-4b26-9de7-5d42d5dae87b,46.79055,-109.5157135
2014-11-09 06:00:00,0.18654523384903363,9ea23099-dd30-4b26-9de7-5d42d5dae87b,46.79055,-109.5157135
2014-11-10 06:00:00,0.0,9ea23099-dd30-4b26-9de7-5d42d5dae87b,46.79055,-109.5157135
2014-11-11 06:00:00,0.0015510776232707372,9ea23099-dd30-4b26-9de7-5d42d5dae87b,46.79055,-109.5157135
2014-11-12 06:00:00,0.03696108613331974,9ea23099-dd30-4b26-9de7-5d42d5dae87b,46.79055,-109.5157135
2014-11-13 06:00:00,0.09831704756160645,9ea23099-dd30-4b26-9de7-5d42d5dae87b,46.79055,-109.5157135
2014-11-14 06:00:00,0.07150233874441439,9ea23099-dd30-4b26-9de7-5d42d5dae87b,46.79055,-109.5157135
2014-11-15 06:00:00,0.08555231051915405,9ea23099-dd30-4b26-9de7-5d42d5dae87b,46.79055,-109.5157135
2014-11-16 06:00:00,0.1192321995993628,9ea23099-dd30-4b26-9de7-5d42d5dae87b,46.79055,-109.5157135
2014-11-17 06:00:00,0.17689312216971806,9ea23099-dd30-4b26-9de7-5d42d5dae87b,46.79055,-109.5157135
2014-11-18 06:00:00,0.28599818705058677,9ea23099-dd30-4b26-9de7-5d42d5dae87b,46.79055,-109.5157135
2014-11-19 06:00:00,0.17963612620890756,9ea23099-dd30-4b26-9de7-5d42d5dae87b,46.79055,-109.5157135
2014-11-20 06:00:00,0.37905666125672194,9ea23099-dd30-4b26-9de7-5d42d5dae87b,46.79055,-109.5157135
2014-11-21 06:00:00,0.2956404351866203,9ea23099-dd30-4b26-9de7-5d42d5dae87b,46.79055,-109.5157135
2014-11-22 06:00:00,0.24433787035973223,9ea23099-dd30-4b26-9de7-5d42d5dae87b,46.79055,-109.5157135
2014-11-23 06:00:00,0.18704353114557593,9ea23099-dd30-4b26-9de7-5d42d5dae87b,46.79055,-109.5157135
2014-11-24 06:00:00,0.178374096868034,9ea23099-dd30-4b26-9de7-5d42d5dae87b,46.79055,-109.5157135
2014-11-25 06:00:00,0.13326274019500517,9ea23099-dd30-4b26-9de7-5d42d5dae87b,46.79055,-109.5157135
2014-11-26 06:00:00,0.18256562654876535,9ea23099-dd30-4b26-9de7-5d42d5dae87b,46.79055,-109.5157135
2014-11-27 06:00:00,0.3505624210533364,9ea23099-dd30-4b26-9de7-5d42d5dae87b,46.79055,-109.5157135
2014-11-28 06:00:00,0.20221612131294467,9ea23099-dd30-4b26-9de7-5d42d5dae87b,46.79055,-109.5157135
2014-11-29 06:00:00,0.0,9ea23099-dd30-4b26-9de7-5d42d5dae87b,46.79055,-109.5157135
2014-11-30 06:00:00,0.08372915086404577,9ea23099-dd30-4b26-9de7-5d42d5dae87b,46.79055,-109.5157135
2014-12-01 06:00:00,0.26891174725539174,9ea23099-dd30-4b26-9de7-5d42d5dae87b,46.79055,-109.5157135
2014-12-02 06:00:00,0.12821590434435354,9ea23099-dd30-4b26-9de7-5d42d5dae87b,46.79055,-109.5157135
2014-12-03 06:00:00,0.35846660382240897,9ea23099-dd30-4b26-9de7-5d42d5dae87b,46.79055,-109.5157135
2014-12-04 06:00:00,0.37623870032693446,9ea23099-dd30-4b26-9de7-5d42d5dae87b,46.79055,-109.5157135
2014-12-05 06:00:00,0.23935682856143553,9ea23099-dd30-4b26-9de7-5d42d5dae87b,46.79055,-109.5157135
2014-12-06 06:00:00,0.4283047942022829,9ea23099-dd30-4b26-9de7-5d42d5dae87b,46.79055,-109.5157135
2014-12-07 06:00:00,0.25550624543885314,9ea23099-dd30-4b26-9de7-5d42d5dae87b,46.79055,-109.5157135
2014-12-08 06:00:00,0.4261139470577654,9ea23099-dd30-4b26-9de7-5d42d5dae87b,46.79055,-109.5157135
2014-12-09 06:00:00,0.5535504428040274,9ea23099-dd30-4b26-9de7-5d42d5dae87b,46.79055,-109.5157135
2014-12-10 06:00:00,0.5020447983714761,9ea23099-dd30-4b26-9de7-5d42d5dae87b,46.79055,-109.5157135
2014-12-11 06:00:00,0.6858400605904514,9ea23099-dd30-4b26-9de7-5d42d5dae87b,46.79055,-109.5157135
2014-12-12 06:00:00,0.7030650742274127,9ea23099-dd30-4b26-9de7-5d42d5dae87b,46.79055,-109.5157135
2014-12-13 06:00:00,0.4348382747339454,9ea23099-dd30-4b26-9de7-5d42d5dae87b,46.79055,-109.5157135
2014-12-14 06:00:00,0.03978382425467103,9ea23099-dd30-4b26-9de7-5d42d5dae87b,46.79055,-109.5157135
2014-12-15 06:00:00,0.09802925693137304,9ea23099-dd30-4b26-9de7-5d42d5dae87b,46.79055,-109.5157135
2014-12-16 06:00:00,0.19757898250523337,9ea23099-dd30-4b26-9de7-5d42d5dae87b,46.79055,-109.5157135
2014-12-17 06:00:00,0.1257147804058387,9ea23099-dd30-4b26-9de7-5d42d5dae87b,46.79055,-109.5157135
2014-12-18 06:00:00,0.16961341112436729,9ea23099-dd30-4b26-9de7-5d42d5dae87b,46.79055,-109.5157135
2014-12-19 06:00:00,0.23844757002457087,9ea23099-dd30-4b26-9de7-5d42d5dae87b,46.79055,-109.5157135
2014-12-20 06:00:00,0.1732548137912559,9ea23099-dd30-4b26-9de7-5d42d5dae87b,46.79055,-109.5157135
2014-12-21 06:00:00,0.17547250797368505,9ea23099-dd30-4b26-9de7-5d42d5dae87b,46.79055,-109.5157135
2014-12-22 06:00:00,0.13810453970205905,9ea23099-dd30-4b26-9de7-5d42d5dae87b,46.79055,-109.5157135
2014-12-23 06:00:00,0.16809441999431682,9ea23099-dd30-4b26-9de7-5d42d5dae87b,46.79055,-109.5157135
2014-12-24 06:00:00,0.13449651013267994,9ea23099-dd30-4b26-9de7-5d42d5dae87b,46.79055,-109.5157135
2014-12-25 06:00:00,0.0008885413554305605,9ea23099-dd30-4b26-9de7-5d42d5dae87b,46.79055,-109.5157135
2014-12-26 06:00:00,0.06725392040864721,9ea23099-dd30-4b26-9de7-5d42d5dae87b,46.79055,-109.5157135
2014-12-27 06:00:00,0.11431828995952414,9ea23099-dd30-4b26-9de7-5d42d5dae87b,46.79055,-109.5157135
2014-12-28 06:00:00,0.011508503262738888,9ea23099-dd30-4b26-9de7-5d42d5dae87b,46.79055,-109.5157135
2014-12-29 06:00:00,0.0,9ea23099-dd30-4b26-9de7-5d42d5dae87b,46.79055,-109.5157135
2014-12-30 06:00:00,0.08578501234824025,9ea23099-dd30-4b26-9de7-5d42d5dae87b,46.79055,-109.5157135
2014-12-31 06:00:00,0.23675336353870216,9ea23099-dd30-4b26-9de7-5d42d5dae87b,46.79055,-109.5157135
2015-01-01 06:00:00,0.21525067242855386,9ea23099-dd30-4b26-9de7-5d42d5dae87b,46.79055,-109.5157135
2015-01-02 06:00:00,0.15742783071895092,9ea23099-dd30-4b26-9de7-5d42d5dae87b,46.79055,-109.5157135
2015-01-03 06:00:00,0.0,9ea23099-dd30-4b26-9de7-5d42d5dae87b,46.79055,-109.5157135
2015-01-04 06:00:00,0.1553574924970545,9ea23099-dd30-4b26-9de7-5d42d5dae87b,46.79055,-109.5157135
2015-01-05 06:00:00,0.17908247026780338,9ea23099-dd30-4b26-9de7-5d42d5dae87b,46.79055,-109.5157135
2015-01-06 06:00:00,0.033916230258314445,9ea23099-dd30-4b26-9de7-5d42d5dae87b,46.79055,-109.5157135
2015-01-07 06:00:00,0.35335792551784134,9ea23099-dd30-4b26-9de7-5d42d5dae87b,46.79055,-109.5157135
2015-01-08 06:00:00,0.045568856735184834,9ea23099-dd30-4b26-9de7-5d42d5dae87b,46.79055,-109.5157135
2015-01-09 06:00:00,0.20082872196097404,9ea23099-dd30-4b26-9de7-5d42d5dae87b,46.79055,-109.5157135
2015-01-10 06:00:00,0.20514692242812194,9ea23099-dd30-4b26-9de7-5d42d5dae87b,46.79055,-109.5157135
2015-01-11 06:00:00,0.04427738110323919,9ea23099-dd30-4b26-9de7-5d42d5dae87b,46.79055,-109.5157135
2015-01-12 06:00:00,0.2012632921441922,9ea23099-dd30-4b26-9de7-5d42d5dae87b,46.79055,-109.5157135
2015-01-13 06:00:00,0.1539244213586069,9ea23099-dd30-4b26-9de7-5d42d5dae87b,46.79055,-109.5157135
2015-01-14 06:00:00,0.28927048355444795,9ea23099-dd30-4b26-9de7-5d42d5dae87b,46.79055,-109.5157135
2015-01-15 06:00:00,0.4219867447942806,9ea23099-dd30-4b26-9de7-5d42d5dae87b,46.79055,-109.5157135
2015-01-16 06:00:00,0.25335890405165606,9ea23099-dd30-4b26-9de7-5d42d5dae87b,46.79055,-109.5157135
2015-01-17 06:00:00,0.25622207079511067,9ea23099-dd30-4b26-9de7-5d42d5dae87b,46.79055,-109.5157135
2015-01-18 06:00:00,0.27936859003135134,9ea23099-dd30-4b26-9de7-5d42d5dae87b,46.79055,-109.5157135
2015-01-19 06:00:00,0.2244941874144384,9ea23099-dd30-4b26-9de7-5d42d5dae87b,46.79055,-109.5157135
2015-01-20 06:00:00,0.09753701546414387,9ea23099-dd30-4b26-9de7-5d42d5dae87b,46.79055,-109.5157135
2015-01-21 06:00:00,0.08368690864212212,9ea23099-dd30-4b26-9de7-5d42d5dae87b,46.79055,-109.5157135
2015-01-22 06:00:00,0.321267981458624,9ea23099-dd30-4b26-9de7-5d42d5dae87b,46.79055,-109.5157135
2015-01-23 06:00:00,0.23549794635446647,9ea23099-dd30-4b26-9de7-5d42d5dae87b,46.79055,-109.5157135
2015-01-24 06:00:00,0.22185937371040054,9ea23099-dd30-4b26-9de7-5d42d5dae87b,46.79055,-109.5157135
2015-01-25 06:00:00,0.4762840492955898,9ea23099-dd30-4b26-9de7-5d42d5dae87b,46.79055,-109.5157135
2015-01-26 06:00:00,0.7038625702002321,9ea23099-dd30-4b26-9de7-5d42d5dae87b,46.79055,-109.5157135
2015-01-27 06:00:00,0.6829201582728361,9ea23099-dd30-4b26-9de7-5d42d5dae87b,46.79055,-109.5157135
2015-01-28 06:00:00,0.22532740925870287,9ea23099-dd30-4b26-9de7-5d42d5dae87b,46.79055,-109.5157135
2015-01-29 06:00:00,0.2837790542051767,9ea23099-dd30-4b26-9de7-5d42d5dae87b,46.79055,-109.5157135
2015-01-30 06:00:00,0.37702124456806874,9ea23099-dd30-4b26-9de7-5d42d5dae87b,46.79055,-109.5157135
2015-01-31 06:00:00,0.10952387731327617,9ea23099-dd30-4b26-9de7-5d42d5dae87b,46.79055,-109.5157135
2015-02-01 06:00:00,0.14466710057667737,9ea23099-dd30-4b26-9de7-5d42d5dae87b,46.79055,-109.5157135
2015-02-02 06:00:00,0.20125937648766545,9ea23099-dd30-4b26-9de7-5d42d5dae87b,46.79055,-109.5157135
2015-02-03 06:00:00,8.918363430605426e-05,9ea23099-dd30-4b26-9de7-5d42d5dae87b,46.79055,-109.5157135
2015-02-04 06:00:00,0.15746721773301267,9ea23099-dd30-4b26-9de7-5d42d5dae87b,46.79055,-109.5157135
2015-02-05 06:00:00,0.43238226233459087,9ea23099-dd30-4b26-9de7-5d42d5dae87b,46.79055,-109.5157135
2015-02-06 06:00:00,0.7153367672751588,9ea23099-dd30-4b26-9de7-5d42d5dae87b,46.79055,-109.5157135
2015-02-07 06:00:00,0.4519047003226413,9ea23099-dd30-4b26-9de7-5d42d5dae87b,46.79055,-109.5157135
2015-02-08 06:00:00,0.41583799988758263,9ea23099-dd30-4b26-9de7-5d42d5dae87b,46.79055,-109.5157135
2015-02-09 06:00:00,0.38123074768416143,9ea23099-dd30-4b26-9de7-5d42d5dae87b,46.79055,-109.5157135
2015-02-10 06:00:00,0.17550453267186775,9ea23099-dd30-4b26-9de7-5d42d5dae87b,46.79055,-109.5157135
2015-02-11 06:00:00,0.22549240979064214,9ea23099-dd30-4b26-9de7-5d42d5dae87b,46.79055,-109.5157135
2015-02-12 06:00:00,0.4831819541830218,9ea23099-dd30-4b26-9de7-5d42d5dae87b,46.79055,-109.5157135
2015-02-13 06:00:00,0.4967894921734773,9ea23099-dd30-4b26-9de7-5d42d5dae87b,46.79055,-109.5157135
2015-02-14 06:00:00,0.47693206497081886,9ea23099-dd30-4b26-9de7-5d42d5dae87b,46.79055,-109.5157135
2015-02-15 06:00:00,0.19690415404659115,9ea23099-dd30-4b26-9de7-5d42d5dae87b,46.79055,-109.5157135
2015-02-16 06:00:00,0.07992632737714238,9ea23099-dd30-4b26-9de7-5d42d5dae87b,46.79055,-109.5157135
2015-02-17 06:00:00,0.12837186323329547,9ea23099-dd30-4b26-9de7-5d42d5dae87b,46.79055,-109.5157135
2015-02-18 06:00:00,0.3596758714744022,9ea23099-dd30-4b26-9de7-5d42d5dae87b,46.79055,-109.5157135
2015-02-19 06:00:00,0.3635704795398363,9ea23099-dd30-4b26-9de7-5d42d5dae87b,46.79055,-109.5157135
2015-02-20 06:00:00,0.13966765685675453,9ea23099-dd30-4b26-9de7-5d42d5dae87b,46.79055,-109.5157135
2015-02-21 06:00:00,0.0,9ea23099-dd30-4b26-9de7-5d42d5dae87b,46.79055,-109.5157135
2015-02-22 06:00:00,0.12077668596721067,9ea23099-dd30-4b26-9de7-5d42d5dae87b,46.79055,-109.5157135
2015-02-23 06:00:00,0.28134180488590577,9ea23099-dd30-4b26-9de7-5d42d5dae87b,46.79055,-109.5157135
2015-02-24 06:00:00,0.3417228612438727,9ea23099-dd30-4b26-9de7-5d42d5dae87b,46.79055,-109.5157135
2015-02-25 06:00:00,0.01419982079251017,9ea23099-dd30-4b26-9de7-5d42d5dae87b,46.79055,-109.5157135
2015-02-26 06:00:00,0.041720686055304476,9ea23099-dd30-4b26-9de7-5d42d5dae87b,46.79055,-109.5157135
2015-02-27 06:00:00,0.13132600385033705,9ea23099-dd30-4b26-9de7-5d42d5dae87b,46.79055,-109.5157135
2015-02-28 06:00:00,0.10522773293356444,9ea23099-dd30-4b26-9de7-5d42d5dae87b,46.79055,-109.5157135
2015-03-01 06:00:00,0.18160564969017942,9ea23099-dd30-4b26-9de7-5d42d5dae87b,46.79055,-109.5157135
2015-03-02 06:00:00,0.15996248661848722,9ea23099-dd30-4b26-9de7-5d42d5dae87b,46.79055,-109.5157135
2015-03-03 06:00:00,0.017825875413451563,9ea23099-dd30-4b26-9de7-5d42d5dae87b,46.79055,-109.5157135
2015-03-04 06:00:00,0.1599839466400055,9ea23099-dd30-4b26-9de7-5d42d5dae87b,46.79055,-109.5157135
2015-03-05 06:00:00,0.332870276417674,9ea23099-dd30-4b26-9de7-5d42d5dae87b,46.79055,-109.5157135
2015-03-06 06:00:00,0.46007415683427333,9ea23099-dd30-4b26-9de7-5d42d5dae87b,46.79055,-109.5157135
2015-03-07 06:00:00,0.37348839173333565,9ea23099-dd30-4b26-9de7-5d42d5dae87b,46.79055,-109.5157135
2015-03-08 06:00:00,0.4137953096410123,9ea23099-dd30-4b26-9de7-5d42d5dae87b,46.79055,-109.5157135
2015-03-09 06:00:00,0.5404864853890515,9ea23099-dd30-4b26-9de7-5d42d5dae87b,46.79055,-109.5157135
2015-03-10 06:00:00,0.6666967120631646,9ea23099-dd30-4b26-9de7-5d42d5dae87b,46.79055,-109.5157135
2015-03-11 06:00:00,0.7920143715907471,9ea23099-dd30-4b26-9de7-5d42d5dae87b,46.79055,-109.5157135
2015-03-12 06:00:00,0.5235593593079038,9ea23099-dd30-4b26-9de7-5d42d5dae87b,46.79055,-109.5157135
2015-03-13 06:00:00,0.5611726842587001,9ea23099-dd30-4b26-9de7-5d42d5dae87b,46.79055,-109.5157135
2015-03-14 06:00:00,0.8510925661811428,9ea23099-dd30-4b26-9de7-5d42d5dae87b,46.79055,-109.5157135
2015-03-15 06:00:00,0.4888239285360229,9ea23099-dd30-4b26-9de7-5d42d5dae87b,46.79055,-109.5157135
2015-03-16 06:00:00,0.19935682749550926,9ea23099-dd30-4b26-9de7-5d42d5dae87b,46.79055,-109.5157135
2015-03-17 06:00:00,0.2605336057963271,9ea23099-dd30-4b26-9de7-5d42d5dae87b,46.79055,-109.5157135
2015-03-18 06:00:00,0.20098837825894766,9ea23099-dd30-4b26-9de7-5d42d5dae87b,46.79055,-109.5157135
2015-03-19 06:00:00,0.4277233925067173,9ea23099-dd30-4b26-9de7-5d42d5dae87b,46.79055,-109.5157135
2015-03-20 06:00:00,0.7873404276807133,9ea23099-dd30-4b26-9de7-5d42d5dae87b,46.79055,-109.5157135
2015-03-21 06:00:00,0.660596310884695,9ea23099-dd30-4b26-9de7-5d42d5dae87b,46.79055,-109.5157135
2015-03-22 06:00:00,0.639431230749818,9ea23099-dd30-4b26-9de7-5d42d5dae87b,46.79055,-109.5157135
2015-03-23 06:00:00,0.6976184565638831,9ea23099-dd30-4b26-9de7-5d42d5dae87b,46.79055,-109.5157135
2015-03-24 06:00:00,0.26531946983590765,9ea23099-dd30-4b26-9de7-5d42d5dae87b,46.79055,-109.5157135
2015-03-25 06:00:00,0.3077801305294452,9ea23099-dd30-4b26-9de7-5d42d5dae87b,46.79055,-109.5157135
2015-03-26 06:00:00,0.4815723920169606,9ea23099-dd30-4b26-9de7-5d42d5dae87b,46.79055,-109.5157135
2015-03-27 06:00:00,0.8018201878781102,9ea23099-dd30-4b26-9de7-5d42d5dae87b,46.79055,-109.5157135
2015-03-28 06:00:00,0.6095734901648364,9ea23099-dd30-4b26-9de7-5d42d5dae87b,46.79055,-109.5157135
2015-03-29 06:00:00,0.5349422071245903,9ea23099-dd30-4b26-9de7-5d42d5dae87b,46.79055,-109.5157135
2015-03-30 06:00:00,0.7552542104434468,9ea23099-dd30-4b26-9de7-5d42d5dae87b,46.79055,-109.5157135
2015-03-31 06:00:00,0.7773115116752398,9ea23099-dd30-4b26-9de7-5d42d5dae87b,46.79055,-109.5157135
2015-04-01 06:00:00,0.20766258770632406,9ea23099-dd30-4b26-9de7-5d42d5dae87b,46.79055,-109.5157135
2015-04-02 06:00:00,0.21689076733350332,9ea23099-dd30-4b26-9de7-5d42d5dae87b,46.79055,-109.5157135
2015-04-03 06:00:00,0.3986922845452089,9ea23099-dd30-4b26-9de7-5d42d5dae87b,46.79055,-109.5157135
2015-04-04 06:00:00,0.42417553739576797,9ea23099-dd30-4b26-9de7-5d42d5dae87b,46.79055,-109.5157135
2015-04-05 06:00:00,0.18557959112244612,9ea23099-dd30-4b26-9de7-5d42d5dae87b,46.79055,-109.5157135
2015-04-06 06:00:00,0.027578067777593994,9ea23099-dd30-4b26-9de7-5d42d5dae87b,46.79055,-109.5157135
2015-04-07 06:00:00,0.3084445260594945,9ea23099-dd30-4b26-9de7-5d42d5dae87b,46.79055,-109.5157135
2015-04-08 06:00:00,0.42008332939305776,9ea23099-dd30-4b26-9de7-5d42d5dae87b,46.79055,-109.5157135
2015-04-09 06:00:00,0.429197643614189,9ea23099-dd30-4b26-9de7-5d42d5dae87b,46.79055,-109.5157135
2015-04-10 06:00:00,0.6027058871780953,9ea23099-dd30-4b26-9de7-5d42d5dae87b,46.79055,-109.5157135
2015-04-11 06:00:00,0.5063921988062327,9ea23099-dd30-4b26-9de7-5d42d5dae87b,46.79055,-109.5157135
2015-04-12 06:00:00,0.34146164965131137,9ea23099-dd30-4b26-9de7-5d42d5dae87b,46.79055,-109.5157135
2015-04-13 06:00:00,0.6864986056753981,9ea23099-dd30-4b26-9de7-5d42d5dae87b,46.79055,-109.5157135
2015-04-14 06:00:00,0.8764388322414834,9ea23099-dd30-4b26-9de7-5d42d5dae87b,46.79055,-109.5157135
2015-04-15 06:00:00,0.09217465860373258,9ea23099-dd30-4b26-9de7-5d42d5dae87b,46.79055,-109.5157135
2015-04-16 06:00:00,0.5159935436701525,9ea23099-dd30-4b26-9de7-5d42d5dae87b,46.79055,-109.5157135
2015-04-17 06:00:00,0.8311235361605984,9ea23099-dd30-4b26-9de7-5d42d5dae87b,46.79055,-109.5157135
2015-04-18 06:00:00,0.26313554490380997,9ea23099-dd30-4b26-9de7-5d42d5dae87b,46.79055,-109.5157135
2015-04-19 06:00:00,0.366964962865625,9ea23099-dd30-4b26-9de7-5d42d5dae87b,46.79055,-109.5157135
2015-04-20 06:00:00,0.5502717795064639,9ea23099-dd30-4b26-9de7-5d42d5dae87b,46.79055,-109.5157135
2015-04-21 06:00:00,0.7388673028567941,9ea23099-dd30-4b26-9de7-5d42d5dae87b,46.79055,-109.5157135
2015-04-22 06:00:00,0.7789755633899141,9ea23099-dd30-4b26-9de7-5d42d5dae87b,46.79055,-109.5157135
2015-04-23 06:00:00,0.5860806158922275,9ea23099-dd30-4b26-9de7-5d42d5dae87b,46.79055,-109.5157135
2015-04-24 06:00:00,0.5292256694118319,9ea23099-dd30-4b26-9de7-5d42d5dae87b,46.79055,-109.5157135
2015-04-25 06:00:00,0.04714238980804482,9ea23099-dd30-4b26-9de7-5d42d5dae87b,46.79055,-109.5157135
2015-04-26 06:00:00,0.14714161707704904,9ea23099-dd30-4b26-9de7-5d42d5dae87b,46.79055,-109.5157135
2015-04-27 06:00:00,0.47041045671867565,9ea23099-dd30-4b26-9de7-5d42d5dae87b,46.79055,-109.5157135
2015-04-28 06:00:00,0.9263388332278054,9ea23099-dd30-4b26-9de7-5d42d5dae87b,46.79055,-109.5157135
2015-04-29 06:00:00,1.0659882616290643,9ea23099-dd30-4b26-9de7-5d42d5dae87b,46.79055,-109.5157135
2015-04-30 06:00:00,0.4749320087117184,9ea23099-dd30-4b26-9de7-5d42d5dae87b,46.79055,-109.5157135
2015-05-01 06:00:00,0.7816996787275585,9ea23099-dd30-4b26-9de7-5d42d5dae87b,46.79055,-109.5157135
2015-05-02 06:00:00,0.753959673881946,9ea23099-dd30-4b26-9de7-5d42d5dae87b,46.79055,-109.5157135
2015-05-03 06:00:00,0.5711143432697767,9ea23099-dd30-4b26-9de7-5d42d5dae87b,46.79055,-109.5157135
2015-05-04 06:00:00,0.7898162668278822,9ea23099-dd30-4b26-9de7-5d42d5dae87b,46.79055,-109.5157135
2015-05-05 06:00:00,0.9327676010152601,9ea23099-dd30-4b26-9de7-5d42d5dae87b,46.79055,-109.5157135
2015-05-06 06:00:00,0.25403700731305295,9ea23099-dd30-4b26-9de7-5d42d5dae87b,46.79055,-109.5157135
2015-05-07 06:00:00,0.23633084100920973,9ea23099-dd30-4b26-9de7-5d42d5dae87b,46.79055,-109.5157135
2015-05-08 06:00:00,0.16352741055528044,9ea23099-dd30-4b26-9de7-5d42d5dae87b,46.79055,-109.5157135
2015-05-09 06:00:00,0.24718090977506768,9ea23099-dd30-4b26-9de7-5d42d5dae87b,46.79055,-109.5157135
2015-05-10 06:00:00,0.40617374515076543,9ea23099-dd30-4b26-9de7-5d42d5dae87b,46.79055,-109.5157135
2015-05-11 06:00:00,0.6387655060050378,9ea23099-dd30-4b26-9de7-5d42d5dae87b,46.79055,-109.5157135
2015-05-12 06:00:00,0.41163219584197525,9ea23099-dd30-4b26-9de7-5d42d5dae87b,46.79055,-109.5157135
2015-05-13 06:00:00,0.5252865234630032,9ea23099-dd30-4b26-9de7-5d42d5dae87b,46.79055,-109.5157135
2015-05-14 06:00:00,0.30873472272103664,9ea23099-dd30-4b26-9de7-5d42d5dae87b,46.79055,-109.5157135
2015-05-15 06:00:00,0.18508691845610997,9ea23099-dd30-4b26-9de7-5d42d5dae87b,46.79055,-109.5157135
2015-05-16 06:00:00,0.0034507026227405257,9ea23099-dd30-4b26-9de7-5d42d5dae87b,46.79055,-109.5157135
2015-05-17 06:00:00,0.0,9ea23099-dd30-4b26-9de7-5d42d5dae87b,46.79055,-109.5157135
2015-05-18 06:00:00,0.2337460451035757,9ea23099-dd30-4b26-9de7-5d42d5dae87b,46.79055,-109.5157135
2015-05-19 06:00:00,0.4338520537633513,9ea23099-dd30-4b26-9de7-5d42d5dae87b,46.79055,-109.5157135
2015-05-20 06:00:00,0.47142706100118287,9ea23099-dd30-4b26-9de7-5d42d5dae87b,46.79055,-109.5157135
2015-05-21 06:00:00,0.6101512089112078,9ea23099-dd30-4b26-9de7-5d42d5dae87b,46.79055,-109.5157135
2015-05-22 06:00:00,0.49518222611021073,9ea23099-dd30-4b26-9de7-5d42d5dae87b,46.79055,-109.5157135
2015-05-23 06:00:00,0.16197941110888006,9ea23099-dd30-4b26-9de7-5d42d5dae87b,46.79055,-109.5157135
2015-05-24 06:00:00,0.20131885574462102,9ea23099-dd30-4b26-9de7-5d42d5dae87b,46.79055,-109.5157135
2015-05-25 06:00:00,0.4676881549094611,9ea23099-dd30-4b26-9de7-5d42d5dae87b,46.79055,-109.5157135
2015-05-26 06:00:00,0.4390929552113137,9ea23099-dd30-4b26-9de7-5d42d5dae87b,46.79055,-109.5157135
2015-05-27 06:00:00,0.32702224065617813,9ea23099-dd30-4b26-9de7-5d42d5dae87b,46.79055,-109.5157135
2015-05-28 06:00:00,0.27438434335412876,9ea23099-dd30-4b26-9de7-5d42d5dae87b,46.79055,-109.5157135
2015-05-29 06:00:00,0.34575197614651515,9ea23099-dd30-4b26-9de7-5d42d5dae87b,46.79055,-109.5157135
2015-05-30 06:00:00,0.5294095620980245,9ea23099-dd30-4b26-9de7-5d42d5dae87b,46.79055,-109.5157135
2015-05-31 06:00:00,0.5917248771581084,9ea23099-dd30-4b26-9de7-5d42d5dae87b,46.79055,-109.5157135
2015-06-01 06:00:00,0.7904565826006467,9ea23099-dd30-4b26-9de7-5d42d5dae87b,46.79055,-109.5157135
2015-06-02 06:00:00,0.24965531250481401,9ea23099-dd30-4b26-9de7-5d42d5dae87b,46.79055,-109.5157135
2015-06-03 06:00:00,0.4047357272551449,9ea23099-dd30-4b26-9de7-5d42d5dae87b,46.79055,-109.5157135
2015-06-04 06:00:00,0.3748765690868739,9ea23099-dd30-4b26-9de7-5d42d5dae87b,46.79055,-109.5157135
2015-06-05 06:00:00,0.2769510718224771,9ea23099-dd30-4b26-9de7-5d42d5dae87b,46.79055,-109.5157135
2015-06-06 06:00:00,0.5703286557662778,9ea23099-dd30-4b26-9de7-5d42d5dae87b,46.79055,-109.5157135
2015-06-07 06:00:00,0.9466333650441949,9ea23099-dd30-4b26-9de7-5d42d5dae87b,46.79055,-109.5157135
2015-06-08 06:00:00,1.2008914530069568,9ea23099-dd30-4b26-9de7-5d42d5dae87b,46.79055,-109.5157135
2015-06-09 06:00:00,1.1058545234103647,9ea23099-dd30-4b26-9de7-5d42d5dae87b,46.79055,-109.5157135
2015-06-10 06:00:00,0.4161550567748238,9ea23099-dd30-4b26-9de7-5d42d5dae87b,46.79055,-109.5157135
2015-06-11 06:00:00,0.7632033891378791,9ea23099-dd30-4b26-9de7-5d42d5dae87b,46.79055,-109.5157135
2015-06-12 06:00:00,0.8718717398855326,9ea23099-dd30-4b26-9de7-5d42d5dae87b,46.79055,-109.5157135
2015-06-13 06:00:00,0.7719702303201893,9ea23099-dd30-4b26-9de7-5d42d5dae87b,46.79055,-109.5157135
2015-06-14 06:00:00,0.29384993416507066,9ea23099-dd30-4b26-9de7-5d42d5dae87b,46.79055,-109.5157135
2015-06-15 06:00:00,0.282435698506101,9ea23099-dd30-4b26-9de7-5d42d5dae87b,46.79055,-109.5157135
2015-06-16 06:00:00,0.5873225380630858,9ea23099-dd30-4b26-9de7-5d42d5dae87b,46.79055,-109.5157135
2015-06-17 06:00:00,0.7960072473885704,9ea23099-dd30-4b26-9de7-5d42d5dae87b,46.79055,-109.5157135
2015-06-18 06:00:00,0.7629188801768763,9ea23099-dd30-4b26-9de7-5d42d5dae87b,46.79055,-109.5157135
2015-06-19 06:00:00,0.666237132578361,9ea23099-dd30-4b26-9de7-5d42d5dae87b,46.79055,-109.5157135
2015-06-20 06:00:00,0.8056835198340099,9ea23099-dd30-4b26-9de7-5d42d5dae87b,46.79055,-109.5157135
2015-06-21 06:00:00,0.9073847694783259,9ea23099-dd30-4b26-9de7-5d42d5dae87b,46.79055,-109.5157135
2015-06-22 06:00:00,0.665598322497843,9ea23099-dd30-4b26-9de7-5d42d5dae87b,46.79055,-109.5157135
2015-06-23 06:00:00,1.037002111457366,9ea23099-dd30-4b26-9de7-5d42d5dae87b,46.79055,-109.5157135
2015-06-24 06:00:00,0.8692265944717652,9ea23099-dd30-4b26-9de7-5d42d5dae87b,46.79055,-109.5157135
2015-06-25 06:00:00,1.00279890847123,9ea23099-dd30-4b26-9de7-5d42d5dae87b,46.79055,-109.5157135
2015-06-26 06:00:00,1.3613543247719673,9ea23099-dd30-4b26-9de7-5d42d5dae87b,46.79055,-109.5157135
2015-06-27 06:00:00,1.6979266339685855,9ea23099-dd30-4b26-9de7-5d42d5dae87b,46.79055,-109.5157135
2015-06-28 06:00:00,1.7666226649325896,9ea23099-dd30-4b26-9de7-5d42d5dae87b,46.79055,-109.5157135
2015-06-29 06:00:00,1.6400312277705824,9ea23099-dd30-4b26-9de7-5d42d5dae87b,46.79055,-109.5157135
2015-06-30 06:00:00,1.3420318853149011,9ea23099-dd30-4b26-9de7-5d42d5dae87b,46.79055,-109.5157135
2015-07-01 06:00:00,1.131750455924443,9ea23099-dd30-4b26-9de7-5d42d5dae87b,46.79055,-109.5157135
2015-07-02 06:00:00,0.8563877552332362,9ea23099-dd30-4b26-9de7-5d42d5dae87b,46.79055,-109.5157135
2015-07-03 06:00:00,1.3002409107386024,9ea23099-dd30-4b26-9de7-5d42d5dae87b,46.79055,-109.5157135
2015-07-04 06:00:00,1.4444445315553749,9ea23099-dd30-4b26-9de7-5d42d5dae87b,46.79055,-109.5157135
2015-07-05 06:00:00,0.08880291025086146,9ea23099-dd30-4b26-9de7-5d42d5dae87b,46.79055,-109.5157135
2015-07-06 06:00:00,0.6265752892876335,9ea23099-dd30-4b26-9de7-5d42d5dae87b,46.79055,-109.5157135
2015-07-07 06:00:00,0.7045793156902133,9ea23099-dd30-4b26-9de7-5d42d5dae87b,46.79055,-109.5157135
2015-07-08 06:00:00,0.8736975727284825,9ea23099-dd30-4b26-9de7-5d42d5dae87b,46.79055,-109.5157135
2015-07-09 06:00:00,1.2878928689175777,9ea23099-dd30-4b26-9de7-5d42d5dae87b,46.79055,-109.5157135
2015-07-10 06:00:00,1.2682850534284569,9ea23099-dd30-4b26-9de7-5d42d5dae87b,46.79055,-109.5157135
2015-07-11 06:00:00,0.6928821944401237,9ea23099-dd30-4b26-9de7-5d42d5dae87b,46.79055,-109.5157135
2015-07-12 06:00:00,0.8315744200649989,9ea23099-dd30-4b26-9de7-5d42d5dae87b,46.79055,-109.5157135
2015-07-13 06:00:00,1.001927858757225,9ea23099-dd30-4b26-9de7-5d42d5dae87b,46.79055,-109.5157135
2015-07-14 06:00:00,0.9285970974051577,9ea23099-dd30-4b26-9de7-5d42d5dae87b,46.79055,-109.5157135
2015-07-15 06:00:00,0.9316975454108639,9ea23099-dd30-4b26-9de7-5d42d5dae87b,46.79055,-109.5157135
2015-07-16 06:00:00,0.9481363986011995,9ea23099-dd30-4b26-9de7-5d42d5dae87b,46.79055,-109.5157135
2015-07-17 06:00:00,0.5816792759018907,9ea23099-dd30-4b26-9de7-5d42d5dae87b,46.79055,-109.5157135
2015-07-18 06:00:00,0.6844993741981658,9ea23099-dd30-4b26-9de7-5d42d5dae87b,46.79055,-109.5157135
2015-07-19 06:00:00,1.012348124166814,9ea23099-dd30-4b26-9de7-5d42d5dae87b,46.79055,-109.5157135
2015-07-20 06:00:00,1.400595242864994,9ea23099-dd30-4b26-9de7-5d42d5dae87b,46.79055,-109.5157135
2015-07-21 06:00:00,1.3585579418139173,9ea23099-dd30-4b26-9de7-5d42d5dae87b,46.79055,-109.5157135
2015-07-22 06:00:00,1.2355791989726883,9ea23099-dd30-4b26-9de7-5d42d5dae87b,46.79055,-109.5157135
2015-07-23 06:00:00,0.8464060755972247,9ea23099-dd30-4b26-9de7-5d42d5dae87b,46.79055,-109.5157135
2015-07-24 06:00:00,1.1626976723247286,9ea23099-dd30-4b26-9de7-5d42d5dae87b,46.79055,-109.5157135
2015-07-25 06:00:00,1.3584203464644293,9ea23099-dd30-4b26-9de7-5d42d5dae87b,46.79055,-109.5157135
2015-07-26 06:00:00,1.297212937048503,9ea23099-dd30-4b26-9de7-5d42d5dae87b,46.79055,-109.5157135
2015-07-27 06:00:00,0.3761680004177193,9ea23099-dd30-4b26-9de7-5d42d5dae87b,46.79055,-109.5157135
2015-07-28 06:00:00,0.5300091467148751,9ea23099-dd30-4b26-9de7-5d42d5dae87b,46.79055,-109.5157135
2015-07-29 06:00:00,0.8941435174244203,9ea23099-dd30-4b26-9de7-5d42d5dae87b,46.79055,-109.5157135
2015-07-30 06:00:00,1.2758892751736919,9ea23099-dd30-4b26-9de7-5d42d5dae87b,46.79055,-109.5157135
2015-07-31 06:00:00,1.424036724226815,9ea23099-dd30-4b26-9de7-5d42d5dae87b,46.79055,-109.5157135
2015-08-01 06:00:00,1.6587597819155515,9ea23099-dd30-4b26-9de7-5d42d5dae87b,46.79055,-109.5157135
2015-08-02 06:00:00,1.3936690020436606,9ea23099-dd30-4b26-9de7-5d42d5dae87b,46.79055,-109.5157135
2015-08-03 06:00:00,1.38922478783006,9ea23099-dd30-4b26-9de7-5d42d5dae87b,46.79055,-109.5157135
2015-08-04 06:00:00,0.7344631916139183,9ea23099-dd30-4b26-9de7-5d42d5dae87b,46.79055,-109.5157135
2015-08-05 06:00:00,0.7010356284911622,9ea23099-dd30-4b26-9de7-5d42d5dae87b,46.79055,-109.5157135
2015-08-06 06:00:00,0.8057254006638344,9ea23099-dd30-4b26-9de7-5d42d5dae87b,46.79055,-109.5157135
2015-08-07 06:00:00,0.8767044933623137,9ea23099-dd30-4b26-9de7-5d42d5dae87b,46.79055,-109.5157135
2015-08-08 06:00:00,0.6468639510330005,9ea23099-dd30-4b26-9de7-5d42d5dae87b,46.79055,-109.5157135
2015-08-09 06:00:00,0.8883454997988113,9ea23099-dd30-4b26-9de7-5d42d5dae87b,46.79055,-109.5157135
2015-08-10 06:00:00,1.3059153220379391,9ea23099-dd30-4b26-9de7-5d42d5dae87b,46.79055,-109.5157135
2015-08-11 06:00:00,1.7519790313177408,9ea23099-dd30-4b26-9de7-5d42d5dae87b,46.79055,-109.5157135
2015-08-12 06:00:00,1.5050354558416357,9ea23099-dd30-4b26-9de7-5d42d5dae87b,46.79055,-109.5157135
2015-08-13 06:00:00,1.5799965516823091,9ea23099-dd30-4b26-9de7-5d42d5dae87b,46.79055,-109.5157135
2015-08-14 06:00:00,1.769129183753442,9ea23099-dd30-4b26-9de7-5d42d5dae87b,46.79055,-109.5157135
2015-08-15 06:00:00,0.7707722761282104,9ea23099-dd30-4b26-9de7-5d42d5dae87b,46.79055,-109.5157135
2015-08-16 06:00:00,0.6061679186617455,9ea23099-dd30-4b26-9de7-5d42d5dae87b,46.79055,-109.5157135
2015-08-17 06:00:00,0.2063397428325867,9ea23099-dd30-4b26-9de7-5d42d5dae87b,46.79055,-109.5157135
2015-08-18 06:00:00,0.0732045762422608,9ea23099-dd30-4b26-9de7-5d42d5dae87b,46.79055,-109.5157135
2015-08-19 06:00:00,0.7715268874936817,9ea23099-dd30-4b26-9de7-5d42d5dae87b,46.79055,-109.5157135
2015-08-20 06:00:00,0.9856955155159121,9ea23099-dd30-4b26-9de7-5d42d5dae87b,46.79055,-109.5157135
2015-08-21 06:00:00,1.067400474477728,9ea23099-dd30-4b26-9de7-5d42d5dae87b,46.79055,-109.5157135
2015-08-22 06:00:00,0.20558084779863572,9ea23099-dd30-4b26-9de7-5d42d5dae87b,46.79055,-109.5157135
2015-08-23 06:00:00,0.9382092992706994,9ea23099-dd30-4b26-9de7-5d42d5dae87b,46.79055,-109.5157135
2015-08-24 06:00:00,1.6113057953763088,9ea23099-dd30-4b26-9de7-5d42d5dae87b,46.79055,-109.5157135
2015-08-25 06:00:00,1.6720815974868546,9ea23099-dd30-4b26-9de7-5d42d5dae87b,46.79055,-109.5157135
2015-08-26 06:00:00,1.6569456908761,9ea23099-dd30-4b26-9de7-5d42d5dae87b,46.79055,-109.5157135
2015-08-27 06:00:00,1.3070738580376429,9ea23099-dd30-4b26-9de7-5d42d5dae87b,46.79055,-109.5157135
2015-08-28 06:00:00,1.474621556984838,9ea23099-dd30-4b26-9de7-5d42d5dae87b,46.79055,-109.5157135
2015-08-29 06:00:00,1.4283309588241242,9ea23099-dd30-4b26-9de7-5d42d5dae87b,46.79055,-109.5157135
2015-08-30 06:00:00,0.8068134815331535,9ea23099-dd30-4b26-9de7-5d42d5dae87b,46.79055,-109.5157135
2015-08-31 06:00:00,0.8680906580819483,9ea23099-dd30-4b26-9de7-5d42d5dae87b,46.79055,-109.5157135
2015-09-01 06:00:00,1.2997634594656446,9ea23099-dd30-4b26-9de7-5d42d5dae87b,46.79055,-109.5157135
2015-09-02 06:00:00,1.4722251190125735,9ea23099-dd30-4b26-9de7-5d42d5dae87b,46.79055,-109.5157135
2015-09-03 06:00:00,0.7819425697318352,9ea23099-dd30-4b26-9de7-5d42d5dae87b,46.79055,-109.5157135
2015-09-04 06:00:00,0.24823745146705295,9ea23099-dd30-4b26-9de7-5d42d5dae87b,46.79055,-109.5157135
2015-09-05 06:00:00,0.004068498145983608,9ea23099-dd30-4b26-9de7-5d42d5dae87b,46.79055,-109.5157135
2015-09-06 06:00:00,0.5557543300481623,9ea23099-dd30-4b26-9de7-5d42d5dae87b,46.79055,-109.5157135
2015-09-07 06:00:00,0.5268557952256153,9ea23099-dd30-4b26-9de7-5d42d5dae87b,46.79055,-109.5157135
2015-09-08 06:00:00,0.7287611550155,9ea23099-dd30-4b26-9de7-5d42d5dae87b,46.79055,-109.5157135
2015-09-09 06:00:00,0.8120392774351797,9ea23099-dd30-4b26-9de7-5d42d5dae87b,46.79055,-109.5157135
2015-09-10 06:00:00,0.7916074205670206,9ea23099-dd30-4b26-9de7-5d42d5dae87b,46.79055,-109.5157135
2015-09-11 06:00:00,0.9913022520234774,9ea23099-dd30-4b26-9de7-5d42d5dae87b,46.79055,-109.5157135
2015-09-12 06:00:00,1.4032505064268144,9ea23099-dd30-4b26-9de7-5d42d5dae87b,46.79055,-109.5157135
2015-09-13 06:00:00,1.4342142610392086,9ea23099-dd30-4b26-9de7-5d42d5dae87b,46.79055,-109.5157135
2015-09-14 06:00:00,1.2187876666049091,9ea23099-dd30-4b26-9de7-5d42d5dae87b,46.79055,-109.5157135
2015-09-15 06:00:00,0.37872551433508395,9ea23099-dd30-4b26-9de7-5d42d5dae87b,46.79055,-109.5157135
2015-09-16 06:00:00,0.07146894013450743,9ea23099-dd30-4b26-9de7-5d42d5dae87b,46.79055,-109.5157135
2015-09-17 06:00:00,0.3328336520633215,9ea23099-dd30-4b26-9de7-5d42d5dae87b,46.79055,-109.5157135
2015-09-18 06:00:00,0.40824005085624465,9ea23099-dd30-4b26-9de7-5d42d5dae87b,46.79055,-109.5157135
2015-09-19 06:00:00,0.709448018815459,9ea23099-dd30-4b26-9de7-5d42d5dae87b,46.79055,-109.5157135
2015-09-20 06:00:00,0.9517338349636422,9ea23099-dd30-4b26-9de7-5d42d5dae87b,46.79055,-109.5157135
2015-09-21 06:00:00,0.8092126499485054,9ea23099-dd30-4b26-9de7-5d42d5dae87b,46.79055,-109.5157135
2015-09-22 06:00:00,0.9492343359915636,9ea23099-dd30-4b26-9de7-5d42d5dae87b,46.79055,-109.5157135
2015-09-23 06:00:00,1.1425483971314976,9ea23099-dd30-4b26-9de7-5d42d5dae87b,46.79055,-109.5157135
2015-09-24 06:00:00,1.2282938719418819,9ea23099-dd30-4b26-9de7-5d42d5dae87b,46.79055,-109.5157135
2015-09-25 06:00:00,1.6357961204616864,9ea23099-dd30-4b26-9de7-5d42d5dae87b,46.79055,-109.5157135
2015-09-26 06:00:00,1.3876493122519515,9ea23099-dd30-4b26-9de7-5d42d5dae87b,46.79055,-109.5157135
2015-09-27 06:00:00,0.7925030568854731,9ea23099-dd30-4b26-9de7-5d42d5dae87b,46.79055,-109.5157135
2015-09-28 06:00:00,0.7642829688687771,9ea23099-dd30-4b26-9de7-5d42d5dae87b,46.79055,-109.5157135
2015-09-29 06:00:00,1.0267830260539303,9ea23099-dd30-4b26-9de7-5d42d5dae87b,46.79055,-109.5157135
2015-09-30 06:00:00,1.1311036112624175,9ea23099-dd30-4b26-9de7-5d42d5dae87b,46.79055,-109.5157135
2015-10-01 06:00:00,0.7216397924705663,9ea23099-dd30-4b26-9de7-5d42d5dae87b,46.79055,-109.5157135
2015-10-02 06:00:00,0.3700825918063469,9ea23099-dd30-4b26-9de7-5d42d5dae87b,46.79055,-109.5157135
2015-10-03 06:00:00,0.002350954465464224,9ea23099-dd30-4b26-9de7-5d42d5dae87b,46.79055,-109.5157135
2015-10-04 06:00:00,0.03458807896498189,9ea23099-dd30-4b26-9de7-5d42d5dae87b,46.79055,-109.5157135
2015-10-05 06:00:00,0.18262376390942708,9ea23099-dd30-4b26-9de7-5d42d5dae87b,46.79055,-109.5157135
2015-10-06 06:00:00,0.519626304455335,9ea23099-dd30-4b26-9de7-5d42d5dae87b,46.79055,-109.5157135
2015-10-07 06:00:00,0.6982146528020552,9ea23099-dd30-4b26-9de7-5d42d5dae87b,46.79055,-109.5157135
2015-10-08 06:00:00,0.3766742278318786,9ea23099-dd30-4b26-9de7-5d42d5dae87b,46.79055,-109.5157135
2015-10-09 06:00:00,0.8988971203461755,9ea23099-dd30-4b26-9de7-5d42d5dae87b,46.79055,-109.5157135
2015-10-10 06:00:00,1.3016183550764873,9ea23099-dd30-4b26-9de7-5d42d5dae87b,46.79055,-109.5157135
2015-10-11 06:00:00,0.5364561827029084,9ea23099-dd30-4b26-9de7-5d42d5dae87b,46.79055,-109.5157135
2015-10-12 06:00:00,0.8874160298487034,9ea23099-dd30-4b26-9de7-5d42d5dae87b,46.79055,-109.5157135
2015-10-13 06:00:00,0.7748240564239148,9ea23099-dd30-4b26-9de7-5d42d5dae87b,46.79055,-109.5157135
2015-10-14 06:00:00,0.4760784691374892,9ea23099-dd30-4b26-9de7-5d42d5dae87b,46.79055,-109.5157135
2015-10-15 06:00:00,0.39213547858211634,9ea23099-dd30-4b26-9de7-5d42d5dae87b,46.79055,-109.5157135
2015-10-16 06:00:00,0.8046033789991086,9ea23099-dd30-4b26-9de7-5d42d5dae87b,46.79055,-109.5157135
2015-10-17 06:00:00,1.0483487927539836,9ea23099-dd30-4b26-9de7-5d42d5dae87b,46.79055,-109.5157135
2015-10-18 06:00:00,0.9286687582835088,9ea23099-dd30-4b26-9de7-5d42d5dae87b,46.79055,-109.5157135
2015-10-19 06:00:00,0.5502245616725927,9ea23099-dd30-4b26-9de7-5d42d5dae87b,46.79055,-109.5157135
2015-10-20 06:00:00,0.005728370552227056,9ea23099-dd30-4b26-9de7-5d42d5dae87b,46.79055,-109.5157135
2015-10-21 06:00:00,0.3777052322435046,9ea23099-dd30-4b26-9de7-5d42d5dae87b,46.79055,-109.5157135
2015-10-22 06:00:00,0.5000923120186304,9ea23099-dd30-4b26-9de7-5d42d5dae87b,46.79055,-109.5157135
2015-10-23 06:00:00,0.30466363207803776,9ea23099-dd30-4b26-9de7-5d42d5dae87b,46.79055,-109.5157135
2015-10-24 06:00:00,0.445314649842965,9ea23099-dd30-4b26-9de7-5d42d5dae87b,46.79055,-109.5157135
2015-10-25 06:00:00,0.43942624338308695,9ea23099-dd30-4b26-9de7-5d42d5dae87b,46.79055,-109.5157135
2015-10-26 06:00:00,0.20845043041357172,9ea23099-dd30-4b26-9de7-5d42d5dae87b,46.79055,-109.5157135
2015-10-27 06:00:00,0.020744023907066478,9ea23099-dd30-4b26-9de7-5d42d5dae87b,46.79055,-109.5157135
2015-10-28 06:00:00,0.1540039788788827,9ea23099-dd30-4b26-9de7-5d42d5dae87b,46.79055,-109.5157135
2015-10-29 06:00:00,0.2299803194268655,9ea23099-dd30-4b26-9de7-5d42d5dae87b,46.79055,-109.5157135
2015-10-30 06:00:00,0.2679445735253523,9ea23099-dd30-4b26-9de7-5d42d5dae87b,46.79055,-109.5157135
2015-10-31 06:00:00,0.3464911401479501,9ea23099-dd30-4b26-9de7-5d42d5dae87b,46.79055,-109.5157135
2015-11-01 06:00:00,0.39543281352789966,9ea23099-dd30-4b26-9de7-5d42d5dae87b,46.79055,-109.5157135
2015-11-02 06:00:00,0.2995334775917206,9ea23099-dd30-4b26-9de7-5d42d5dae87b,46.79055,-109.5157135
2015-11-03 06:00:00,0.09495461914519605,9ea23099-dd30-4b26-9de7-5d42d5dae87b,46.79055,-109.5157135
2015-11-04 06:00:00,0.024428410105121673,9ea23099-dd30-4b26-9de7-5d42d5dae87b,46.79055,-109.5157135
2015-11-05 06:00:00,0.06214070753340417,9ea23099-dd30-4b26-9de7-5d42d5dae87b,46.79055,-109.5157135
2015-11-06 06:00:00,0.09936747282016568,9ea23099-dd30-4b26-9de7-5d42d5dae87b,46.79055,-109.5157135
2015-11-07 06:00:00,0.28899059164295626,9ea23099-dd30-4b26-9de7-5d42d5dae87b,46.79055,-109.5157135
2015-11-08 06:00:00,0.49085145267148467,9ea23099-dd30-4b26-9de7-5d42d5dae87b,46.79055,-109.5157135
2015-11-09 06:00:00,0.37077792713139524,9ea23099-dd30-4b26-9de7-5d42d5dae87b,46.79055,-109.5157135
2015-11-10 06:00:00,0.02464404107373246,9ea23099-dd30-4b26-9de7-5d42d5dae87b,46.79055,-109.5157135
2015-11-11 06:00:00,0.14049311539073853,9ea23099-dd30-4b26-9de7-5d42d5dae87b,46.79055,-109.5157135
2015-11-12 06:00:00,0.21272689331232045,9ea23099-dd30-4b26-9de7-5d42d5dae87b,46.79055,-109.5157135
2015-11-13 06:00:00,0.39423625781249494,9ea23099-dd30-4b26-9de7-5d42d5dae87b,46.79055,-109.5157135
2015-11-14 06:00:00,0.5155884969317538,9ea23099-dd30-4b26-9de7-5d42d5dae87b,46.79055,-109.5157135
2015-11-15 06:00:00,0.6074635689163042,9ea23099-dd30-4b26-9de7-5d42d5dae87b,46.79055,-109.5157135
2015-11-16 06:00:00,0.1296940373341173,9ea23099-dd30-4b26-9de7-5d42d5dae87b,46.79055,-109.5157135
2015-11-17 06:00:00,0.3141390862469058,9ea23099-dd30-4b26-9de7-5d42d5dae87b,46.79055,-109.5157135
2015-11-18 06:00:00,0.1452597151883595,9ea23099-dd30-4b26-9de7-5d42d5dae87b,46.79055,-109.5157135
2015-11-19 06:00:00,0.19629717936239588,9ea23099-dd30-4b26-9de7-5d42d5dae87b,46.79055,-109.5157135
2015-11-20 06:00:00,0.025669983631966934,9ea23099-dd30-4b26-9de7-5d42d5dae87b,46.79055,-109.5157135
2015-11-21 06:00:00,0.19947129764467578,9ea23099-dd30-4b26-9de7-5d42d5dae87b,46.79055,-109.5157135
2015-11-22 06:00:00,0.3847876233973569,9ea23099-dd30-4b26-9de7-5d42d5dae87b,46.79055,-109.5157135
2015-11-23 06:00:00,0.35435732962881644,9ea23099-dd30-4b26-9de7-5d42d5dae87b,46.79055,-109.5157135
2015-11-24 06:00:00,0.15872175407430433,9ea23099-dd30-4b26-9de7-5d42d5dae87b,46.79055,-109.5157135
2015-11-25 06:00:00,0.0,9ea23099-dd30-4b26-9de7-5d42d5dae87b,46.79055,-109.5157135
2015-11-26 06:00:00,0.07185135285275944,9ea23099-dd30-4b26-9de7-5d42d5dae87b,46.79055,-109.5157135
2015-11-27 06:00:00,0.18499435101496214,9ea23099-dd30-4b26-9de7-5d42d5dae87b,46.79055,-109.5157135
2015-11-28 06:00:00,0.2302704126499463,9ea23099-dd30-4b26-9de7-5d42d5dae87b,46.79055,-109.5157135
2015-11-29 06:00:00,0.15671750931685807,9ea23099-dd30-4b26-9de7-5d42d5dae87b,46.79055,-109.5157135
2015-11-30 06:00:00,0.1766512872527908,9ea23099-dd30-4b26-9de7-5d42d5dae87b,46.79055,-109.5157135
2015-12-01 06:00:00,0.21538042312143985,9ea23099-dd30-4b26-9de7-5d42d5dae87b,46.79055,-109.5157135
2015-12-02 06:00:00,0.2334946203418725,9ea23099-dd30-4b26-9de7-5d42d5dae87b,46.79055,-109.5157135
2015-12-03 06:00:00,0.3950965014847728,9ea23099-dd30-4b26-9de7-5d42d5dae87b,46.79055,-109.5157135
2015-12-04 06:00:00,0.37677192220704475,9ea23099-dd30-4b26-9de7-5d42d5dae87b,46.79055,-109.5157135
2015-12-05 06:00:00,0.28569865893923024,9ea23099-dd30-4b26-9de7-5d42d5dae87b,46.79055,-109.5157135
2015-12-06 06:00:00,0.5143737524540165,9ea23099-dd30-4b26-9de7-5d42d5dae87b,46.79055,-109.5157135
2015-12-07 06:00:00,0.3816981742139061,9ea23099-dd30-4b26-9de7-5d42d5dae87b,46.79055,-109.5157135
2015-12-08 06:00:00,0.2997038278222499,9ea23099-dd30-4b26-9de7-5d42d5dae87b,46.79055,-109.5157135
2015-12-09 06:00:00,0.2825711100307075,9ea23099-dd30-4b26-9de7-5d42d5dae87b,46.79055,-109.5157135
2015-12-10 06:00:00,0.2907411266079347,9ea23099-dd30-4b26-9de7-5d42d5dae87b,46.79055,-109.5157135
2015-12-11 06:00:00,0.1377218737030071,9ea23099-dd30-4b26-9de7-5d42d5dae87b,46.79055,-109.5157135
2015-12-12 06:00:00,0.1703764656720884,9ea23099-dd30-4b26-9de7-5d42d5dae87b,46.79055,-109.5157135
2015-12-13 06:00:00,0.2796940806643057,9ea23099-dd30-4b26-9de7-5d42d5dae87b,46.79055,-109.5157135
2015-12-14 06:00:00,0.05334707988809001,9ea23099-dd30-4b26-9de7-5d42d5dae87b,46.79055,-109.5157135
2015-12-15 06:00:00,0.03285620030087097,9ea23099-dd30-4b26-9de7-5d42d5dae87b,46.79055,-109.5157135
2015-12-16 06:00:00,0.04266233391125235,9ea23099-dd30-4b26-9de7-5d42d5dae87b,46.79055,-109.5157135
2015-12-17 06:00:00,0.05778481875861043,9ea23099-dd30-4b26-9de7-5d42d5dae87b,46.79055,-109.5157135
2015-12-18 06:00:00,0.24592182894305475,9ea23099-dd30-4b26-9de7-5d42d5dae87b,46.79055,-109.5157135
2015-12-19 06:00:00,0.10074518295816218,9ea23099-dd30-4b26-9de7-5d42d5dae87b,46.79055,-109.5157135
2015-12-20 06:00:00,0.04908646850843463,9ea23099-dd30-4b26-9de7-5d42d5dae87b,46.79055,-109.5157135
2015-12-21 06:00:00,0.17933152253879067,9ea23099-dd30-4b26-9de7-5d42d5dae87b,46.79055,-109.5157135
2015-12-22 06:00:00,0.08321036062875066,9ea23099-dd30-4b26-9de7-5d42d5dae87b,46.79055,-109.5157135
2015-12-23 06:00:00,0.06491106120992829,9ea23099-dd30-4b26-9de7-5d42d5dae87b,46.79055,-109.5157135
2015-12-24 06:00:00,0.11774855776193456,9ea23099-dd30-4b26-9de7-5d42d5dae87b,46.79055,-109.5157135
2015-12-25 06:00:00,0.04800949595505144,9ea23099-dd30-4b26-9de7-5d42d5dae87b,46.79055,-109.5157135
2015-12-26 06:00:00,0.07820649010872383,9ea23099-dd30-4b26-9de7-5d42d5dae87b,46.79055,-109.5157135
2015-12-27 06:00:00,0.2722678365451949,9ea23099-dd30-4b26-9de7-5d42d5dae87b,46.79055,-109.5157135
2015-12-28 06:00:00,0.17484864667836794,9ea23099-dd30-4b26-9de7-5d42d5dae87b,46.79055,-109.5157135
2015-12-29 06:00:00,0.05905491627350397,9ea23099-dd30-4b26-9de7-5d42d5dae87b,46.79055,-109.5157135
2015-12-30 06:00:00,0.06643988487378852,9ea23099-dd30-4b26-9de7-5d42d5dae87b,46.79055,-109.5157135
2015-12-31 06:00:00,0.2470358081992702,9ea23099-dd30-4b26-9de7-5d42d5dae87b,46.79055,-109.5157135
2016-01-01 06:00:00,0.2632789750184331,9ea23099-dd30-4b26-9de7-5d42d5dae87b,46.79055,-109.5157135
2016-01-02 06:00:00,0.3206135815444308,9ea23099-dd30-4b26-9de7-5d42d5dae87b,46.79055,-109.5157135
2016-01-03 06:00:00,0.3248218376358211,9ea23099-dd30-4b26-9de7-5d42d5dae87b,46.79055,-109.5157135
2016-01-04 06:00:00,0.38965630471602547,9ea23099-dd30-4b26-9de7-5d42d5dae87b,46.79055,-109.5157135
2016-01-05 06:00:00,0.2649060895841711,9ea23099-dd30-4b26-9de7-5d42d5dae87b,46.79055,-109.5157135
2016-01-06 06:00:00,0.22288193360282568,9ea23099-dd30-4b26-9de7-5d42d5dae87b,46.79055,-109.5157135
2016-01-07 06:00:00,0.06464380080380089,9ea23099-dd30-4b26-9de7-5d42d5dae87b,46.79055,-109.5157135
2016-01-08 06:00:00,0.08983687153053614,9ea23099-dd30-4b26-9de7-5d42d5dae87b,46.79055,-109.5157135
2016-01-09 06:00:00,0.10380360937777919,9ea23099-dd30-4b26-9de7-5d42d5dae87b,46.79055,-109.5157135
2016-01-10 06:00:00,0.14244975282028574,9ea23099-dd30-4b26-9de7-5d42d5dae87b,46.79055,-109.5157135
2016-01-11 06:00:00,0.19640865698716362,9ea23099-dd30-4b26-9de7-5d42d5dae87b,46.79055,-109.5157135
2016-01-12 06:00:00,0.22538870027879382,9ea23099-dd30-4b26-9de7-5d42d5dae87b,46.79055,-109.5157135
2016-01-13 06:00:00,0.3478283746369208,9ea23099-dd30-4b26-9de7-5d42d5dae87b,46.79055,-109.5157135
2016-01-14 06:00:00,0.08735235150942401,9ea23099-dd30-4b26-9de7-5d42d5dae87b,46.79055,-109.5157135
2016-01-15 06:00:00,0.075269549870896,9ea23099-dd30-4b26-9de7-5d42d5dae87b,46.79055,-109.5157135
2016-01-16 06:00:00,0.08627970521873712,9ea23099-dd30-4b26-9de7-5d42d5dae87b,46.79055,-109.5157135
2016-01-17 06:00:00,0.19834419901933817,9ea23099-dd30-4b26-9de7-5d42d5dae87b,46.79055,-109.5157135
2016-01-18 06:00:00,0.15490440686820692,9ea23099-dd30-4b26-9de7-5d42d5dae87b,46.79055,-109.5157135
2016-01-19 06:00:00,0.19436753119377723,9ea23099-dd30-4b26-9de7-5d42d5dae87b,46.79055,-109.5157135
2016-01-20 06:00:00,0.12533096433049293,9ea23099-dd30-4b26-9de7-5d42d5dae87b,46.79055,-109.5157135
2016-01-21 06:00:00,0.18428411172501713,9ea23099-dd30-4b26-9de7-5d42d5dae87b,46.79055,-109.5157135
2016-01-22 06:00:00,0.33981814064111443,9ea23099-dd30-4b26-9de7-5d42d5dae87b,46.79055,-109.5157135
2016-01-23 06:00:00,0.3577132028517822,9ea23099-dd30-4b26-9de7-5d42d5dae87b,46.79055,-109.5157135
2016-01-24 06:00:00,0.13882238619055481,9ea23099-dd30-4b26-9de7-5d42d5dae87b,46.79055,-109.5157135
2016-01-25 06:00:00,0.10720317191622813,9ea23099-dd30-4b26-9de7-5d42d5dae87b,46.79055,-109.5157135
2016-01-26 06:00:00,0.21758016000277902,9ea23099-dd30-4b26-9de7-5d42d5dae87b,46.79055,-109.5157135
2016-01-27 06:00:00,0.31656767326676466,9ea23099-dd30-4b26-9de7-5d42d5dae87b,46.79055,-109.5157135
2016-01-28 06:00:00,0.43793890056709783,9ea23099-dd30-4b26-9de7-5d42d5dae87b,46.79055,-109.5157135
2016-01-29 06:00:00,0.2259826033346951,9ea23099-dd30-4b26-9de7-5d42d5dae87b,46.79055,-109.5157135
2016-01-30 06:00:00,0.14834620000126053,9ea23099-dd30-4b26-9de7-5d42d5dae87b,46.79055,-109.5157135
2016-01-31 06:00:00,0.2043727654898831,9ea23099-dd30-4b26-9de7-5d42d5dae87b,46.79055,-109.5157135
2016-02-01 06:00:00,0.0,9ea23099-dd30-4b26-9de7-5d42d5dae87b,46.79055,-109.5157135
2016-02-02 06:00:00,0.00036694457266116275,9ea23099-dd30-4b26-9de7-5d42d5dae87b,46.79055,-109.5157135
2016-02-03 06:00:00,0.30658493133891324,9ea23099-dd30-4b26-9de7-5d42d5dae87b,46.79055,-109.5157135
2016-02-04 06:00:00,0.20502731288403583,9ea23099-dd30-4b26-9de7-5d42d5dae87b,46.79055,-109.5157135
2016-02-05 06:00:00,0.3943928873185911,9ea23099-dd30-4b26-9de7-5d42d5dae87b,46.79055,-109.5157135
2016-02-06 06:00:00,0.06436073613914463,9ea23099-dd30-4b26-9de7-5d42d5dae87b,46.79055,-109.5157135
2016-02-07 06:00:00,0.04075077363007574,9ea23099-dd30-4b26-9de7-5d42d5dae87b,46.79055,-109.5157135
2016-02-08 06:00:00,0.0647025216851085,9ea23099-dd30-4b26-9de7-5d42d5dae87b,46.79055,-109.5157135
2016-02-09 06:00:00,0.5932545222679496,9ea23099-dd30-4b26-9de7-5d42d5dae87b,46.79055,-109.5157135
2016-02-10 06:00:00,0.5066053296215441,9ea23099-dd30-4b26-9de7-5d42d5dae87b,46.79055,-109.5157135
2016-02-11 06:00:00,0.1427083017648512,9ea23099-dd30-4b26-9de7-5d42d5dae87b,46.79055,-109.5157135
2016-02-12 06:00:00,0.2466944776449469,9ea23099-dd30-4b26-9de7-5d42d5dae87b,46.79055,-109.5157135
2016-02-13 06:00:00,0.412756861372484,9ea23099-dd30-4b26-9de7-5d42d5dae87b,46.79055,-109.5157135
2016-02-14 06:00:00,0.6473737863194235,9ea23099-dd30-4b26-9de7-5d42d5dae87b,46.79055,-109.5157135
2016-02-15 06:00:00,0.9207390240987416,9ea23099-dd30-4b26-9de7-5d42d5dae87b,46.79055,-109.5157135
2016-02-16 06:00:00,0.6954189153706154,9ea23099-dd30-4b26-9de7-5d42d5dae87b,46.79055,-109.5157135
2016-02-17 06:00:00,0.49667028039174616,9ea23099-dd30-4b26-9de7-5d42d5dae87b,46.79055,-109.5157135
2016-02-18 06:00:00,0.7380883449149878,9ea23099-dd30-4b26-9de7-5d42d5dae87b,46.79055,-109.5157135
2016-02-19 06:00:00,0.6196391840014307,9ea23099-dd30-4b26-9de7-5d42d5dae87b,46.79055,-109.5157135
2016-02-20 06:00:00,0.5577779772078119,9ea23099-dd30-4b26-9de7-5d42d5dae87b,46.79055,-109.5157135
2016-02-21 06:00:00,0.5831468121930696,9ea23099-dd30-4b26-9de7-5d42d5dae87b,46.79055,-109.5157135
2016-02-22 06:00:00,0.28993052804926955,9ea23099-dd30-4b26-9de7-5d42d5dae87b,46.79055,-109.5157135
2016-02-23 06:00:00,0.17019608263770045,9ea23099-dd30-4b26-9de7-5d42d5dae87b,46.79055,-109.5157135
2016-02-24 06:00:00,0.16986323972248862,9ea23099-dd30-4b26-9de7-5d42d5dae87b,46.79055,-109.5157135
2016-02-25 06:00:00,0.08355222428898984,9ea23099-dd30-4b26-9de7-5d42d5dae87b,46.79055,-109.5157135
2016-02-26 06:00:00,0.12544054379654257,9ea23099-dd30-4b26-9de7-5d42d5dae87b,46.79055,-109.5157135
2016-02-27 06:00:00,0.0,9ea23099-dd30-4b26-9de7-5d42d5dae87b,46.79055,-109.5157135
2016-02-28 06:00:00,0.05881109484228003,9ea23099-dd30-4b26-9de7-5d42d5dae87b,46.79055,-109.5157135
2016-02-29 06:00:00,0.09189692594578248,9ea23099-dd30-4b26-9de7-5d42d5dae87b,46.79055,-109.5157135
2016-03-01 06:00:00,0.2643733239547716,9ea23099-dd30-4b26-9de7-5d42d5dae87b,46.79055,-109.5157135
2016-03-02 06:00:00,0.2304035384428625,9ea23099-dd30-4b26-9de7-5d42d5dae87b,46.79055,-109.5157135
2016-03-03 06:00:00,0.4910858576202225,9ea23099-dd30-4b26-9de7-5d42d5dae87b,46.79055,-109.5157135
2016-03-04 06:00:00,0.5318114062323387,9ea23099-dd30-4b26-9de7-5d42d5dae87b,46.79055,-109.5157135
2016-03-05 06:00:00,0.7081265103733912,9ea23099-dd30-4b26-9de7-5d42d5dae87b,46.79055,-109.5157135
2016-03-06 06:00:00,0.5530183115383472,9ea23099-dd30-4b26-9de7-5d42d5dae87b,46.79055,-109.5157135
2016-03-07 06:00:00,0.28411648469208006,9ea23099-dd30-4b26-9de7-5d42d5dae87b,46.79055,-109.5157135
2016-03-08 06:00:00,0.2296635080323609,9ea23099-dd30-4b26-9de7-5d42d5dae87b,46.79055,-109.5157135
2016-03-09 06:00:00,0.31268483608026537,9ea23099-dd30-4b26-9de7-5d42d5dae87b,46.79055,-109.5157135
2016-03-10 06:00:00,0.5686926857311966,9ea23099-dd30-4b26-9de7-5d42d5dae87b,46.79055,-109.5157135
2016-03-11 06:00:00,0.4765803373389542,9ea23099-dd30-4b26-9de7-5d42d5dae87b,46.79055,-109.5157135
2016-03-12 06:00:00,0.6987457877667522,9ea23099-dd30-4b26-9de7-5d42d5dae87b,46.79055,-109.5157135
2016-03-13 06:00:00,0.43871723258225337,9ea23099-dd30-4b26-9de7-5d42d5dae87b,46.79055,-109.5157135
2016-03-14 06:00:00,0.30946253860557527,9ea23099-dd30-4b26-9de7-5d42d5dae87b,46.79055,-109.5157135
2016-03-15 06:00:00,0.25903120122927814,9ea23099-dd30-4b26-9de7-5d42d5dae87b,46.79055,-109.5157135
2016-03-16 06:00:00,0.27591405344237846,9ea23099-dd30-4b26-9de7-5d42d5dae87b,46.79055,-109.5157135
2016-03-17 06:00:00,0.13015625740073697,9ea23099-dd30-4b26-9de7-5d42d5dae87b,46.79055,-109.5157135
2016-03-18 06:00:00,0.1259254929301319,9ea23099-dd30-4b26-9de7-5d42d5dae87b,46.79055,-109.5157135
2016-03-19 06:00:00,0.3681344052692323,9ea23099-dd30-4b26-9de7-5d42d5dae87b,46.79055,-109.5157135
2016-03-20 06:00:00,0.8125822398201511,9ea23099-dd30-4b26-9de7-5d42d5dae87b,46.79055,-109.5157135
2016-03-21 06:00:00,0.5695158354289025,9ea23099-dd30-4b26-9de7-5d42d5dae87b,46.79055,-109.5157135
2016-03-22 06:00:00,0.19428379680533026,9ea23099-dd30-4b26-9de7-5d42d5dae87b,46.79055,-109.5157135
2016-03-23 06:00:00,0.22558128410619305,9ea23099-dd30-4b26-9de7-5d42d5dae87b,46.79055,-109.5157135
2016-03-24 06:00:00,0.2894165195550652,9ea23099-dd30-4b26-9de7-5d42d5dae87b,46.79055,-109.5157135
2016-03-25 06:00:00,0.11372801932126594,9ea23099-dd30-4b26-9de7-5d42d5dae87b,46.79055,-109.5157135
2016-03-26 06:00:00,0.3026427194112684,9ea23099-dd30-4b26-9de7-5d42d5dae87b,46.79055,-109.5157135
2016-03-27 06:00:00,0.4426384341581772,9ea23099-dd30-4b26-9de7-5d42d5dae87b,46.79055,-109.5157135
2016-03-28 06:00:00,0.16014724419507412,9ea23099-dd30-4b26-9de7-5d42d5dae87b,46.79055,-109.5157135
2016-03-29 06:00:00,0.10557965551363466,9ea23099-dd30-4b26-9de7-5d42d5dae87b,46.79055,-109.5157135
2016-03-30 06:00:00,0.23478963884171283,9ea23099-dd30-4b26-9de7-5d42d5dae87b,46.79055,-109.5157135
2016-03-31 06:00:00,0.10459584553923963,9ea23099-dd30-4b26-9de7-5d42d5dae87b,46.79055,-109.5157135
2016-04-01 06:00:00,0.28543417420536793,9ea23099-dd30-4b26-9de7-5d42d5dae87b,46.79055,-109.5157135
2016-04-02 06:00:00,0.647971548529452,9ea23099-dd30-4b26-9de7-5d42d5dae87b,46.79055,-109.5157135
2016-04-03 06:00:00,0.5112306194749857,9ea23099-dd30-4b26-9de7-5d42d5dae87b,46.79055,-109.5157135
2016-04-04 06:00:00,0.6080742734857552,9ea23099-dd30-4b26-9de7-5d42d5dae87b,46.79055,-109.5157135
2016-04-05 06:00:00,0.18518144623068145,9ea23099-dd30-4b26-9de7-5d42d5dae87b,46.79055,-109.5157135
2016-04-06 06:00:00,0.3735041616529952,9ea23099-dd30-4b26-9de7-5d42d5dae87b,46.79055,-109.5157135
2016-04-07 06:00:00,0.47426930028387054,9ea23099-dd30-4b26-9de7-5d42d5dae87b,46.79055,-109.5157135
2016-04-08 06:00:00,0.7476253715126355,9ea23099-dd30-4b26-9de7-5d42d5dae87b,46.79055,-109.5157135
2016-04-09 06:00:00,0.546647638913231,9ea23099-dd30-4b26-9de7-5d42d5dae87b,46.79055,-109.5157135
2016-04-10 06:00:00,0.3083982070460136,9ea23099-dd30-4b26-9de7-5d42d5dae87b,46.79055,-109.5157135
2016-04-11 06:00:00,0.6052929317701983,9ea23099-dd30-4b26-9de7-5d42d5dae87b,46.79055,-109.5157135
2016-04-12 06:00:00,0.711458372945154,9ea23099-dd30-4b26-9de7-5d42d5dae87b,46.79055,-109.5157135
2016-04-13 06:00:00,0.25920631009631034,9ea23099-dd30-4b26-9de7-5d42d5dae87b,46.79055,-109.5157135
2016-04-14 06:00:00,0.23884776008772932,9ea23099-dd30-4b26-9de7-5d42d5dae87b,46.79055,-109.5157135
2016-04-15 06:00:00,0.05220147563981781,9ea23099-dd30-4b26-9de7-5d42d5dae87b,46.79055,-109.5157135
2016-04-16 06:00:00,0.3156498496644588,9ea23099-dd30-4b26-9de7-5d42d5dae87b,46.79055,-109.5157135
2016-04-17 06:00:00,0.44676335646611876,9ea23099-dd30-4b26-9de7-5d42d5dae87b,46.79055,-109.5157135
2016-04-18 06:00:00,0.40455939493528215,9ea23099-dd30-4b26-9de7-5d42d5dae87b,46.79055,-109.5157135
2016-04-19 06:00:00,0.43665144976734693,9ea23099-dd30-4b26-9de7-5d42d5dae87b,46.79055,-109.5157135
2016-04-20 06:00:00,0.6702733198213243,9ea23099-dd30-4b26-9de7-5d42d5dae87b,46.79055,-109.5157135
2016-04-21 06:00:00,0.6761482731286657,9ea23099-dd30-4b26-9de7-5d42d5dae87b,46.79055,-109.5157135
2016-04-22 06:00:00,0.9740820589900431,9ea23099-dd30-4b26-9de7-5d42d5dae87b,46.79055,-109.5157135
2016-04-23 06:00:00,0.3430991567126134,9ea23099-dd30-4b26-9de7-5d42d5dae87b,46.79055,-109.5157135
2016-04-24 06:00:00,0.07472543398288276,9ea23099-dd30-4b26-9de7-5d42d5dae87b,46.79055,-109.5157135
2016-04-25 06:00:00,0.06140156928774371,9ea23099-dd30-4b26-9de7-5d42d5dae87b,46.79055,-109.5157135
2016-04-26 06:00:00,0.06442609846345326,9ea23099-dd30-4b26-9de7-5d42d5dae87b,46.79055,-109.5157135
2016-04-27 06:00:00,0.094118771068622,9ea23099-dd30-4b26-9de7-5d42d5dae87b,46.79055,-109.5157135
2016-04-28 06:00:00,0.10931257171497942,9ea23099-dd30-4b26-9de7-5d42d5dae87b,46.79055,-109.5157135
2016-04-29 06:00:00,0.24016854552493694,9ea23099-dd30-4b26-9de7-5d42d5dae87b,46.79055,-109.5157135
2016-04-30 06:00:00,0.30888501409350366,9ea23099-dd30-4b26-9de7-5d42d5dae87b,46.79055,-109.5157135
2016-05-01 06:00:00,0.5729158620904962,9ea23099-dd30-4b26-9de7-5d42d5dae87b,46.79055,-109.5157135
2016-05-02 06:00:00,0.8125616786579636,9ea23099-dd30-4b26-9de7-5d42d5dae87b,46.79055,-109.5157135
2016-05-03 06:00:00,1.1459137955193732,9ea23099-dd30-4b26-9de7-5d42d5dae87b,46.79055,-109.5157135
2016-05-04 06:00:00,1.2048110018000786,9ea23099-dd30-4b26-9de7-5d42d5dae87b,46.79055,-109.5157135
2016-05-05 06:00:00,1.1868908008631929,9ea23099-dd30-4b26-9de7-5d42d5dae87b,46.79055,-109.5157135
2016-05-06 06:00:00,0.2057363388326525,9ea23099-dd30-4b26-9de7-5d42d5dae87b,46.79055,-109.5157135
2016-05-07 06:00:00,0.6177977344819477,9ea23099-dd30-4b26-9de7-5d42d5dae87b,46.79055,-109.5157135
2016-05-08 06:00:00,0.9058189682325003,9ea23099-dd30-4b26-9de7-5d42d5dae87b,46.79055,-109.5157135
2016-05-09 06:00:00,0.09967921513947252,9ea23099-dd30-4b26-9de7-5d42d5dae87b,46.79055,-109.5157135
2016-05-10 06:00:00,0.0456142265297706,9ea23099-dd30-4b26-9de7-5d42d5dae87b,46.79055,-109.5157135
2016-05-11 06:00:00,0.2162272835779896,9ea23099-dd30-4b26-9de7-5d42d5dae87b,46.79055,-109.5157135
2016-05-12 06:00:00,0.5585660603195947,9ea23099-dd30-4b26-9de7-5d42d5dae87b,46.79055,-109.5157135
2016-05-13 06:00:00,0.17286288317695309,9ea23099-dd30-4b26-9de7-5d42d5dae87b,46.79055,-109.5157135
2016-05-14 06:00:00,0.40281202464984256,9ea23099-dd30-4b26-9de7-5d42d5dae87b,46.79055,-109.5157135
2016-05-15 06:00:00,0.45243975356584637,9ea23099-dd30-4b26-9de7-5d42d5dae87b,46.79055,-109.5157135
2016-05-16 06:00:00,0.5515780854412071,9ea23099-dd30-4b26-9de7-5d42d5dae87b,46.79055,-109.5157135
2016-05-17 06:00:00,0.6304660680921234,9ea23099-dd30-4b26-9de7-5d42d5dae87b,46.79055,-109.5157135
2016-05-18 06:00:00,0.8076051032293963,9ea23099-dd30-4b26-9de7-5d42d5dae87b,46.79055,-109.5157135
2016-05-19 06:00:00,0.8457975309173402,9ea23099-dd30-4b26-9de7-5d42d5dae87b,46.79055,-109.5157135
2016-05-20 06:00:00,0.24745405155139932,9ea23099-dd30-4b26-9de7-5d42d5dae87b,46.79055,-109.5157135
2016-05-21 06:00:00,0.1271411217554417,9ea23099-dd30-4b26-9de7-5d42d5dae87b,46.79055,-109.5157135
2016-05-22 06:00:00,0.48471077653589134,9ea23099-dd30-4b26-9de7-5d42d5dae87b,46.79055,-109.5157135
2016-05-23 06:00:00,0.2823745951783366,9ea23099-dd30-4b26-9de7-5d42d5dae87b,46.79055,-109.5157135
2016-05-24 06:00:00,0.36023045785543395,9ea23099-dd30-4b26-9de7-5d42d5dae87b,46.79055,-109.5157135
2016-05-25 06:00:00,0.5084024113748962,9ea23099-dd30-4b26-9de7-5d42d5dae87b,46.79055,-109.5157135
2016-05-26 06:00:00,0.31625746875897515,9ea23099-dd30-4b26-9de7-5d42d5dae87b,46.79055,-109.5157135
2016-05-27 06:00:00,0.47932990409355947,9ea23099-dd30-4b26-9de7-5d42d5dae87b,46.79055,-109.5157135
2016-05-28 06:00:00,0.391787115601297,9ea23099-dd30-4b26-9de7-5d42d5dae87b,46.79055,-109.5157135
2016-05-29 06:00:00,0.7287342181812179,9ea23099-dd30-4b26-9de7-5d42d5dae87b,46.79055,-109.5157135
2016-05-30 06:00:00,0.2612888763175193,9ea23099-dd30-4b26-9de7-5d42d5dae87b,46.79055,-109.5157135
2016-05-31 06:00:00,0.27085141170419463,9ea23099-dd30-4b26-9de7-5d42d5dae87b,46.79055,-109.5157135
2016-06-01 06:00:00,0.6504102432353985,9ea23099-dd30-4b26-9de7-5d42d5dae87b,46.79055,-109.5157135
2016-06-02 06:00:00,0.7263898258632898,9ea23099-dd30-4b26-9de7-5d42d5dae87b,46.79055,-109.5157135
2016-06-03 06:00:00,0.6146273904768846,9ea23099-dd30-4b26-9de7-5d42d5dae87b,46.79055,-109.5157135
2016-06-04 06:00:00,0.9372000577453948,9ea23099-dd30-4b26-9de7-5d42d5dae87b,46.79055,-109.5157135
2016-06-05 06:00:00,1.0401675568225075,9ea23099-dd30-4b26-9de7-5d42d5dae87b,46.79055,-109.5157135
2016-06-06 06:00:00,0.7986218836872417,9ea23099-dd30-4b26-9de7-5d42d5dae87b,46.79055,-109.5157135
2016-06-07 06:00:00,1.0459672126412805,9ea23099-dd30-4b26-9de7-5d42d5dae87b,46.79055,-109.5157135
2016-06-08 06:00:00,1.1683641389687298,9ea23099-dd30-4b26-9de7-5d42d5dae87b,46.79055,-109.5157135
2016-06-09 06:00:00,0.9466887152776483,9ea23099-dd30-4b26-9de7-5d42d5dae87b,46.79055,-109.5157135
2016-06-10 06:00:00,0.8420259225140049,9ea23099-dd30-4b26-9de7-5d42d5dae87b,46.79055,-109.5157135
2016-06-11 06:00:00,0.175470798428881,9ea23099-dd30-4b26-9de7-5d42d5dae87b,46.79055,-109.5157135
2016-06-12 06:00:00,0.6614137193778666,9ea23099-dd30-4b26-9de7-5d42d5dae87b,46.79055,-109.5157135
2016-06-13 06:00:00,0.8231192549450471,9ea23099-dd30-4b26-9de7-5d42d5dae87b,46.79055,-109.5157135
2016-06-14 06:00:00,0.766768868895773,9ea23099-dd30-4b26-9de7-5d42d5dae87b,46.79055,-109.5157135
2016-06-15 06:00:00,0.39983583291025515,9ea23099-dd30-4b26-9de7-5d42d5dae87b,46.79055,-109.5157135
2016-06-16 06:00:00,0.5025683805242648,9ea23099-dd30-4b26-9de7-5d42d5dae87b,46.79055,-109.5157135
2016-06-17 06:00:00,0.7465238298584774,9ea23099-dd30-4b26-9de7-5d42d5dae87b,46.79055,-109.5157135
2016-06-18 06:00:00,1.086011967177175,9ea23099-dd30-4b26-9de7-5d42d5dae87b,46.79055,-109.5157135
2016-06-19 06:00:00,0.7475713264547573,9ea23099-dd30-4b26-9de7-5d42d5dae87b,46.79055,-109.5157135
2016-06-20 06:00:00,1.0181240986656228,9ea23099-dd30-4b26-9de7-5d42d5dae87b,46.79055,-109.5157135
2016-06-21 06:00:00,1.0378839552194812,9ea23099-dd30-4b26-9de7-5d42d5dae87b,46.79055,-109.5157135
2016-06-22 06:00:00,0.9395627065818067,9ea23099-dd30-4b26-9de7-5d42d5dae87b,46.79055,-109.5157135
2016-06-23 06:00:00,1.3474127352237701,9ea23099-dd30-4b26-9de7-5d42d5dae87b,46.79055,-109.5157135
2016-06-24 06:00:00,0.7324191783571076,9ea23099-dd30-4b26-9de7-5d42d5dae87b,46.79055,-109.5157135
2016-06-25 06:00:00,0.5878936745979229,9ea23099-dd30-4b26-9de7-5d42d5dae87b,46.79055,-109.5157135
2016-06-26 06:00:00,0.7144365679823146,9ea23099-dd30-4b26-9de7-5d42d5dae87b,46.79055,-109.5157135
2016-06-27 06:00:00,1.0085479884509005,9ea23099-dd30-4b26-9de7-5d42d5dae87b,46.79055,-109.5157135
2016-06-28 06:00:00,1.1412024747203864,9ea23099-dd30-4b26-9de7-5d42d5dae87b,46.79055,-109.5157135
2016-06-29 06:00:00,0.9519114158917801,9ea23099-dd30-4b26-9de7-5d42d5dae87b,46.79055,-109.5157135
2016-06-30 06:00:00,1.0455199510170605,9ea23099-dd30-4b26-9de7-5d42d5dae87b,46.79055,-109.5157135
2016-07-01 06:00:00,0.9419664682930768,9ea23099-dd30-4b26-9de7-5d42d5dae87b,46.79055,-109.5157135
2016-07-02 06:00:00,1.2476136026066766,9ea23099-dd30-4b26-9de7-5d42d5dae87b,46.79055,-109.5157135
2016-07-03 06:00:00,1.0695664058163603,9ea23099-dd30-4b26-9de7-5d42d5dae87b,46.79055,-109.5157135
2016-07-04 06:00:00,1.1281641884755589,9ea23099-dd30-4b26-9de7-5d42d5dae87b,46.79055,-109.5157135
2016-07-05 06:00:00,0.8428879222907254,9ea23099-dd30-4b26-9de7-5d42d5dae87b,46.79055,-109.5157135
2016-07-06 06:00:00,0.5508019308906813,9ea23099-dd30-4b26-9de7-5d42d5dae87b,46.79055,-109.5157135
2016-07-07 06:00:00,0.772837544515573,9ea23099-dd30-4b26-9de7-5d42d5dae87b,46.79055,-109.5157135
2016-07-08 06:00:00,1.575997219891498,9ea23099-dd30-4b26-9de7-5d42d5dae87b,46.79055,-109.5157135
2016-07-09 06:00:00,1.1332318021653003,9ea23099-dd30-4b26-9de7-5d42d5dae87b,46.79055,-109.5157135
2016-07-10 06:00:00,0.31458503397291954,9ea23099-dd30-4b26-9de7-5d42d5dae87b,46.79055,-109.5157135
2016-07-11 06:00:00,0.19879128717742725,9ea23099-dd30-4b26-9de7-5d42d5dae87b,46.79055,-109.5157135
2016-07-12 06:00:00,0.5586880394598333,9ea23099-dd30-4b26-9de7-5d42d5dae87b,46.79055,-109.5157135
2016-07-13 06:00:00,0.598847507599754,9ea23099-dd30-4b26-9de7-5d42d5dae87b,46.79055,-109.5157135
2016-07-14 06:00:00,0.6920561105116734,9ea23099-dd30-4b26-9de7-5d42d5dae87b,46.79055,-109.5157135
2016-07-15 06:00:00,0.7590232716308651,9ea23099-dd30-4b26-9de7-5d42d5dae87b,46.79055,-109.5157135
2016-07-16 06:00:00,0.4324172524936522,9ea23099-dd30-4b26-9de7-5d42d5dae87b,46.79055,-109.5157135
2016-07-17 06:00:00,0.693510565037096,9ea23099-dd30-4b26-9de7-5d42d5dae87b,46.79055,-109.5157135
2016-07-18 06:00:00,0.9970620789075145,9ea23099-dd30-4b26-9de7-5d42d5dae87b,46.79055,-109.5157135
2016-07-19 06:00:00,1.519463341929771,9ea23099-dd30-4b26-9de7-5d42d5dae87b,46.79055,-109.5157135
2016-07-20 06:00:00,1.3200061568399752,9ea23099-dd30-4b26-9de7-5d42d5dae87b,46.79055,-109.5157135
2016-07-21 06:00:00,1.4962361480923891,9ea23099-dd30-4b26-9de7-5d42d5dae87b,46.79055,-109.5157135
2016-07-22 06:00:00,1.6158322934904994,9ea23099-dd30-4b26-9de7-5d42d5dae87b,46.79055,-109.5157135
2016-07-23 06:00:00,0.8066191327488794,9ea23099-dd30-4b26-9de7-5d42d5dae87b,46.79055,-109.5157135
2016-07-24 06:00:00,1.1289761093435384,9ea23099-dd30-4b26-9de7-5d42d5dae87b,46.79055,-109.5157135
2016-07-25 06:00:00,1.2663309563743108,9ea23099-dd30-4b26-9de7-5d42d5dae87b,46.79055,-109.5157135
2016-07-26 06:00:00,1.0531119472681434,9ea23099-dd30-4b26-9de7-5d42d5dae87b,46.79055,-109.5157135
2016-07-27 06:00:00,0.7135540347689119,9ea23099-dd30-4b26-9de7-5d42d5dae87b,46.79055,-109.5157135
2016-07-28 06:00:00,0.788628423151654,9ea23099-dd30-4b26-9de7-5d42d5dae87b,46.79055,-109.5157135
2016-07-29 06:00:00,0.9630175139430507,9ea23099-dd30-4b26-9de7-5d42d5dae87b,46.79055,-109.5157135
2016-07-30 06:00:00,1.499655606646986,9ea23099-dd30-4b26-9de7-5d42d5dae87b,46.79055,-109.5157135
2016-07-31 06:00:00,1.2430993748458834,9ea23099-dd30-4b26-9de7-5d42d5dae87b,46.79055,-109.5157135
2016-08-01 06:00:00,0.9796642043760841,9ea23099-dd30-4b26-9de7-5d42d5dae87b,46.79055,-109.5157135
2016-08-02 06:00:00,1.5406877110851764,9ea23099-dd30-4b26-9de7-5d42d5dae87b,46.79055,-109.5157135
2016-08-03 06:00:00,0.7281069837588466,9ea23099-dd30-4b26-9de7-5d42d5dae87b,46.79055,-109.5157135
2016-08-04 06:00:00,0.7474825986586382,9ea23099-dd30-4b26-9de7-5d42d5dae87b,46.79055,-109.5157135
2016-08-05 06:00:00,1.2185446449688502,9ea23099-dd30-4b26-9de7-5d42d5dae87b,46.79055,-109.5157135
2016-08-06 06:00:00,1.0455700706314124,9ea23099-dd30-4b26-9de7-5d42d5dae87b,46.79055,-109.5157135
2016-08-07 06:00:00,0.6419883566139466,9ea23099-dd30-4b26-9de7-5d42d5dae87b,46.79055,-109.5157135
2016-08-08 06:00:00,0.917892078177854,9ea23099-dd30-4b26-9de7-5d42d5dae87b,46.79055,-109.5157135
2016-08-09 06:00:00,0.7569644085621583,9ea23099-dd30-4b26-9de7-5d42d5dae87b,46.79055,-109.5157135
2016-08-10 06:00:00,0.701330002436239,9ea23099-dd30-4b26-9de7-5d42d5dae87b,46.79055,-109.5157135
2016-08-11 06:00:00,0.5570431691221243,9ea23099-dd30-4b26-9de7-5d42d5dae87b,46.79055,-109.5157135
2016-08-12 06:00:00,0.5920828202875649,9ea23099-dd30-4b26-9de7-5d42d5dae87b,46.79055,-109.5157135
2016-08-13 06:00:00,0.768218407439853,9ea23099-dd30-4b26-9de7-5d42d5dae87b,46.79055,-109.5157135
2016-08-14 06:00:00,0.976394608668749,9ea23099-dd30-4b26-9de7-5d42d5dae87b,46.79055,-109.5157135
2016-08-15 06:00:00,1.0698759974295253,9ea23099-dd30-4b26-9de7-5d42d5dae87b,46.79055,-109.5157135
2016-08-16 06:00:00,1.3358661429599599,9ea23099-dd30-4b26-9de7-5d42d5dae87b,46.79055,-109.5157135
2016-08-17 06:00:00,1.1931445059668309,9ea23099-dd30-4b26-9de7-5d42d5dae87b,46.79055,-109.5157135
2016-08-18 06:00:00,0.16912594467453423,9ea23099-dd30-4b26-9de7-5d42d5dae87b,46.79055,-109.5157135
2016-08-19 06:00:00,0.21429066637771052,9ea23099-dd30-4b26-9de7-5d42d5dae87b,46.79055,-109.5157135
2016-08-20 06:00:00,0.7360060472002427,9ea23099-dd30-4b26-9de7-5d42d5dae87b,46.79055,-109.5157135
2016-08-21 06:00:00,1.3067157436746337,9ea23099-dd30-4b26-9de7-5d42d5dae87b,46.79055,-109.5157135
2016-08-22 06:00:00,1.2739457502597713,9ea23099-dd30-4b26-9de7-5d42d5dae87b,46.79055,-109.5157135
2016-08-23 06:00:00,0.6741324666796659,9ea23099-dd30-4b26-9de7-5d42d5dae87b,46.79055,-109.5157135
2016-08-24 06:00:00,0.10746103767889716,9ea23099-dd30-4b26-9de7-5d42d5dae87b,46.79055,-109.5157135
2016-08-25 06:00:00,0.41245491685871455,9ea23099-dd30-4b26-9de7-5d42d5dae87b,46.79055,-109.5157135
2016-08-26 06:00:00,0.4438277184963225,9ea23099-dd30-4b26-9de7-5d42d5dae87b,46.79055,-109.5157135
2016-08-27 06:00:00,0.9762779788376976,9ea23099-dd30-4b26-9de7-5d42d5dae87b,46.79055,-109.5157135
2016-08-28 06:00:00,0.9874667998286488,9ea23099-dd30-4b26-9de7-5d42d5dae87b,46.79055,-109.5157135
2016-08-29 06:00:00,1.2499808206998513,9ea23099-dd30-4b26-9de7-5d42d5dae87b,46.79055,-109.5157135
2016-08-30 06:00:00,1.3097513838304455,9ea23099-dd30-4b26-9de7-5d42d5dae87b,46.79055,-109.5157135
2016-08-31 06:00:00,1.9325458478013813,9ea23099-dd30-4b26-9de7-5d42d5dae87b,46.79055,-109.5157135
2016-09-01 06:00:00,1.6214084859924447,9ea23099-dd30-4b26-9de7-5d42d5dae87b,46.79055,-109.5157135
2016-09-02 06:00:00,1.1078297871745835,9ea23099-dd30-4b26-9de7-5d42d5dae87b,46.79055,-109.5157135
2016-09-03 06:00:00,0.6343114341281432,9ea23099-dd30-4b26-9de7-5d42d5dae87b,46.79055,-109.5157135
2016-09-04 06:00:00,0.10111264959756502,9ea23099-dd30-4b26-9de7-5d42d5dae87b,46.79055,-109.5157135
2016-09-05 06:00:00,0.08003719683853383,9ea23099-dd30-4b26-9de7-5d42d5dae87b,46.79055,-109.5157135
2016-09-06 06:00:00,0.5268249610367551,9ea23099-dd30-4b26-9de7-5d42d5dae87b,46.79055,-109.5157135
2016-09-07 06:00:00,0.4706538023900902,9ea23099-dd30-4b26-9de7-5d42d5dae87b,46.79055,-109.5157135
2016-09-08 06:00:00,0.6371337321784851,9ea23099-dd30-4b26-9de7-5d42d5dae87b,46.79055,-109.5157135
2016-09-09 06:00:00,0.3593785958007652,9ea23099-dd30-4b26-9de7-5d42d5dae87b,46.79055,-109.5157135
2016-09-10 06:00:00,0.8535536393159773,9ea23099-dd30-4b26-9de7-5d42d5dae87b,46.79055,-109.5157135
2016-09-11 06:00:00,0.5766448727987367,9ea23099-dd30-4b26-9de7-5d42d5dae87b,46.79055,-109.5157135
2016-09-12 06:00:00,0.029978594088842535,9ea23099-dd30-4b26-9de7-5d42d5dae87b,46.79055,-109.5157135
2016-09-13 06:00:00,0.1037902651932285,9ea23099-dd30-4b26-9de7-5d42d5dae87b,46.79055,-109.5157135
2016-09-14 06:00:00,0.3811609336931115,9ea23099-dd30-4b26-9de7-5d42d5dae87b,46.79055,-109.5157135
2016-09-15 06:00:00,0.504614602216237,9ea23099-dd30-4b26-9de7-5d42d5dae87b,46.79055,-109.5157135
2016-09-16 06:00:00,0.7289362918936001,9ea23099-dd30-4b26-9de7-5d42d5dae87b,46.79055,-109.5157135
2016-09-17 06:00:00,0.651197941461091,9ea23099-dd30-4b26-9de7-5d42d5dae87b,46.79055,-109.5157135
2016-09-18 06:00:00,0.5562692258104629,9ea23099-dd30-4b26-9de7-5d42d5dae87b,46.79055,-109.5157135
2016-09-19 06:00:00,0.6597206205752668,9ea23099-dd30-4b26-9de7-5d42d5dae87b,46.79055,-109.5157135
2016-09-20 06:00:00,0.5365009950116951,9ea23099-dd30-4b26-9de7-5d42d5dae87b,46.79055,-109.5157135
2016-09-21 06:00:00,0.07236049187333946,9ea23099-dd30-4b26-9de7-5d42d5dae87b,46.79055,-109.5157135
2016-09-22 06:00:00,0.08052793101047387,9ea23099-dd30-4b26-9de7-5d42d5dae87b,46.79055,-109.5157135
2016-09-23 06:00:00,0.11951035854994004,9ea23099-dd30-4b26-9de7-5d42d5dae87b,46.79055,-109.5157135
2016-09-24 06:00:00,0.2224457142322944,9ea23099-dd30-4b26-9de7-5d42d5dae87b,46.79055,-109.5157135
2016-09-25 06:00:00,0.44598259571745,9ea23099-dd30-4b26-9de7-5d42d5dae87b,46.79055,-109.5157135
2016-09-26 06:00:00,0.7874527331117137,9ea23099-dd30-4b26-9de7-5d42d5dae87b,46.79055,-109.5157135
2016-09-27 06:00:00,1.048938767212193,9ea23099-dd30-4b26-9de7-5d42d5dae87b,46.79055,-109.5157135
2016-09-28 06:00:00,0.7091758205500213,9ea23099-dd30-4b26-9de7-5d42d5dae87b,46.79055,-109.5157135
2016-09-29 06:00:00,1.088549583527269,9ea23099-dd30-4b26-9de7-5d42d5dae87b,46.79055,-109.5157135
2016-09-30 06:00:00,0.8667457720543863,9ea23099-dd30-4b26-9de7-5d42d5dae87b,46.79055,-109.5157135
2016-10-01 06:00:00,0.7892372132593745,9ea23099-dd30-4b26-9de7-5d42d5dae87b,46.79055,-109.5157135
2016-10-02 06:00:00,0.23465857758650796,9ea23099-dd30-4b26-9de7-5d42d5dae87b,46.79055,-109.5157135
2016-10-03 06:00:00,0.0009492261153532235,9ea23099-dd30-4b26-9de7-5d42d5dae87b,46.79055,-109.5157135
2016-10-04 06:00:00,0.0032578502499371865,9ea23099-dd30-4b26-9de7-5d42d5dae87b,46.79055,-109.5157135
2016-10-05 06:00:00,0.01760474707321215,9ea23099-dd30-4b26-9de7-5d42d5dae87b,46.79055,-109.5157135
2016-10-06 06:00:00,0.10274076782400599,9ea23099-dd30-4b26-9de7-5d42d5dae87b,46.79055,-109.5157135
2016-10-07 06:00:00,0.11048940595771584,9ea23099-dd30-4b26-9de7-5d42d5dae87b,46.79055,-109.5157135
2016-10-08 06:00:00,0.40534112161148705,9ea23099-dd30-4b26-9de7-5d42d5dae87b,46.79055,-109.5157135
2016-10-09 06:00:00,0.4838008885547673,9ea23099-dd30-4b26-9de7-5d42d5dae87b,46.79055,-109.5157135
2016-10-10 06:00:00,0.0,9ea23099-dd30-4b26-9de7-5d42d5dae87b,46.79055,-109.5157135
2016-10-11 06:00:00,0.03212026448414145,9ea23099-dd30-4b26-9de7-5d42d5dae87b,46.79055,-109.5157135
2016-10-12 06:00:00,0.30287919845107536,9ea23099-dd30-4b26-9de7-5d42d5dae87b,46.79055,-109.5157135
2016-10-13 06:00:00,0.48888055419464965,9ea23099-dd30-4b26-9de7-5d42d5dae87b,46.79055,-109.5157135
2016-10-14 06:00:00,0.500968448584088,9ea23099-dd30-4b26-9de7-5d42d5dae87b,46.79055,-109.5157135
2016-10-15 06:00:00,0.38056206669437753,9ea23099-dd30-4b26-9de7-5d42d5dae87b,46.79055,-109.5157135
2016-10-16 06:00:00,0.2988646900612303,9ea23099-dd30-4b26-9de7-5d42d5dae87b,46.79055,-109.5157135
2016-10-17 06:00:00,0.24877183183456542,9ea23099-dd30-4b26-9de7-5d42d5dae87b,46.79055,-109.5157135
2016-10-18 06:00:00,0.29468090681664205,9ea23099-dd30-4b26-9de7-5d42d5dae87b,46.79055,-109.5157135
2016-10-19 06:00:00,0.21316161510317164,9ea23099-dd30-4b26-9de7-5d42d5dae87b,46.79055,-109.5157135
2016-10-20 06:00:00,0.39570051153881614,9ea23099-dd30-4b26-9de7-5d42d5dae87b,46.79055,-109.5157135
2016-10-21 06:00:00,0.3669357111593156,9ea23099-dd30-4b26-9de7-5d42d5dae87b,46.79055,-109.5157135
2016-10-22 06:00:00,0.2996252374626202,9ea23099-dd30-4b26-9de7-5d42d5dae87b,46.79055,-109.5157135
2016-10-23 06:00:00,0.5013186917072388,9ea23099-dd30-4b26-9de7-5d42d5dae87b,46.79055,-109.5157135
2016-10-24 06:00:00,0.6215926731193522,9ea23099-dd30-4b26-9de7-5d42d5dae87b,46.79055,-109.5157135
2016-10-25 06:00:00,0.48486550027692765,9ea23099-dd30-4b26-9de7-5d42d5dae87b,46.79055,-109.5157135
2016-10-26 06:00:00,0.36738326971643054,9ea23099-dd30-4b26-9de7-5d42d5dae87b,46.79055,-109.5157135
2016-10-27 06:00:00,0.6568747049113183,9ea23099-dd30-4b26-9de7-5d42d5dae87b,46.79055,-109.5157135
2016-10-28 06:00:00,0.12348675490957309,9ea23099-dd30-4b26-9de7-5d42d5dae87b,46.79055,-109.5157135
2016-10-29 06:00:00,0.20084301566620733,9ea23099-dd30-4b26-9de7-5d42d5dae87b,46.79055,-109.5157135
2016-10-30 06:00:00,0.41901247940620057,9ea23099-dd30-4b26-9de7-5d42d5dae87b,46.79055,-109.5157135
2016-10-31 06:00:00,0.21950861145758455,9ea23099-dd30-4b26-9de7-5d42d5dae87b,46.79055,-109.5157135
2016-11-01 06:00:00,0.3290278532571493,9ea23099-dd30-4b26-9de7-5d42d5dae87b,46.79055,-109.5157135
2016-11-02 06:00:00,0.4357176798976671,9ea23099-dd30-4b26-9de7-5d42d5dae87b,46.79055,-109.5157135
2016-11-03 06:00:00,0.7140144548453519,9ea23099-dd30-4b26-9de7-5d42d5dae87b,46.79055,-109.5157135
2016-11-04 06:00:00,0.8483588608299812,9ea23099-dd30-4b26-9de7-5d42d5dae87b,46.79055,-109.5157135
2016-11-05 06:00:00,0.8584272853692648,9ea23099-dd30-4b26-9de7-5d42d5dae87b,46.79055,-109.5157135
2016-11-06 06:00:00,0.6314732141611051,9ea23099-dd30-4b26-9de7-5d42d5dae87b,46.79055,-109.5157135
2016-11-07 06:00:00,0.4942353524605156,9ea23099-dd30-4b26-9de7-5d42d5dae87b,46.79055,-109.5157135
2016-11-08 06:00:00,0.7677908374145886,9ea23099-dd30-4b26-9de7-5d42d5dae87b,46.79055,-109.5157135
2016-11-09 06:00:00,0.7399388779642688,9ea23099-dd30-4b26-9de7-5d42d5dae87b,46.79055,-109.5157135
2016-11-10 06:00:00,0.37690830028223243,9ea23099-dd30-4b26-9de7-5d42d5dae87b,46.79055,-109.5157135
2016-11-11 06:00:00,0.7684782819257795,9ea23099-dd30-4b26-9de7-5d42d5dae87b,46.79055,-109.5157135
2016-11-12 06:00:00,0.7124489852671838,9ea23099-dd30-4b26-9de7-5d42d5dae87b,46.79055,-109.5157135
2016-11-13 06:00:00,0.46445491681530915,9ea23099-dd30-4b26-9de7-5d42d5dae87b,46.79055,-109.5157135
2016-11-14 06:00:00,0.5327627436624587,9ea23099-dd30-4b26-9de7-5d42d5dae87b,46.79055,-109.5157135
2016-11-15 06:00:00,0.2742039741695134,9ea23099-dd30-4b26-9de7-5d42d5dae87b,46.79055,-109.5157135
2016-11-16 06:00:00,0.14398395040361306,9ea23099-dd30-4b26-9de7-5d42d5dae87b,46.79055,-109.5157135
2016-11-17 06:00:00,0.0030491402444108432,9ea23099-dd30-4b26-9de7-5d42d5dae87b,46.79055,-109.5157135
2016-11-18 06:00:00,0.10771730595401352,9ea23099-dd30-4b26-9de7-5d42d5dae87b,46.79055,-109.5157135
2016-11-19 06:00:00,0.36820450482260464,9ea23099-dd30-4b26-9de7-5d42d5dae87b,46.79055,-109.5157135
2016-11-20 06:00:00,0.468263694997033,9ea23099-dd30-4b26-9de7-5d42d5dae87b,46.79055,-109.5157135
2016-11-21 06:00:00,0.23971800480154745,9ea23099-dd30-4b26-9de7-5d42d5dae87b,46.79055,-109.5157135
2016-11-22 06:00:00,0.19558251919127503,9ea23099-dd30-4b26-9de7-5d42d5dae87b,46.79055,-109.5157135
2016-11-23 06:00:00,0.257989464087561,9ea23099-dd30-4b26-9de7-5d42d5dae87b,46.79055,-109.5157135
2016-11-24 06:00:00,0.21639881902195846,9ea23099-dd30-4b26-9de7-5d42d5dae87b,46.79055,-109.5157135
2016-11-25 06:00:00,0.40093716872589913,9ea23099-dd30-4b26-9de7-5d42d5dae87b,46.79055,-109.5157135
2016-11-26 06:00:00,0.4828365068973563,9ea23099-dd30-4b26-9de7-5d42d5dae87b,46.79055,-109.5157135
2016-11-27 06:00:00,0.4140538746679286,9ea23099-dd30-4b26-9de7-5d42d5dae87b,46.79055,-109.5157135
2016-11-28 06:00:00,0.10835630197454411,9ea23099-dd30-4b26-9de7-5d42d5dae87b,46.79055,-109.5157135
2016-11-29 06:00:00,0.05994152065158823,9ea23099-dd30-4b26-9de7-5d42d5dae87b,46.79055,-109.5157135
2016-11-30 06:00:00,0.13439249850887452,9ea23099-dd30-4b26-9de7-5d42d5dae87b,46.79055,-109.5157135
2016-12-01 06:00:00,0.14536994655425123,9ea23099-dd30-4b26-9de7-5d42d5dae87b,46.79055,-109.5157135
2016-12-02 06:00:00,0.12583609987764197,9ea23099-dd30-4b26-9de7-5d42d5dae87b,46.79055,-109.5157135
2016-12-03 06:00:00,0.218616090909633,9ea23099-dd30-4b26-9de7-5d42d5dae87b,46.79055,-109.5157135
2016-12-04 06:00:00,0.13670349136669876,9ea23099-dd30-4b26-9de7-5d42d5dae87b,46.79055,-109.5157135
2016-12-05 06:00:00,0.01516720891738706,9ea23099-dd30-4b26-9de7-5d42d5dae87b,46.79055,-109.5157135
2016-12-06 06:00:00,0.021645920300849737,9ea23099-dd30-4b26-9de7-5d42d5dae87b,46.79055,-109.5157135
2016-12-07 06:00:00,0.031901336623881435,9ea23099-dd30-4b26-9de7-5d42d5dae87b,46.79055,-109.5157135
2016-12-08 06:00:00,0.051866055346168706,9ea23099-dd30-4b26-9de7-5d42d5dae87b,46.79055,-109.5157135
2016-12-09 06:00:00,0.11894918640731517,9ea23099-dd30-4b26-9de7-5d42d5dae87b,46.79055,-109.5157135
2016-12-10 06:00:00,0.10403406507098714,9ea23099-dd30-4b26-9de7-5d42d5dae87b,46.79055,-109.5157135
2016-12-11 06:00:00,0.10113902240082985,9ea23099-dd30-4b26-9de7-5d42d5dae87b,46.79055,-109.5157135
2016-12-12 06:00:00,0.027833462585711302,9ea23099-dd30-4b26-9de7-5d42d5dae87b,46.79055,-109.5157135
2016-12-13 06:00:00,0.05643279409483853,9ea23099-dd30-4b26-9de7-5d42d5dae87b,46.79055,-109.5157135
2016-12-14 06:00:00,0.1167394374059156,9ea23099-dd30-4b26-9de7-5d42d5dae87b,46.79055,-109.5157135
2016-12-15 06:00:00,0.060527113636222235,9ea23099-dd30-4b26-9de7-5d42d5dae87b,46.79055,-109.5157135
2016-12-16 06:00:00,0.00681403153235229,9ea23099-dd30-4b26-9de7-5d42d5dae87b,46.79055,-109.5157135
2016-12-17 06:00:00,0.045022587366531946,9ea23099-dd30-4b26-9de7-5d42d5dae87b,46.79055,-109.5157135
2016-12-18 06:00:00,0.09541768299006834,9ea23099-dd30-4b26-9de7-5d42d5dae87b,46.79055,-109.5157135
2016-12-19 06:00:00,0.23210464112901935,9ea23099-dd30-4b26-9de7-5d42d5dae87b,46.79055,-109.5157135
2016-12-20 06:00:00,0.23916553960340778,9ea23099-dd30-4b26-9de7-5d42d5dae87b,46.79055,-109.5157135
2016-12-21 06:00:00,0.20096480932073718,9ea23099-dd30-4b26-9de7-5d42d5dae87b,46.79055,-109.5157135
2016-12-22 06:00:00,0.39196239108096415,9ea23099-dd30-4b26-9de7-5d42d5dae87b,46.79055,-109.5157135
2016-12-23 06:00:00,0.33857926126660365,9ea23099-dd30-4b26-9de7-5d42d5dae87b,46.79055,-109.5157135
2016-12-24 06:00:00,0.17527851816721074,9ea23099-dd30-4b26-9de7-5d42d5dae87b,46.79055,-109.5157135
2016-12-25 06:00:00,0.10716449706214852,9ea23099-dd30-4b26-9de7-5d42d5dae87b,46.79055,-109.5157135
2016-12-26 06:00:00,0.14676038478257764,9ea23099-dd30-4b26-9de7-5d42d5dae87b,46.79055,-109.5157135
2016-12-27 06:00:00,0.16722093814601047,9ea23099-dd30-4b26-9de7-5d42d5dae87b,46.79055,-109.5157135
2016-12-28 06:00:00,0.18585361161298447,9ea23099-dd30-4b26-9de7-5d42d5dae87b,46.79055,-109.5157135
2016-12-29 06:00:00,0.31397724574762764,9ea23099-dd30-4b26-9de7-5d42d5dae87b,46.79055,-109.5157135
2016-12-30 06:00:00,0.2008459099571671,9ea23099-dd30-4b26-9de7-5d42d5dae87b,46.79055,-109.5157135
2016-12-31 06:00:00,0.13168476633597748,9ea23099-dd30-4b26-9de7-5d42d5dae87b,46.79055,-109.5157135
2017-01-01 06:00:00,0.0504790947217663,9ea23099-dd30-4b26-9de7-5d42d5dae87b,46.79055,-109.5157135
2017-01-02 06:00:00,0.020479093618911624,9ea23099-dd30-4b26-9de7-5d42d5dae87b,46.79055,-109.5157135
2017-01-03 06:00:00,0.01095818790837551,9ea23099-dd30-4b26-9de7-5d42d5dae87b,46.79055,-109.5157135
2017-01-04 06:00:00,0.02095818768485809,9ea23099-dd30-4b26-9de7-5d42d5dae87b,46.79055,-109.5157135
2017-01-05 06:00:00,0.05191637718732037,9ea23099-dd30-4b26-9de7-5d42d5dae87b,46.79055,-109.5157135
2017-01-06 06:00:00,0.0928745681504339,9ea23099-dd30-4b26-9de7-5d42d5dae87b,46.79055,-109.5157135
2017-01-07 06:00:00,0.1899999976158142,9ea23099-dd30-4b26-9de7-5d42d5dae87b,46.79055,-109.5157135
2017-01-08 06:00:00,0.26952091568126907,9ea23099-dd30-4b26-9de7-5d42d5dae87b,46.79055,-109.5157135
2017-01-09 06:00:00,0.11425086852643337,9ea23099-dd30-4b26-9de7-5d42d5dae87b,46.79055,-109.5157135
2017-01-10 06:00:00,0.048562718457980436,9ea23099-dd30-4b26-9de7-5d42d5dae87b,46.79055,-109.5157135
2017-01-11 06:00:00,0.07047909427473144,9ea23099-dd30-4b26-9de7-5d42d5dae87b,46.79055,-109.5157135
2017-01-12 06:00:00,0.09239547381677277,9ea23099-dd30-4b26-9de7-5d42d5dae87b,46.79055,-109.5157135
2017-01-13 06:00:00,0.1128745639781088,9ea23099-dd30-4b26-9de7-5d42d5dae87b,46.79055,-109.5157135
2017-01-14 06:00:00,0.13383274775920012,9ea23099-dd30-4b26-9de7-5d42d5dae87b,46.79055,-109.5157135
2017-01-15 06:00:00,0.21335365235130543,9ea23099-dd30-4b26-9de7-5d42d5dae87b,46.79055,-109.5157135
2017-01-16 06:00:00,0.17383275431571102,9ea23099-dd30-4b26-9de7-5d42d5dae87b,46.79055,-109.5157135
2017-01-17 06:00:00,0.3723954742949598,9ea23099-dd30-4b26-9de7-5d42d5dae87b,46.79055,-109.5157135
2017-01-18 06:00:00,0.5523954828753288,9ea23099-dd30-4b26-9de7-5d42d5dae87b,46.79055,-109.5157135
2017-01-19 06:00:00,0.35239546499393537,9ea23099-dd30-4b26-9de7-5d42d5dae87b,46.79055,-109.5157135
2017-01-20 06:00:00,0.15383275848803618,9ea23099-dd30-4b26-9de7-5d42d5dae87b,46.79055,-109.5157135
2017-01-21 06:00:00,0.19239546785630826,9ea23099-dd30-4b26-9de7-5d42d5dae87b,46.79055,-109.5157135
2017-01-22 06:00:00,0.17335365998204988,9ea23099-dd30-4b26-9de7-5d42d5dae87b,46.79055,-109.5157135
2017-01-23 06:00:00,0.031437281527287135,9ea23099-dd30-4b26-9de7-5d42d5dae87b,46.79055,-109.5157135
2017-01-24 06:00:00,0.05191637718732037,9ea23099-dd30-4b26-9de7-5d42d5dae87b,46.79055,-109.5157135
2017-01-25 06:00:00,0.1128745639781088,9ea23099-dd30-4b26-9de7-5d42d5dae87b,46.79055,-109.5157135
2017-01-26 06:00:00,0.11239546964444763,9ea23099-dd30-4b26-9de7-5d42d5dae87b,46.79055,-109.5157135
2017-01-27 06:00:00,0.19191637423655294,9ea23099-dd30-4b26-9de7-5d42d5dae87b,46.79055,-109.5157135
2017-01-28 06:00:00,0.37191638067520444,9ea23099-dd30-4b26-9de7-5d42d5dae87b,46.79055,-109.5157135
2017-01-29 06:00:00,0.6109582015446254,9ea23099-dd30-4b26-9de7-5d42d5dae87b,46.79055,-109.5157135
2017-01-30 06:00:00,0.30191638782776187,9ea23099-dd30-4b26-9de7-5d42d5dae87b,46.79055,-109.5157135
2017-01-31 06:00:00,0.05999999865889549,9ea23099-dd30-4b26-9de7-5d42d5dae87b,46.79055,-109.5157135
2017-02-01 06:00:00,0.030958187550578897,9ea23099-dd30-4b26-9de7-5d42d5dae87b,46.79055,-109.5157135
2017-02-02 06:00:00,0.06095818679078841,9ea23099-dd30-4b26-9de7-5d42d5dae87b,46.79055,-109.5157135
2017-02-03 06:00:00,0.22047909314156824,9ea23099-dd30-4b26-9de7-5d42d5dae87b,46.79055,-109.5157135
2017-02-04 06:00:00,0.15000000596046448,9ea23099-dd30-4b26-9de7-5d42d5dae87b,46.79055,-109.5157135
2017-02-05 06:00:00,0.2709581979683467,9ea23099-dd30-4b26-9de7-5d42d5dae87b,46.79055,-109.5157135
2017-02-06 06:00:00,0.03904181097403739,9ea23099-dd30-4b26-9de7-5d42d5dae87b,46.79055,-109.5157135
2017-02-07 06:00:00,0.08808362713401637,9ea23099-dd30-4b26-9de7-5d42d5dae87b,46.79055,-109.5157135
2017-02-08 06:00:00,0.1899999976158142,9ea23099-dd30-4b26-9de7-5d42d5dae87b,46.79055,-109.5157135
2017-02-09 06:00:00,0.3743118516296043,9ea23099-dd30-4b26-9de7-5d42d5dae87b,46.79055,-109.5157135
2017-02-10 06:00:00,0.30287457649508415,9ea23099-dd30-4b26-9de7-5d42d5dae87b,46.79055,-109.5157135
2017-02-11 06:00:00,0.17527003660278864,9ea23099-dd30-4b26-9de7-5d42d5dae87b,46.79055,-109.5157135
2017-02-12 06:00:00,0.33239548263961005,9ea23099-dd30-4b26-9de7-5d42d5dae87b,46.79055,-109.5157135
2017-02-13 06:00:00,0.39239545664928516,9ea23099-dd30-4b26-9de7-5d42d5dae87b,46.79055,-109.5157135
2017-02-14 06:00:00,0.466707326160283,9ea23099-dd30-4b26-9de7-5d42d5dae87b,46.79055,-109.5157135
2017-02-15 06:00:00,0.8347909252194992,9ea23099-dd30-4b26-9de7-5d42d5dae87b,46.79055,-109.5157135
2017-02-16 06:00:00,0.674790955742477,9ea23099-dd30-4b26-9de7-5d42d5dae87b,46.79055,-109.5157135
2017-02-17 06:00:00,0.3743118516296043,9ea23099-dd30-4b26-9de7-5d42d5dae87b,46.79055,-109.5157135
2017-02-18 06:00:00,0.5519163863999501,9ea23099-dd30-4b26-9de7-5d42d5dae87b,46.79055,-109.5157135
2017-02-19 06:00:00,0.3647909547861029,9ea23099-dd30-4b26-9de7-5d42d5dae87b,46.79055,-109.5157135
2017-02-20 06:00:00,0.3462282263443444,9ea23099-dd30-4b26-9de7-5d42d5dae87b,46.79055,-109.5157135
2017-02-21 06:00:00,0.30479095240191706,9ea23099-dd30-4b26-9de7-5d42d5dae87b,46.79055,-109.5157135
2017-02-22 06:00:00,0.12143727996182148,9ea23099-dd30-4b26-9de7-5d42d5dae87b,46.79055,-109.5157135
2017-02-23 06:00:00,0.06143728112444955,9ea23099-dd30-4b26-9de7-5d42d5dae87b,46.79055,-109.5157135
2017-02-24 06:00:00,0.09191637948311163,9ea23099-dd30-4b26-9de7-5d42d5dae87b,46.79055,-109.5157135
2017-02-25 06:00:00,0.10191637775390198,9ea23099-dd30-4b26-9de7-5d42d5dae87b,46.79055,-109.5157135
2017-02-26 06:00:00,0.1119163760246923,9ea23099-dd30-4b26-9de7-5d42d5dae87b,46.79055,-109.5157135
2017-02-27 06:00:00,0.11095818735737001,9ea23099-dd30-4b26-9de7-5d42d5dae87b,46.79055,-109.5157135
2017-02-28 06:00:00,0.14191637721678518,9ea23099-dd30-4b26-9de7-5d42d5dae87b,46.79055,-109.5157135
2017-03-01 06:00:00,0.11239546964444763,9ea23099-dd30-4b26-9de7-5d42d5dae87b,46.79055,-109.5157135
2017-03-02 06:00:00,0.1628745609978765,9ea23099-dd30-4b26-9de7-5d42d5dae87b,46.79055,-109.5157135
2017-03-03 06:00:00,0.3938327389363628,9ea23099-dd30-4b26-9de7-5d42d5dae87b,46.79055,-109.5157135
2017-03-04 06:00:00,0.4538327398927369,9ea23099-dd30-4b26-9de7-5d42d5dae87b,46.79055,-109.5157135
2017-03-05 06:00:00,0.32431183970867544,9ea23099-dd30-4b26-9de7-5d42d5dae87b,46.79055,-109.5157135
2017-03-06 06:00:00,0.15287456982071387,9ea23099-dd30-4b26-9de7-5d42d5dae87b,46.79055,-109.5157135
2017-03-07 06:00:00,0.1819163830593903,9ea23099-dd30-4b26-9de7-5d42d5dae87b,46.79055,-109.5157135
2017-03-08 06:00:00,0.22047909314156824,9ea23099-dd30-4b26-9de7-5d42d5dae87b,46.79055,-109.5157135
2017-03-09 06:00:00,0.11808362105400509,9ea23099-dd30-4b26-9de7-5d42d5dae87b,46.79055,-109.5157135
2017-03-10 06:00:00,0.18904180966239767,9ea23099-dd30-4b26-9de7-5d42d5dae87b,46.79055,-109.5157135
2017-03-11 06:00:00,0.37808361932479534,9ea23099-dd30-4b26-9de7-5d42d5dae87b,46.79055,-109.5157135
2017-03-12 06:00:00,0.22856272188524748,9ea23099-dd30-4b26-9de7-5d42d5dae87b,46.79055,-109.5157135
2017-03-13 06:00:00,0.4214372691740557,9ea23099-dd30-4b26-9de7-5d42d5dae87b,46.79055,-109.5157135
2017-03-14 06:00:00,0.33527004721376535,9ea23099-dd30-4b26-9de7-5d42d5dae87b,46.79055,-109.5157135
2017-03-15 06:00:00,0.5471864314652486,9ea23099-dd30-4b26-9de7-5d42d5dae87b,46.79055,-109.5157135
2017-03-16 06:00:00,0.375270038869115,9ea23099-dd30-4b26-9de7-5d42d5dae87b,46.79055,-109.5157135
2017-03-17 06:00:00,0.4533536462729816,9ea23099-dd30-4b26-9de7-5d42d5dae87b,46.79055,-109.5157135
2017-03-18 06:00:00,0.8905400662887386,9ea23099-dd30-4b26-9de7-5d42d5dae87b,46.79055,-109.5157135
2017-03-19 06:00:00,0.3943118325561181,9ea23099-dd30-4b26-9de7-5d42d5dae87b,46.79055,-109.5157135
2017-03-20 06:00:00,0.19335365580972474,9ea23099-dd30-4b26-9de7-5d42d5dae87b,46.79055,-109.5157135
2017-03-21 06:00:00,0.40143728824754205,9ea23099-dd30-4b26-9de7-5d42d5dae87b,46.79055,-109.5157135
2017-03-22 06:00:00,0.5376654778727255,9ea23099-dd30-4b26-9de7-5d42d5dae87b,46.79055,-109.5157135
2017-03-23 06:00:00,0.40479094644145264,9ea23099-dd30-4b26-9de7-5d42d5dae87b,46.79055,-109.5157135
2017-03-24 06:00:00,0.5481446187047593,9ea23099-dd30-4b26-9de7-5d42d5dae87b,46.79055,-109.5157135
2017-03-25 06:00:00,0.3847909357126165,9ea23099-dd30-4b26-9de7-5d42d5dae87b,46.79055,-109.5157135
2017-03-26 06:00:00,0.44574912676412465,9ea23099-dd30-4b26-9de7-5d42d5dae87b,46.79055,-109.5157135
2017-03-27 06:00:00,0.32622821561550835,9ea23099-dd30-4b26-9de7-5d42d5dae87b,46.79055,-109.5157135
2017-03-28 06:00:00,0.37479094524935963,9ea23099-dd30-4b26-9de7-5d42d5dae87b,46.79055,-109.5157135
2017-03-29 06:00:00,0.3867073116194495,9ea23099-dd30-4b26-9de7-5d42d5dae87b,46.79055,-109.5157135
2017-03-30 06:00:00,0.3647909547861029,9ea23099-dd30-4b26-9de7-5d42d5dae87b,46.79055,-109.5157135
2017-03-31 06:00:00,0.3233536510413531,9ea23099-dd30-4b26-9de7-5d42d5dae87b,46.79055,-109.5157135
2017-04-01 06:00:00,0.4362282299206231,9ea23099-dd30-4b26-9de7-5d42d5dae87b,46.79055,-109.5157135
2017-04-02 06:00:00,0.3562282168076013,9ea23099-dd30-4b26-9de7-5d42d5dae87b,46.79055,-109.5157135
2017-04-03 06:00:00,0.19383275085729168,9ea23099-dd30-4b26-9de7-5d42d5dae87b,46.79055,-109.5157135
2017-04-04 06:00:00,0.2538327532414775,9ea23099-dd30-4b26-9de7-5d42d5dae87b,46.79055,-109.5157135
2017-04-05 06:00:00,0.48527002337190733,9ea23099-dd30-4b26-9de7-5d42d5dae87b,46.79055,-109.5157135
2017-04-06 06:00:00,0.7291028159524504,9ea23099-dd30-4b26-9de7-5d42d5dae87b,46.79055,-109.5157135
2017-04-07 06:00:00,0.5881445834134097,9ea23099-dd30-4b26-9de7-5d42d5dae87b,46.79055,-109.5157135
2017-04-08 06:00:00,0.4352700426811124,9ea23099-dd30-4b26-9de7-5d42d5dae87b,46.79055,-109.5157135
2017-04-09 06:00:00,0.002395470418970551,9ea23099-dd30-4b26-9de7-5d42d5dae87b,46.79055,-109.5157135
2017-04-10 06:00:00,0.25431184686123287,9ea23099-dd30-4b26-9de7-5d42d5dae87b,46.79055,-109.5157135
2017-04-11 06:00:00,0.414311843284954,9ea23099-dd30-4b26-9de7-5d42d5dae87b,46.79055,-109.5157135
2017-04-12 06:00:00,0.4943118549701644,9ea23099-dd30-4b26-9de7-5d42d5dae87b,46.79055,-109.5157135
2017-04-13 06:00:00,0.8395818642726757,9ea23099-dd30-4b26-9de7-5d42d5dae87b,46.79055,-109.5157135
2017-04-14 06:00:00,0.3647909547861029,9ea23099-dd30-4b26-9de7-5d42d5dae87b,46.79055,-109.5157135
2017-04-15 06:00:00,0.284790941673081,9ea23099-dd30-4b26-9de7-5d42d5dae87b,46.79055,-109.5157135
2017-04-16 06:00:00,0.414311843284954,9ea23099-dd30-4b26-9de7-5d42d5dae87b,46.79055,-109.5157135
2017-04-17 06:00:00,0.4452700331443693,9ea23099-dd30-4b26-9de7-5d42d5dae87b,46.79055,-109.5157135
2017-04-18 06:00:00,0.5867073025541438,9ea23099-dd30-4b26-9de7-5d42d5dae87b,46.79055,-109.5157135
2017-04-19 06:00:00,0.4071864173958526,9ea23099-dd30-4b26-9de7-5d42d5dae87b,46.79055,-109.5157135
2017-04-20 06:00:00,0.5476655250850039,9ea23099-dd30-4b26-9de7-5d42d5dae87b,46.79055,-109.5157135
2017-04-21 06:00:00,0.14383275312361815,9ea23099-dd30-4b26-9de7-5d42d5dae87b,46.79055,-109.5157135
2017-04-22 06:00:00,0.3857491243799388,9ea23099-dd30-4b26-9de7-5d42d5dae87b,46.79055,-109.5157135
2017-04-23 06:00:00,0.4762282230037844,9ea23099-dd30-4b26-9de7-5d42d5dae87b,46.79055,-109.5157135
2017-04-24 06:00:00,0.30383276373459484,9ea23099-dd30-4b26-9de7-5d42d5dae87b,46.79055,-109.5157135
2017-04-25 06:00:00,0.20239547322072632,9ea23099-dd30-4b26-9de7-5d42d5dae87b,46.79055,-109.5157135
2017-04-26 06:00:00,0.23431185031965218,9ea23099-dd30-4b26-9de7-5d42d5dae87b,46.79055,-109.5157135
2017-04-27 06:00:00,0.15383275848803618,9ea23099-dd30-4b26-9de7-5d42d5dae87b,46.79055,-109.5157135
2017-04-28 06:00:00,0.21431184101862769,9ea23099-dd30-4b26-9de7-5d42d5dae87b,46.79055,-109.5157135
2017-04-29 06:00:00,0.3152700364849293,9ea23099-dd30-4b26-9de7-5d42d5dae87b,46.79055,-109.5157135
2017-04-30 06:00:00,0.466707326160283,9ea23099-dd30-4b26-9de7-5d42d5dae87b,46.79055,-109.5157135
2017-05-01 06:00:00,0.3247909333284308,9ea23099-dd30-4b26-9de7-5d42d5dae87b,46.79055,-109.5157135
2017-05-02 06:00:00,0.23431185031965218,9ea23099-dd30-4b26-9de7-5d42d5dae87b,46.79055,-109.5157135
2017-05-03 06:00:00,0.6162282370731805,9ea23099-dd30-4b26-9de7-5d42d5dae87b,46.79055,-109.5157135
2017-05-04 06:00:00,0.9305400848907874,9ea23099-dd30-4b26-9de7-5d42d5dae87b,46.79055,-109.5157135
2017-05-05 06:00:00,1.082456497988219,9ea23099-dd30-4b26-9de7-5d42d5dae87b,46.79055,-109.5157135
2017-05-06 06:00:00,1.1724564121575305,9ea23099-dd30-4b26-9de7-5d42d5dae87b,46.79055,-109.5157135
2017-05-07 06:00:00,0.28431184805332566,9ea23099-dd30-4b26-9de7-5d42d5dae87b,46.79055,-109.5157135
2017-05-08 06:00:00,0.5247909228353134,9ea23099-dd30-4b26-9de7-5d42d5dae87b,46.79055,-109.5157135
2017-05-09 06:00:00,0.6767073330771215,9ea23099-dd30-4b26-9de7-5d42d5dae87b,46.79055,-109.5157135
2017-05-10 06:00:00,0.7100609655164258,9ea23099-dd30-4b26-9de7-5d42d5dae87b,46.79055,-109.5157135
2017-05-11 06:00:00,1.03197733284289,9ea23099-dd30-4b26-9de7-5d42d5dae87b,46.79055,-109.5157135
2017-05-12 06:00:00,1.0124564455361316,9ea23099-dd30-4b26-9de7-5d42d5dae87b,46.79055,-109.5157135
2017-05-13 06:00:00,0.06479093931836012,9ea23099-dd30-4b26-9de7-5d42d5dae87b,46.79055,-109.5157135
2017-05-14 06:00:00,0.4252700209877216,9ea23099-dd30-4b26-9de7-5d42d5dae87b,46.79055,-109.5157135
2017-05-15 06:00:00,0.31479094286517395,9ea23099-dd30-4b26-9de7-5d42d5dae87b,46.79055,-109.5157135
2017-05-16 06:00:00,0.4471864076233907,9ea23099-dd30-4b26-9de7-5d42d5dae87b,46.79055,-109.5157135
2017-05-17 06:00:00,0.12431184382207092,9ea23099-dd30-4b26-9de7-5d42d5dae87b,46.79055,-109.5157135
2017-05-18 06:00:00,0.2447909358304759,9ea23099-dd30-4b26-9de7-5d42d5dae87b,46.79055,-109.5157135
2017-05-19 06:00:00,0.4562282108471368,9ea23099-dd30-4b26-9de7-5d42d5dae87b,46.79055,-109.5157135
2017-05-20 06:00:00,0.47670731662353977,9ea23099-dd30-4b26-9de7-5d42d5dae87b,46.79055,-109.5157135
2017-05-21 06:00:00,0.468144607019549,9ea23099-dd30-4b26-9de7-5d42d5dae87b,46.79055,-109.5157135
2017-05-22 06:00:00,0.5462282442257379,9ea23099-dd30-4b26-9de7-5d42d5dae87b,46.79055,-109.5157135
2017-05-23 06:00:00,0.80910279926315,9ea23099-dd30-4b26-9de7-5d42d5dae87b,46.79055,-109.5157135
2017-05-24 06:00:00,0.7295819095722058,9ea23099-dd30-4b26-9de7-5d42d5dae87b,46.79055,-109.5157135
2017-05-25 06:00:00,0.19479093809680234,9ea23099-dd30-4b26-9de7-5d42d5dae87b,46.79055,-109.5157135
2017-05-26 06:00:00,0.41622822061959863,9ea23099-dd30-4b26-9de7-5d42d5dae87b,46.79055,-109.5157135
2017-05-27 06:00:00,0.5295818647441131,9ea23099-dd30-4b26-9de7-5d42d5dae87b,46.79055,-109.5157135
2017-05-28 06:00:00,0.5476655250850039,9ea23099-dd30-4b26-9de7-5d42d5dae87b,46.79055,-109.5157135
2017-05-29 06:00:00,0.5991027611161774,9ea23099-dd30-4b26-9de7-5d42d5dae87b,46.79055,-109.5157135
2017-05-30 06:00:00,0.7595818809619762,9ea23099-dd30-4b26-9de7-5d42d5dae87b,46.79055,-109.5157135
2017-05-31 06:00:00,1.1100609955679661,9ea23099-dd30-4b26-9de7-5d42d5dae87b,46.79055,-109.5157135
2017-06-01 06:00:00,1.181977309001032,9ea23099-dd30-4b26-9de7-5d42d5dae87b,46.79055,-109.5157135
2017-06-02 06:00:00,0.7581446001027102,9ea23099-dd30-4b26-9de7-5d42d5dae87b,46.79055,-109.5157135
2017-06-03 06:00:00,0.982456474146361,9ea23099-dd30-4b26-9de7-5d42d5dae87b,46.79055,-109.5157135
2017-06-04 06:00:00,1.4124564216942734,9ea23099-dd30-4b26-9de7-5d42d5dae87b,46.79055,-109.5157135
2017-06-05 06:00:00,0.3357491408335207,9ea23099-dd30-4b26-9de7-5d42d5dae87b,46.79055,-109.5157135
2017-06-06 06:00:00,0.5481446187047593,9ea23099-dd30-4b26-9de7-5d42d5dae87b,46.79055,-109.5157135
2017-06-07 06:00:00,1.0581445552746176,9ea23099-dd30-4b26-9de7-5d42d5dae87b,46.79055,-109.5157135
2017-06-08 06:00:00,1.2110192066493348,9ea23099-dd30-4b26-9de7-5d42d5dae87b,46.79055,-109.5157135
2017-06-09 06:00:00,0.575749121995753,9ea23099-dd30-4b26-9de7-5d42d5dae87b,46.79055,-109.5157135
2017-06-10 06:00:00,0.43670732354037844,9ea23099-dd30-4b26-9de7-5d42d5dae87b,46.79055,-109.5157135
2017-06-11 06:00:00,0.6076655274691897,9ea23099-dd30-4b26-9de7-5d42d5dae87b,46.79055,-109.5157135
2017-06-12 06:00:00,0.7581446001027102,9ea23099-dd30-4b26-9de7-5d42d5dae87b,46.79055,-109.5157135
2017-06-13 06:00:00,0.3271864042828307,9ea23099-dd30-4b26-9de7-5d42d5dae87b,46.79055,-109.5157135
2017-06-14 06:00:00,0.5467073378454932,9ea23099-dd30-4b26-9de7-5d42d5dae87b,46.79055,-109.5157135
2017-06-15 06:00:00,0.5667073187720068,9ea23099-dd30-4b26-9de7-5d42d5dae87b,46.79055,-109.5157135
2017-06-16 06:00:00,0.6381445953343388,9ea23099-dd30-4b26-9de7-5d42d5dae87b,46.79055,-109.5157135
2017-06-17 06:00:00,0.48622821346704126,9ea23099-dd30-4b26-9de7-5d42d5dae87b,46.79055,-109.5157135
2017-06-18 06:00:00,0.5271863937897132,9ea23099-dd30-4b26-9de7-5d42d5dae87b,46.79055,-109.5157135
2017-06-19 06:00:00,0.657665482641097,9ea23099-dd30-4b26-9de7-5d42d5dae87b,46.79055,-109.5157135
2017-06-20 06:00:00,0.8862282179996942,9ea23099-dd30-4b26-9de7-5d42d5dae87b,46.79055,-109.5157135
2017-06-21 06:00:00,0.8381445834134097,9ea23099-dd30-4b26-9de7-5d42d5dae87b,46.79055,-109.5157135
2017-06-22 06:00:00,0.4252700209877216,9ea23099-dd30-4b26-9de7-5d42d5dae87b,46.79055,-109.5157135
2017-06-23 06:00:00,0.4571864009422707,9ea23099-dd30-4b26-9de7-5d42d5dae87b,46.79055,-109.5157135
2017-06-24 06:00:00,0.7171863914055275,9ea23099-dd30-4b26-9de7-5d42d5dae87b,46.79055,-109.5157135
2017-06-25 06:00:00,0.9091027663559862,9ea23099-dd30-4b26-9de7-5d42d5dae87b,46.79055,-109.5157135
2017-06-26 06:00:00,1.396289195437049,9ea23099-dd30-4b26-9de7-5d42d5dae87b,46.79055,-109.5157135
2017-06-27 06:00:00,0.7881445714924808,9ea23099-dd30-4b26-9de7-5d42d5dae87b,46.79055,-109.5157135
2017-06-28 06:00:00,0.7586236937224655,9ea23099-dd30-4b26-9de7-5d42d5dae87b,46.79055,-109.5157135
2017-06-29 06:00:00,0.5162282132313226,9ea23099-dd30-4b26-9de7-5d42d5dae87b,46.79055,-109.5157135
2017-06-30 06:00:00,0.7895818552073702,9ea23099-dd30-4b26-9de7-5d42d5dae87b,46.79055,-109.5157135
2017-07-01 06:00:00,1.2738937168586544,9ea23099-dd30-4b26-9de7-5d42d5dae87b,46.79055,-109.5157135
2017-07-02 06:00:00,1.3014982201496479,9ea23099-dd30-4b26-9de7-5d42d5dae87b,46.79055,-109.5157135
2017-07-03 06:00:00,1.6024564789147324,9ea23099-dd30-4b26-9de7-5d42d5dae87b,46.79055,-109.5157135
2017-07-04 06:00:00,1.3214982010761616,9ea23099-dd30-4b26-9de7-5d42d5dae87b,46.79055,-109.5157135
2017-07-05 06:00:00,1.7648519136349081,9ea23099-dd30-4b26-9de7-5d42d5dae87b,46.79055,-109.5157135
2017-07-06 06:00:00,1.591498301211965,9ea23099-dd30-4b26-9de7-5d42d5dae87b,46.79055,-109.5157135
2017-07-07 06:00:00,1.6253310215597783,9ea23099-dd30-4b26-9de7-5d42d5dae87b,46.79055,-109.5157135
2017-07-08 06:00:00,2.101977266085688,9ea23099-dd30-4b26-9de7-5d42d5dae87b,46.79055,-109.5157135
2017-07-09 06:00:00,1.8158100646131958,9ea23099-dd30-4b26-9de7-5d42d5dae87b,46.79055,-109.5157135
2017-07-10 06:00:00,1.5134146327756421,9ea23099-dd30-4b26-9de7-5d42d5dae87b,46.79055,-109.5157135
2017-07-11 06:00:00,1.019102780661101,9ea23099-dd30-4b26-9de7-5d42d5dae87b,46.79055,-109.5157135
2017-07-12 06:00:00,0.9734146141735932,9ea23099-dd30-4b26-9de7-5d42d5dae87b,46.79055,-109.5157135
2017-07-13 06:00:00,1.7672473817336847,9ea23099-dd30-4b26-9de7-5d42d5dae87b,46.79055,-109.5157135
2017-07-14 06:00:00,1.67724735406633,9ea23099-dd30-4b26-9de7-5d42d5dae87b,46.79055,-109.5157135
2017-07-15 06:00:00,1.9938937454688832,9ea23099-dd30-4b26-9de7-5d42d5dae87b,46.79055,-109.5157135
2017-07-16 06:00:00,1.4553310644751225,9ea23099-dd30-4b26-9de7-5d42d5dae87b,46.79055,-109.5157135
2017-07-17 06:00:00,1.2091028321703134,9ea23099-dd30-4b26-9de7-5d42d5dae87b,46.79055,-109.5157135
2017-07-18 06:00:00,1.3719773662214907,9ea23099-dd30-4b26-9de7-5d42d5dae87b,46.79055,-109.5157135
2017-07-19 06:00:00,1.4943728390886388,9ea23099-dd30-4b26-9de7-5d42d5dae87b,46.79055,-109.5157135
2017-07-20 06:00:00,2.02772647723919,9ea23099-dd30-4b26-9de7-5d42d5dae87b,46.79055,-109.5157135
2017-07-21 06:00:00,1.341498301211965,9ea23099-dd30-4b26-9de7-5d42d5dae87b,46.79055,-109.5157135
2017-07-22 06:00:00,1.3614982821384787,9ea23099-dd30-4b26-9de7-5d42d5dae87b,46.79055,-109.5157135
2017-07-23 06:00:00,1.694851866894067,9ea23099-dd30-4b26-9de7-5d42d5dae87b,46.79055,-109.5157135
2017-07-24 06:00:00,1.4776655322375611,9ea23099-dd30-4b26-9de7-5d42d5dae87b,46.79055,-109.5157135
2017-07-25 06:00:00,0.9781446258573164,9ea23099-dd30-4b26-9de7-5d42d5dae87b,46.79055,-109.5157135
2017-07-26 06:00:00,1.4338936891912994,9ea23099-dd30-4b26-9de7-5d42d5dae87b,46.79055,-109.5157135
2017-07-27 06:00:00,1.471019202823838,9ea23099-dd30-4b26-9de7-5d42d5dae87b,46.79055,-109.5157135
2017-07-28 06:00:00,1.5229355296191436,9ea23099-dd30-4b26-9de7-5d42d5dae87b,46.79055,-109.5157135
2017-07-29 06:00:00,1.8829355496355042,9ea23099-dd30-4b26-9de7-5d42d5dae87b,46.79055,-109.5157135
2017-07-30 06:00:00,1.8838937368750153,9ea23099-dd30-4b26-9de7-5d42d5dae87b,46.79055,-109.5157135
2017-07-31 06:00:00,1.732935567766116,9ea23099-dd30-4b26-9de7-5d42d5dae87b,46.79055,-109.5157135
2017-08-01 06:00:00,1.48149828690685,9ea23099-dd30-4b26-9de7-5d42d5dae87b,46.79055,-109.5157135
2017-08-02 06:00:00,0.5133536486571673,9ea23099-dd30-4b26-9de7-5d42d5dae87b,46.79055,-109.5157135
2017-08-03 06:00:00,0.9267073302214983,9ea23099-dd30-4b26-9de7-5d42d5dae87b,46.79055,-109.5157135
2017-08-04 06:00:00,1.2510191742136085,9ea23099-dd30-4b26-9de7-5d42d5dae87b,46.79055,-109.5157135
2017-08-05 06:00:00,0.32527002837599767,9ea23099-dd30-4b26-9de7-5d42d5dae87b,46.79055,-109.5157135
2017-08-06 06:00:00,0.6571863890213416,9ea23099-dd30-4b26-9de7-5d42d5dae87b,46.79055,-109.5157135
2017-08-07 06:00:00,1.099581911484954,9ea23099-dd30-4b26-9de7-5d42d5dae87b,46.79055,-109.5157135
2017-08-08 06:00:00,0.8871864052392049,9ea23099-dd30-4b26-9de7-5d42d5dae87b,46.79055,-109.5157135
2017-08-09 06:00:00,0.9591027754212919,9ea23099-dd30-4b26-9de7-5d42d5dae87b,46.79055,-109.5157135
2017-08-10 06:00:00,1.1900609249852676,9ea23099-dd30-4b26-9de7-5d42d5dae87b,46.79055,-109.5157135
2017-08-11 06:00:00,1.1186237051719572,9ea23099-dd30-4b26-9de7-5d42d5dae87b,46.79055,-109.5157135
2017-08-12 06:00:00,1.0305400519836239,9ea23099-dd30-4b26-9de7-5d42d5dae87b,46.79055,-109.5157135
2017-08-13 06:00:00,1.232456474146361,9ea23099-dd30-4b26-9de7-5d42d5dae87b,46.79055,-109.5157135
2017-08-14 06:00:00,0.5691027897264067,9ea23099-dd30-4b26-9de7-5d42d5dae87b,46.79055,-109.5157135
2017-08-15 06:00:00,0.8495818547359325,9ea23099-dd30-4b26-9de7-5d42d5dae87b,46.79055,-109.5157135
2017-08-16 06:00:00,1.291498229686391,9ea23099-dd30-4b26-9de7-5d42d5dae87b,46.79055,-109.5157135
2017-08-17 06:00:00,1.0919773948317204,9ea23099-dd30-4b26-9de7-5d42d5dae87b,46.79055,-109.5157135
2017-08-18 06:00:00,1.3324564979882185,9ea23099-dd30-4b26-9de7-5d42d5dae87b,46.79055,-109.5157135
2017-08-19 06:00:00,1.0886237337821865,9ea23099-dd30-4b26-9de7-5d42d5dae87b,46.79055,-109.5157135
2017-08-20 06:00:00,1.099102817865199,9ea23099-dd30-4b26-9de7-5d42d5dae87b,46.79055,-109.5157135
2017-08-21 06:00:00,0.9991027940233407,9ea23099-dd30-4b26-9de7-5d42d5dae87b,46.79055,-109.5157135
2017-08-22 06:00:00,1.4805400996673395,9ea23099-dd30-4b26-9de7-5d42d5dae87b,46.79055,-109.5157135
2017-08-23 06:00:00,1.6434146280072703,9ea23099-dd30-4b26-9de7-5d42d5dae87b,46.79055,-109.5157135
2017-08-24 06:00:00,1.3834146375440137,9ea23099-dd30-4b26-9de7-5d42d5dae87b,46.79055,-109.5157135
2017-08-25 06:00:00,1.151498243991506,9ea23099-dd30-4b26-9de7-5d42d5dae87b,46.79055,-109.5157135
2017-08-26 06:00:00,1.251498267833364,9ea23099-dd30-4b26-9de7-5d42d5dae87b,46.79055,-109.5157135
2017-08-27 06:00:00,1.8314983050374614,9ea23099-dd30-4b26-9de7-5d42d5dae87b,46.79055,-109.5157135
2017-08-28 06:00:00,1.765810100874419,9ea23099-dd30-4b26-9de7-5d42d5dae87b,46.79055,-109.5157135
2017-08-29 06:00:00,1.7767682785771863,9ea23099-dd30-4b26-9de7-5d42d5dae87b,46.79055,-109.5157135
2017-08-30 06:00:00,2.033893707321911,9ea23099-dd30-4b26-9de7-5d42d5dae87b,46.79055,-109.5157135
2017-08-31 06:00:00,1.494851932708394,9ea23099-dd30-4b26-9de7-5d42d5dae87b,46.79055,-109.5157135
2017-09-01 06:00:00,1.2195819162533255,9ea23099-dd30-4b26-9de7-5d42d5dae87b,46.79055,-109.5157135
2017-09-02 06:00:00,1.6538937120902826,9ea23099-dd30-4b26-9de7-5d42d5dae87b,46.79055,-109.5157135
2017-09-03 06:00:00,1.6986237480873014,9ea23099-dd30-4b26-9de7-5d42d5dae87b,46.79055,-109.5157135
2017-09-04 06:00:00,0.6262282275364373,9ea23099-dd30-4b26-9de7-5d42d5dae87b,46.79055,-109.5157135
2017-09-05 06:00:00,1.0962282561466667,9ea23099-dd30-4b26-9de7-5d42d5dae87b,46.79055,-109.5157135
2017-09-06 06:00:00,1.3400610146414522,9ea23099-dd30-4b26-9de7-5d42d5dae87b,46.79055,-109.5157135
2017-09-07 06:00:00,1.5919773948317202,9ea23099-dd30-4b26-9de7-5d42d5dae87b,46.79055,-109.5157135
2017-09-08 06:00:00,1.892456446479006,9ea23099-dd30-4b26-9de7-5d42d5dae87b,46.79055,-109.5157135
2017-09-09 06:00:00,1.7553310167914065,9ea23099-dd30-4b26-9de7-5d42d5dae87b,46.79055,-109.5157135
2017-09-10 06:00:00,1.282456426462645,9ea23099-dd30-4b26-9de7-5d42d5dae87b,46.79055,-109.5157135
2017-09-11 06:00:00,1.592935582071231,9ea23099-dd30-4b26-9de7-5d42d5dae87b,46.79055,-109.5157135
2017-09-12 06:00:00,1.7629355391558867,9ea23099-dd30-4b26-9de7-5d42d5dae87b,46.79055,-109.5157135
2017-09-13 06:00:00,0.8705400853622248,9ea23099-dd30-4b26-9de7-5d42d5dae87b,46.79055,-109.5157135
2017-09-14 06:00:00,0.05287456514073685,9ea23099-dd30-4b26-9de7-5d42d5dae87b,46.79055,-109.5157135
2017-09-15 06:00:00,0.0028745643956787905,9ea23099-dd30-4b26-9de7-5d42d5dae87b,46.79055,-109.5157135
2017-09-16 06:00:00,0.12383275020231559,9ea23099-dd30-4b26-9de7-5d42d5dae87b,46.79055,-109.5157135
2017-09-17 06:00:00,0.47670731662353977,9ea23099-dd30-4b26-9de7-5d42d5dae87b,46.79055,-109.5157135
2017-09-18 06:00:00,0.5467073378454932,9ea23099-dd30-4b26-9de7-5d42d5dae87b,46.79055,-109.5157135
2017-09-19 06:00:00,0.31718641381957385,9ea23099-dd30-4b26-9de7-5d42d5dae87b,46.79055,-109.5157135
2017-09-20 06:00:00,0.375270038869115,9ea23099-dd30-4b26-9de7-5d42d5dae87b,46.79055,-109.5157135
2017-09-21 06:00:00,0.25431184686123287,9ea23099-dd30-4b26-9de7-5d42d5dae87b,46.79055,-109.5157135
2017-09-22 06:00:00,0.07287456451522555,9ea23099-dd30-4b26-9de7-5d42d5dae87b,46.79055,-109.5157135
2017-09-23 06:00:00,0.25335365819391054,9ea23099-dd30-4b26-9de7-5d42d5dae87b,46.79055,-109.5157135
2017-09-24 06:00:00,0.24383274716315365,9ea23099-dd30-4b26-9de7-5d42d5dae87b,46.79055,-109.5157135
2017-09-25 06:00:00,0.4562282108471368,9ea23099-dd30-4b26-9de7-5d42d5dae87b,46.79055,-109.5157135
2017-09-26 06:00:00,0.377186414775948,9ea23099-dd30-4b26-9de7-5d42d5dae87b,46.79055,-109.5157135
2017-09-27 06:00:00,0.507665506482955,9ea23099-dd30-4b26-9de7-5d42d5dae87b,46.79055,-109.5157135
2017-09-28 06:00:00,0.6786237104117661,9ea23099-dd30-4b26-9de7-5d42d5dae87b,46.79055,-109.5157135
2017-09-29 06:00:00,0.6571863890213416,9ea23099-dd30-4b26-9de7-5d42d5dae87b,46.79055,-109.5157135
2017-09-30 06:00:00,0.5700609769659174,9ea23099-dd30-4b26-9de7-5d42d5dae87b,46.79055,-109.5157135
2017-10-01 06:00:00,0.09574913201068336,9ea23099-dd30-4b26-9de7-5d42d5dae87b,46.79055,-109.5157135
2017-10-02 06:00:00,0.0028745643956787905,9ea23099-dd30-4b26-9de7-5d42d5dae87b,46.79055,-109.5157135
2017-10-03 06:00:00,0.0028745643956787905,9ea23099-dd30-4b26-9de7-5d42d5dae87b,46.79055,-109.5157135
2017-10-04 06:00:00,0.25335365819391054,9ea23099-dd30-4b26-9de7-5d42d5dae87b,46.79055,-109.5157135
2017-10-05 06:00:00,0.36574914202561354,9ea23099-dd30-4b26-9de7-5d42d5dae87b,46.79055,-109.5157135
2017-10-06 06:00:00,0.47766550386305046,9ea23099-dd30-4b26-9de7-5d42d5dae87b,46.79055,-109.5157135
2017-10-07 06:00:00,0.37766550839570334,9ea23099-dd30-4b26-9de7-5d42d5dae87b,46.79055,-109.5157135
2017-10-08 06:00:00,0.10527003594781255,9ea23099-dd30-4b26-9de7-5d42d5dae87b,46.79055,-109.5157135
2017-10-09 06:00:00,0.2657491196115672,9ea23099-dd30-4b26-9de7-5d42d5dae87b,46.79055,-109.5157135
2017-10-10 06:00:00,0.5171864033264566,9ea23099-dd30-4b26-9de7-5d42d5dae87b,46.79055,-109.5157135
2017-10-11 06:00:00,0.5995818575915559,9ea23099-dd30-4b26-9de7-5d42d5dae87b,46.79055,-109.5157135
2017-10-12 06:00:00,0.22527003433646225,9ea23099-dd30-4b26-9de7-5d42d5dae87b,46.79055,-109.5157135
2017-10-13 06:00:00,0.2657491196115672,9ea23099-dd30-4b26-9de7-5d42d5dae87b,46.79055,-109.5157135
2017-10-14 06:00:00,0.1447909410770346,9ea23099-dd30-4b26-9de7-5d42d5dae87b,46.79055,-109.5157135
2017-10-15 06:00:00,0.40766551101560794,9ea23099-dd30-4b26-9de7-5d42d5dae87b,46.79055,-109.5157135
2017-10-16 06:00:00,0.7886236651122362,9ea23099-dd30-4b26-9de7-5d42d5dae87b,46.79055,-109.5157135
2017-10-17 06:00:00,0.828623686569908,9ea23099-dd30-4b26-9de7-5d42d5dae87b,46.79055,-109.5157135
2017-10-18 06:00:00,0.4981446096394535,9ea23099-dd30-4b26-9de7-5d42d5dae87b,46.79055,-109.5157135
2017-10-19 06:00:00,1.0005400805938534,9ea23099-dd30-4b26-9de7-5d42d5dae87b,46.79055,-109.5157135
2017-10-20 06:00:00,0.6614982344547629,9ea23099-dd30-4b26-9de7-5d42d5dae87b,46.79055,-109.5157135
2017-10-21 06:00:00,0.32670731066307535,9ea23099-dd30-4b26-9de7-5d42d5dae87b,46.79055,-109.5157135
2017-10-22 06:00:00,0.4771864102432951,9ea23099-dd30-4b26-9de7-5d42d5dae87b,46.79055,-109.5157135
2017-10-23 06:00:00,0.3152700364849293,9ea23099-dd30-4b26-9de7-5d42d5dae87b,46.79055,-109.5157135
2017-10-24 06:00:00,0.5776654993303976,9ea23099-dd30-4b26-9de7-5d42d5dae87b,46.79055,-109.5157135
2017-10-25 06:00:00,0.7200609559796827,9ea23099-dd30-4b26-9de7-5d42d5dae87b,46.79055,-109.5157135
2017-10-26 06:00:00,0.06239546907786603,9ea23099-dd30-4b26-9de7-5d42d5dae87b,46.79055,-109.5157135
2017-10-27 06:00:00,0.2643118373244896,9ea23099-dd30-4b26-9de7-5d42d5dae87b,46.79055,-109.5157135
2017-10-28 06:00:00,0.5876654897936545,9ea23099-dd30-4b26-9de7-5d42d5dae87b,46.79055,-109.5157135
2017-10-29 06:00:00,0.17335365998204988,9ea23099-dd30-4b26-9de7-5d42d5dae87b,46.79055,-109.5157135
2017-10-30 06:00:00,0.1819163830593903,9ea23099-dd30-4b26-9de7-5d42d5dae87b,46.79055,-109.5157135
2017-10-31 06:00:00,0.23431185031965218,9ea23099-dd30-4b26-9de7-5d42d5dae87b,46.79055,-109.5157135
2017-11-01 06:00:00,0.011916376129506665,9ea23099-dd30-4b26-9de7-5d42d5dae87b,46.79055,-109.5157135
2017-11-02 06:00:00,0.06095818679078841,9ea23099-dd30-4b26-9de7-5d42d5dae87b,46.79055,-109.5157135
2017-11-03 06:00:00,0.0,9ea23099-dd30-4b26-9de7-5d42d5dae87b,46.79055,-109.5157135
2017-11-04 06:00:00,0.07047909427473144,9ea23099-dd30-4b26-9de7-5d42d5dae87b,46.79055,-109.5157135
2017-11-05 06:00:00,0.029999999329447746,9ea23099-dd30-4b26-9de7-5d42d5dae87b,46.79055,-109.5157135
2017-11-06 06:00:00,0.030958187550578897,9ea23099-dd30-4b26-9de7-5d42d5dae87b,46.79055,-109.5157135
2017-11-07 06:00:00,0.1119163760246923,9ea23099-dd30-4b26-9de7-5d42d5dae87b,46.79055,-109.5157135
2017-11-08 06:00:00,0.17000000178813934,9ea23099-dd30-4b26-9de7-5d42d5dae87b,46.79055,-109.5157135
2017-11-09 06:00:00,0.2409581825889984,9ea23099-dd30-4b26-9de7-5d42d5dae87b,46.79055,-109.5157135
2017-11-10 06:00:00,0.1819163830593903,9ea23099-dd30-4b26-9de7-5d42d5dae87b,46.79055,-109.5157135
2017-11-11 06:00:00,0.13335365413944478,9ea23099-dd30-4b26-9de7-5d42d5dae87b,46.79055,-109.5157135
2017-11-12 06:00:00,0.21239546368398313,9ea23099-dd30-4b26-9de7-5d42d5dae87b,46.79055,-109.5157135
2017-11-13 06:00:00,0.4252700209877216,9ea23099-dd30-4b26-9de7-5d42d5dae87b,46.79055,-109.5157135
2017-11-14 06:00:00,0.12335365586865445,9ea23099-dd30-4b26-9de7-5d42d5dae87b,46.79055,-109.5157135
2017-11-15 06:00:00,0.2743118575900689,9ea23099-dd30-4b26-9de7-5d42d5dae87b,46.79055,-109.5157135
2017-11-16 06:00:00,0.3152700364849293,9ea23099-dd30-4b26-9de7-5d42d5dae87b,46.79055,-109.5157135
2017-11-17 06:00:00,0.163832748951293,9ea23099-dd30-4b26-9de7-5d42d5dae87b,46.79055,-109.5157135
2017-11-18 06:00:00,0.19383275085729168,9ea23099-dd30-4b26-9de7-5d42d5dae87b,46.79055,-109.5157135
2017-11-19 06:00:00,0.43383275896622325,9ea23099-dd30-4b26-9de7-5d42d5dae87b,46.79055,-109.5157135
2017-11-20 06:00:00,0.2947909321363379,9ea23099-dd30-4b26-9de7-5d42d5dae87b,46.79055,-109.5157135
2017-11-21 06:00:00,0.2652700259918119,9ea23099-dd30-4b26-9de7-5d42d5dae87b,46.79055,-109.5157135
2017-11-22 06:00:00,0.35910278280956814,9ea23099-dd30-4b26-9de7-5d42d5dae87b,46.79055,-109.5157135
2017-11-23 06:00:00,0.507665506482955,9ea23099-dd30-4b26-9de7-5d42d5dae87b,46.79055,-109.5157135
2017-11-24 06:00:00,0.2538327532414775,9ea23099-dd30-4b26-9de7-5d42d5dae87b,46.79055,-109.5157135
2017-11-25 06:00:00,0.38527003076018346,9ea23099-dd30-4b26-9de7-5d42d5dae87b,46.79055,-109.5157135
2017-11-26 06:00:00,0.707665494562026,9ea23099-dd30-4b26-9de7-5d42d5dae87b,46.79055,-109.5157135
2017-11-27 06:00:00,0.44143727990289183,9ea23099-dd30-4b26-9de7-5d42d5dae87b,46.79055,-109.5157135
2017-11-28 06:00:00,0.3443118504375115,9ea23099-dd30-4b26-9de7-5d42d5dae87b,46.79055,-109.5157135
2017-11-29 06:00:00,0.26335365008497896,9ea23099-dd30-4b26-9de7-5d42d5dae87b,46.79055,-109.5157135
2017-11-30 06:00:00,0.2547909404809882,9ea23099-dd30-4b26-9de7-5d42d5dae87b,46.79055,-109.5157135
2017-12-01 06:00:00,0.2643118373244896,9ea23099-dd30-4b26-9de7-5d42d5dae87b,46.79055,-109.5157135
2017-12-02 06:00:00,0.2447909358304759,9ea23099-dd30-4b26-9de7-5d42d5dae87b,46.79055,-109.5157135
2017-12-03 06:00:00,0.013353658238107836,9ea23099-dd30-4b26-9de7-5d42d5dae87b,46.79055,-109.5157135
2017-12-04 06:00:00,0.05191637718732037,9ea23099-dd30-4b26-9de7-5d42d5dae87b,46.79055,-109.5157135
2017-12-05 06:00:00,0.07335365884888669,9ea23099-dd30-4b26-9de7-5d42d5dae87b,46.79055,-109.5157135
2017-12-06 06:00:00,0.1228745622488991,9ea23099-dd30-4b26-9de7-5d42d5dae87b,46.79055,-109.5157135
2017-12-07 06:00:00,0.29191636898999423,9ea23099-dd30-4b26-9de7-5d42d5dae87b,46.79055,-109.5157135
2017-12-08 06:00:00,0.3033536701148395,9ea23099-dd30-4b26-9de7-5d42d5dae87b,46.79055,-109.5157135
2017-12-09 06:00:00,0.3428745681504338,9ea23099-dd30-4b26-9de7-5d42d5dae87b,46.79055,-109.5157135
2017-12-10 06:00:00,0.3738327565820374,9ea23099-dd30-4b26-9de7-5d42d5dae87b,46.79055,-109.5157135
2017-12-11 06:00:00,0.32191637018208713,9ea23099-dd30-4b26-9de7-5d42d5dae87b,46.79055,-109.5157135
2017-12-12 06:00:00,0.5043118454334212,9ea23099-dd30-4b26-9de7-5d42d5dae87b,46.79055,-109.5157135
2017-12-13 06:00:00,0.1228745622488991,9ea23099-dd30-4b26-9de7-5d42d5dae87b,46.79055,-109.5157135
2017-12-14 06:00:00,0.163832748951293,9ea23099-dd30-4b26-9de7-5d42d5dae87b,46.79055,-109.5157135
2017-12-15 06:00:00,0.2547909404809882,9ea23099-dd30-4b26-9de7-5d42d5dae87b,46.79055,-109.5157135
2017-12-16 06:00:00,0.04287456368008556,9ea23099-dd30-4b26-9de7-5d42d5dae87b,46.79055,-109.5157135
2017-12-17 06:00:00,0.11431184626518642,9ea23099-dd30-4b26-9de7-5d42d5dae87b,46.79055,-109.5157135
2017-12-18 06:00:00,0.09479094405726687,9ea23099-dd30-4b26-9de7-5d42d5dae87b,46.79055,-109.5157135
2017-12-19 06:00:00,0.06287456305457427,9ea23099-dd30-4b26-9de7-5d42d5dae87b,46.79055,-109.5157135
2017-12-20 06:00:00,0.002395470418970551,9ea23099-dd30-4b26-9de7-5d42d5dae87b,46.79055,-109.5157135
2017-12-21 06:00:00,0.031916375682471826,9ea23099-dd30-4b26-9de7-5d42d5dae87b,46.79055,-109.5157135
2017-12-22 06:00:00,0.0009581881318929302,9ea23099-dd30-4b26-9de7-5d42d5dae87b,46.79055,-109.5157135
2017-12-23 06:00:00,0.03239546965918006,9ea23099-dd30-4b26-9de7-5d42d5dae87b,46.79055,-109.5157135
2017-12-24 06:00:00,0.06095818679078841,9ea23099-dd30-4b26-9de7-5d42d5dae87b,46.79055,-109.5157135
2017-12-25 06:00:00,0.05999999865889549,9ea23099-dd30-4b26-9de7-5d42d5dae87b,46.79055,-109.5157135
2017-12-26 06:00:00,0.11143728169103116,9ea23099-dd30-4b26-9de7-5d42d5dae87b,46.79055,-109.5157135
2017-12-27 06:00:00,0.11143728169103116,9ea23099-dd30-4b26-9de7-5d42d5dae87b,46.79055,-109.5157135
2017-12-28 06:00:00,0.0004790940659464651,9ea23099-dd30-4b26-9de7-5d42d5dae87b,46.79055,-109.5157135
2017-12-29 06:00:00,0.08808362713401637,9ea23099-dd30-4b26-9de7-5d42d5dae87b,46.79055,-109.5157135
2017-12-30 06:00:00,0.08856272111072461,9ea23099-dd30-4b26-9de7-5d42d5dae87b,46.79055,-109.5157135
2017-12-31 06:00:00,0.2128745587315501,9ea23099-dd30-4b26-9de7-5d42d5dae87b,46.79055,-109.5157135
2018-01-01 06:00:00,0.10952090542724531,9ea23099-dd30-4b26-9de7-5d42d5dae87b,46.79055,-109.5157135
2018-01-02 06:00:00,0.0928745681504339,9ea23099-dd30-4b26-9de7-5d42d5dae87b,46.79055,-109.5157135
2018-01-03 06:00:00,0.21239546368398313,9ea23099-dd30-4b26-9de7-5d42d5dae87b,46.79055,-109.5157135
2018-01-04 06:00:00,0.163832748951293,9ea23099-dd30-4b26-9de7-5d42d5dae87b,46.79055,-109.5157135
2018-01-05 06:00:00,0.1928745621899694,9ea23099-dd30-4b26-9de7-5d42d5dae87b,46.79055,-109.5157135
2018-01-06 06:00:00,0.2238327520493846,9ea23099-dd30-4b26-9de7-5d42d5dae87b,46.79055,-109.5157135
2018-01-07 06:00:00,0.15431185210779153,9ea23099-dd30-4b26-9de7-5d42d5dae87b,46.79055,-109.5157135
2018-01-08 06:00:00,0.3319163890198547,9ea23099-dd30-4b26-9de7-5d42d5dae87b,46.79055,-109.5157135
2018-01-09 06:00:00,0.2409581825889984,9ea23099-dd30-4b26-9de7-5d42d5dae87b,46.79055,-109.5157135
2018-01-10 06:00:00,0.0,9ea23099-dd30-4b26-9de7-5d42d5dae87b,46.79055,-109.5157135
2018-01-11 06:00:00,0.09808362504785381,9ea23099-dd30-4b26-9de7-5d42d5dae87b,46.79055,-109.5157135
2018-01-12 06:00:00,0.16952090745447818,9ea23099-dd30-4b26-9de7-5d42d5dae87b,46.79055,-109.5157135
2018-01-13 06:00:00,0.15143728824754207,9ea23099-dd30-4b26-9de7-5d42d5dae87b,46.79055,-109.5157135
2018-01-14 06:00:00,0.08095818652223002,9ea23099-dd30-4b26-9de7-5d42d5dae87b,46.79055,-109.5157135
2018-01-15 06:00:00,0.10999999940395355,9ea23099-dd30-4b26-9de7-5d42d5dae87b,46.79055,-109.5157135
2018-01-16 06:00:00,0.3290418244456995,9ea23099-dd30-4b26-9de7-5d42d5dae87b,46.79055,-109.5157135
2018-01-17 06:00:00,0.34335366177018917,9ea23099-dd30-4b26-9de7-5d42d5dae87b,46.79055,-109.5157135
2018-01-18 06:00:00,0.4028745705346197,9ea23099-dd30-4b26-9de7-5d42d5dae87b,46.79055,-109.5157135
2018-01-19 06:00:00,0.09431185043751154,9ea23099-dd30-4b26-9de7-5d42d5dae87b,46.79055,-109.5157135
2018-01-20 06:00:00,0.07431184680230317,9ea23099-dd30-4b26-9de7-5d42d5dae87b,46.79055,-109.5157135
2018-01-21 06:00:00,0.11335365831176993,9ea23099-dd30-4b26-9de7-5d42d5dae87b,46.79055,-109.5157135
2018-01-22 06:00:00,0.18239547739305145,9ea23099-dd30-4b26-9de7-5d42d5dae87b,46.79055,-109.5157135
2018-01-23 06:00:00,0.2128745587315501,9ea23099-dd30-4b26-9de7-5d42d5dae87b,46.79055,-109.5157135
2018-01-24 06:00:00,0.3823954661860282,9ea23099-dd30-4b26-9de7-5d42d5dae87b,46.79055,-109.5157135
2018-01-25 06:00:00,0.30287457649508415,9ea23099-dd30-4b26-9de7-5d42d5dae87b,46.79055,-109.5157135
2018-01-26 06:00:00,0.17335365998204988,9ea23099-dd30-4b26-9de7-5d42d5dae87b,46.79055,-109.5157135
2018-01-27 06:00:00,0.14143728288312404,9ea23099-dd30-4b26-9de7-5d42d5dae87b,46.79055,-109.5157135
2018-01-28 06:00:00,0.17191637769497226,9ea23099-dd30-4b26-9de7-5d42d5dae87b,46.79055,-109.5157135
2018-01-29 06:00:00,0.45191636541371555,9ea23099-dd30-4b26-9de7-5d42d5dae87b,46.79055,-109.5157135
2018-01-30 06:00:00,0.3247909333284308,9ea23099-dd30-4b26-9de7-5d42d5dae87b,46.79055,-109.5157135
2018-01-31 06:00:00,0.08143728049893825,9ea23099-dd30-4b26-9de7-5d42d5dae87b,46.79055,-109.5157135
2018-02-01 06:00:00,0.1119163760246923,9ea23099-dd30-4b26-9de7-5d42d5dae87b,46.79055,-109.5157135
2018-02-02 06:00:00,0.20239547322072632,9ea23099-dd30-4b26-9de7-5d42d5dae87b,46.79055,-109.5157135
2018-02-03 06:00:00,0.06191637510115779,9ea23099-dd30-4b26-9de7-5d42d5dae87b,46.79055,-109.5157135
2018-02-04 06:00:00,0.11904180936437447,9ea23099-dd30-4b26-9de7-5d42d5dae87b,46.79055,-109.5157135
2018-02-05 06:00:00,0.08143728049893825,9ea23099-dd30-4b26-9de7-5d42d5dae87b,46.79055,-109.5157135
2018-02-06 06:00:00,0.06191637510115779,9ea23099-dd30-4b26-9de7-5d42d5dae87b,46.79055,-109.5157135
2018-02-07 06:00:00,0.1495209116268033,9ea23099-dd30-4b26-9de7-5d42d5dae87b,46.79055,-109.5157135
2018-02-08 06:00:00,0.06664634174715972,9ea23099-dd30-4b26-9de7-5d42d5dae87b,46.79055,-109.5157135
2018-02-09 06:00:00,0.059041810527002546,9ea23099-dd30-4b26-9de7-5d42d5dae87b,46.79055,-109.5157135
2018-02-10 06:00:00,0.09000000357627869,9ea23099-dd30-4b26-9de7-5d42d5dae87b,46.79055,-109.5157135
2018-02-11 06:00:00,0.07000000029802322,9ea23099-dd30-4b26-9de7-5d42d5dae87b,46.79055,-109.5157135
2018-02-12 06:00:00,0.10904181145053707,9ea23099-dd30-4b26-9de7-5d42d5dae87b,46.79055,-109.5157135
2018-02-13 06:00:00,0.290958180322672,9ea23099-dd30-4b26-9de7-5d42d5dae87b,46.79055,-109.5157135
2018-02-14 06:00:00,0.12143727996182148,9ea23099-dd30-4b26-9de7-5d42d5dae87b,46.79055,-109.5157135
2018-02-15 06:00:00,0.04143728139300794,9ea23099-dd30-4b26-9de7-5d42d5dae87b,46.79055,-109.5157135
2018-02-16 06:00:00,0.0819163744756465,9ea23099-dd30-4b26-9de7-5d42d5dae87b,46.79055,-109.5157135
2018-02-17 06:00:00,0.06904181216613027,9ea23099-dd30-4b26-9de7-5d42d5dae87b,46.79055,-109.5157135
2018-02-18 06:00:00,0.020479093618911624,9ea23099-dd30-4b26-9de7-5d42d5dae87b,46.79055,-109.5157135
2018-02-19 06:00:00,0.010479093842429045,9ea23099-dd30-4b26-9de7-5d42d5dae87b,46.79055,-109.5157135
2018-02-20 06:00:00,0.05999999865889549,9ea23099-dd30-4b26-9de7-5d42d5dae87b,46.79055,-109.5157135
2018-02-21 06:00:00,0.11047909338066178,9ea23099-dd30-4b26-9de7-5d42d5dae87b,46.79055,-109.5157135
2018-02-22 06:00:00,0.11047909338066178,9ea23099-dd30-4b26-9de7-5d42d5dae87b,46.79055,-109.5157135
2018-02-23 06:00:00,0.12143727996182148,9ea23099-dd30-4b26-9de7-5d42d5dae87b,46.79055,-109.5157135
2018-02-24 06:00:00,0.12095818562816035,9ea23099-dd30-4b26-9de7-5d42d5dae87b,46.79055,-109.5157135
2018-02-25 06:00:00,0.15239547620095853,9ea23099-dd30-4b26-9de7-5d42d5dae87b,46.79055,-109.5157135
2018-02-26 06:00:00,0.12143727996182148,9ea23099-dd30-4b26-9de7-5d42d5dae87b,46.79055,-109.5157135
2018-02-27 06:00:00,0.18143728872572915,9ea23099-dd30-4b26-9de7-5d42d5dae87b,46.79055,-109.5157135
2018-02-28 06:00:00,0.1714372840752169,9ea23099-dd30-4b26-9de7-5d42d5dae87b,46.79055,-109.5157135
2018-03-01 06:00:00,0.3209581815147648,9ea23099-dd30-4b26-9de7-5d42d5dae87b,46.79055,-109.5157135
2018-03-02 06:00:00,0.37760452570504,9ea23099-dd30-4b26-9de7-5d42d5dae87b,46.79055,-109.5157135
2018-03-03 06:00:00,0.2009581909336487,9ea23099-dd30-4b26-9de7-5d42d5dae87b,46.79055,-109.5157135
2018-03-04 06:00:00,0.05095818887695099,9ea23099-dd30-4b26-9de7-5d42d5dae87b,46.79055,-109.5157135
2018-03-05 06:00:00,0.1599999964237213,9ea23099-dd30-4b26-9de7-5d42d5dae87b,46.79055,-109.5157135
2018-03-06 06:00:00,0.15143728824754207,9ea23099-dd30-4b26-9de7-5d42d5dae87b,46.79055,-109.5157135
2018-03-07 06:00:00,0.32143727513452014,9ea23099-dd30-4b26-9de7-5d42d5dae87b,46.79055,-109.5157135
2018-03-08 06:00:00,0.28191637709892575,9ea23099-dd30-4b26-9de7-5d42d5dae87b,46.79055,-109.5157135
2018-03-09 06:00:00,0.21383274597106072,9ea23099-dd30-4b26-9de7-5d42d5dae87b,46.79055,-109.5157135
2018-03-10 06:00:00,0.21095818211081133,9ea23099-dd30-4b26-9de7-5d42d5dae87b,46.79055,-109.5157135
2018-03-11 06:00:00,0.45191636541371555,9ea23099-dd30-4b26-9de7-5d42d5dae87b,46.79055,-109.5157135
2018-03-12 06:00:00,0.4790418020316532,9ea23099-dd30-4b26-9de7-5d42d5dae87b,46.79055,-109.5157135
2018-03-13 06:00:00,0.6314372789465177,9ea23099-dd30-4b26-9de7-5d42d5dae87b,46.79055,-109.5157135
2018-03-14 06:00:00,0.7971254473467737,9ea23099-dd30-4b26-9de7-5d42d5dae87b,46.79055,-109.5157135
2018-03-15 06:00:00,0.2104790877771502,9ea23099-dd30-4b26-9de7-5d42d5dae87b,46.79055,-109.5157135
2018-03-16 06:00:00,0.1714372840752169,9ea23099-dd30-4b26-9de7-5d42d5dae87b,46.79055,-109.5157135
2018-03-17 06:00:00,0.23000000417232513,9ea23099-dd30-4b26-9de7-5d42d5dae87b,46.79055,-109.5157135
2018-03-18 06:00:00,0.24904181204658352,9ea23099-dd30-4b26-9de7-5d42d5dae87b,46.79055,-109.5157135
2018-03-19 06:00:00,0.1928745621899694,9ea23099-dd30-4b26-9de7-5d42d5dae87b,46.79055,-109.5157135
2018-03-20 06:00:00,0.25191637590683297,9ea23099-dd30-4b26-9de7-5d42d5dae87b,46.79055,-109.5157135
2018-03-21 06:00:00,0.31335366057809627,9ea23099-dd30-4b26-9de7-5d42d5dae87b,46.79055,-109.5157135
2018-03-22 06:00:00,0.4214372691740557,9ea23099-dd30-4b26-9de7-5d42d5dae87b,46.79055,-109.5157135
2018-03-23 06:00:00,0.29143727394242736,9ea23099-dd30-4b26-9de7-5d42d5dae87b,46.79055,-109.5157135
2018-03-24 06:00:00,0.2347909453672191,9ea23099-dd30-4b26-9de7-5d42d5dae87b,46.79055,-109.5157135
2018-03-25 06:00:00,0.2623954614176567,9ea23099-dd30-4b26-9de7-5d42d5dae87b,46.79055,-109.5157135
2018-03-26 06:00:00,0.242395464876076,9ea23099-dd30-4b26-9de7-5d42d5dae87b,46.79055,-109.5157135
2018-03-27 06:00:00,0.27287457530299125,9ea23099-dd30-4b26-9de7-5d42d5dae87b,46.79055,-109.5157135
2018-03-28 06:00:00,0.2009581909336487,9ea23099-dd30-4b26-9de7-5d42d5dae87b,46.79055,-109.5157135
2018-03-29 06:00:00,0.13239546618602827,9ea23099-dd30-4b26-9de7-5d42d5dae87b,46.79055,-109.5157135
2018-03-30 06:00:00,0.12335365586865445,9ea23099-dd30-4b26-9de7-5d42d5dae87b,46.79055,-109.5157135
2018-03-31 06:00:00,0.02095818768485809,9ea23099-dd30-4b26-9de7-5d42d5dae87b,46.79055,-109.5157135
2018-04-01 06:00:00,0.131437277518706,9ea23099-dd30-4b26-9de7-5d42d5dae87b,46.79055,-109.5157135
2018-04-02 06:00:00,0.0009581881318929302,9ea23099-dd30-4b26-9de7-5d42d5dae87b,46.79055,-109.5157135
2018-04-03 06:00:00,0.08239546845235474,9ea23099-dd30-4b26-9de7-5d42d5dae87b,46.79055,-109.5157135
2018-04-04 06:00:00,0.18143728872572915,9ea23099-dd30-4b26-9de7-5d42d5dae87b,46.79055,-109.5157135
2018-04-05 06:00:00,0.030479093395394206,9ea23099-dd30-4b26-9de7-5d42d5dae87b,46.79055,-109.5157135
2018-04-06 06:00:00,0.14000000059604645,9ea23099-dd30-4b26-9de7-5d42d5dae87b,46.79055,-109.5157135
2018-04-07 06:00:00,0.25952089684350144,9ea23099-dd30-4b26-9de7-5d42d5dae87b,46.79055,-109.5157135
2018-04-08 06:00:00,0.2419163712563207,9ea23099-dd30-4b26-9de7-5d42d5dae87b,46.79055,-109.5157135
2018-04-09 06:00:00,0.262874555037412,9ea23099-dd30-4b26-9de7-5d42d5dae87b,46.79055,-109.5157135
2018-04-10 06:00:00,0.4352700426811124,9ea23099-dd30-4b26-9de7-5d42d5dae87b,46.79055,-109.5157135
2018-04-11 06:00:00,0.2743118575900689,9ea23099-dd30-4b26-9de7-5d42d5dae87b,46.79055,-109.5157135
2018-04-12 06:00:00,0.15287456982071387,9ea23099-dd30-4b26-9de7-5d42d5dae87b,46.79055,-109.5157135
2018-04-13 06:00:00,0.10335366004097961,9ea23099-dd30-4b26-9de7-5d42d5dae87b,46.79055,-109.5157135
2018-04-14 06:00:00,0.35574912318784596,9ea23099-dd30-4b26-9de7-5d42d5dae87b,46.79055,-109.5157135
2018-04-15 06:00:00,0.4057491336809633,9ea23099-dd30-4b26-9de7-5d42d5dae87b,46.79055,-109.5157135
2018-04-16 06:00:00,0.32670731066307535,9ea23099-dd30-4b26-9de7-5d42d5dae87b,46.79055,-109.5157135
2018-04-17 06:00:00,0.24527002945023124,9ea23099-dd30-4b26-9de7-5d42d5dae87b,46.79055,-109.5157135
2018-04-18 06:00:00,0.34479094405726685,9ea23099-dd30-4b26-9de7-5d42d5dae87b,46.79055,-109.5157135
2018-04-19 06:00:00,0.5243118292155579,9ea23099-dd30-4b26-9de7-5d42d5dae87b,46.79055,-109.5157135
2018-04-20 06:00:00,0.5562282346889946,9ea23099-dd30-4b26-9de7-5d42d5dae87b,46.79055,-109.5157135
2018-04-21 06:00:00,0.7386237127959518,9ea23099-dd30-4b26-9de7-5d42d5dae87b,46.79055,-109.5157135
2018-04-22 06:00:00,0.6057491529901683,9ea23099-dd30-4b26-9de7-5d42d5dae87b,46.79055,-109.5157135
2018-04-23 06:00:00,0.07383275318254783,9ea23099-dd30-4b26-9de7-5d42d5dae87b,46.79055,-109.5157135
2018-04-24 06:00:00,0.32527002837599767,9ea23099-dd30-4b26-9de7-5d42d5dae87b,46.79055,-109.5157135
2018-04-25 06:00:00,0.6371864052392048,9ea23099-dd30-4b26-9de7-5d42d5dae87b,46.79055,-109.5157135
2018-04-26 06:00:00,0.7081445881817814,9ea23099-dd30-4b26-9de7-5d42d5dae87b,46.79055,-109.5157135
2018-04-27 06:00:00,0.7876654778727256,9ea23099-dd30-4b26-9de7-5d42d5dae87b,46.79055,-109.5157135
2018-04-28 06:00:00,1.1134146566175,9ea23099-dd30-4b26-9de7-5d42d5dae87b,46.79055,-109.5157135
2018-04-29 06:00:00,0.375270038869115,9ea23099-dd30-4b26-9de7-5d42d5dae87b,46.79055,-109.5157135
2018-04-30 06:00:00,0.10431184799439608,9ea23099-dd30-4b26-9de7-5d42d5dae87b,46.79055,-109.5157135
2018-05-01 06:00:00,0.24527002945023124,9ea23099-dd30-4b26-9de7-5d42d5dae87b,46.79055,-109.5157135
2018-05-02 06:00:00,0.5162282132313226,9ea23099-dd30-4b26-9de7-5d42d5dae87b,46.79055,-109.5157135
2018-05-03 06:00:00,0.5991027611161774,9ea23099-dd30-4b26-9de7-5d42d5dae87b,46.79055,-109.5157135
2018-05-04 06:00:00,0.7495818904987193,9ea23099-dd30-4b26-9de7-5d42d5dae87b,46.79055,-109.5157135
2018-05-05 06:00:00,0.688623700875023,9ea23099-dd30-4b26-9de7-5d42d5dae87b,46.79055,-109.5157135
2018-05-06 06:00:00,0.7810191456033792,9ea23099-dd30-4b26-9de7-5d42d5dae87b,46.79055,-109.5157135
2018-05-07 06:00:00,0.5295818647441131,9ea23099-dd30-4b26-9de7-5d42d5dae87b,46.79055,-109.5157135
2018-05-08 06:00:00,0.5691027897264067,9ea23099-dd30-4b26-9de7-5d42d5dae87b,46.79055,-109.5157135
2018-05-09 06:00:00,0.5676655088671407,9ea23099-dd30-4b26-9de7-5d42d5dae87b,46.79055,-109.5157135
2018-05-10 06:00:00,0.37574913391668197,9ea23099-dd30-4b26-9de7-5d42d5dae87b,46.79055,-109.5157135
2018-05-11 06:00:00,0.013353658238107836,9ea23099-dd30-4b26-9de7-5d42d5dae87b,46.79055,-109.5157135
2018-05-12 06:00:00,0.10287456570731845,9ea23099-dd30-4b26-9de7-5d42d5dae87b,46.79055,-109.5157135
2018-05-13 06:00:00,0.16479093690470947,9ea23099-dd30-4b26-9de7-5d42d5dae87b,46.79055,-109.5157135
2018-05-14 06:00:00,0.4971864195443197,9ea23099-dd30-4b26-9de7-5d42d5dae87b,46.79055,-109.5157135
2018-05-15 06:00:00,0.8995818695124846,9ea23099-dd30-4b26-9de7-5d42d5dae87b,46.79055,-109.5157135
2018-05-16 06:00:00,0.9105400472152522,9ea23099-dd30-4b26-9de7-5d42d5dae87b,46.79055,-109.5157135
2018-05-17 06:00:00,0.496228232304809,9ea23099-dd30-4b26-9de7-5d42d5dae87b,46.79055,-109.5157135
2018-05-18 06:00:00,0.0019163762637858604,9ea23099-dd30-4b26-9de7-5d42d5dae87b,46.79055,-109.5157135
2018-05-19 06:00:00,0.20287456684048166,9ea23099-dd30-4b26-9de7-5d42d5dae87b,46.79055,-109.5157135
2018-05-20 06:00:00,0.6162282370731805,9ea23099-dd30-4b26-9de7-5d42d5dae87b,46.79055,-109.5157135
2018-05-21 06:00:00,0.5891027706529204,9ea23099-dd30-4b26-9de7-5d42d5dae87b,46.79055,-109.5157135
2018-05-22 06:00:00,0.35766549909467893,9ea23099-dd30-4b26-9de7-5d42d5dae87b,46.79055,-109.5157135
2018-05-23 06:00:00,0.1447909410770346,9ea23099-dd30-4b26-9de7-5d42d5dae87b,46.79055,-109.5157135
2018-05-24 06:00:00,0.65006096313224,9ea23099-dd30-4b26-9de7-5d42d5dae87b,46.79055,-109.5157135
2018-05-25 06:00:00,0.8395818642726757,9ea23099-dd30-4b26-9de7-5d42d5dae87b,46.79055,-109.5157135
2018-05-26 06:00:00,0.7900609488271254,9ea23099-dd30-4b26-9de7-5d42d5dae87b,46.79055,-109.5157135
2018-05-27 06:00:00,0.4695818907344382,9ea23099-dd30-4b26-9de7-5d42d5dae87b,46.79055,-109.5157135
2018-05-28 06:00:00,0.6586236698806077,9ea23099-dd30-4b26-9de7-5d42d5dae87b,46.79055,-109.5157135
2018-05-29 06:00:00,0.49766551316407504,9ea23099-dd30-4b26-9de7-5d42d5dae87b,46.79055,-109.5157135
2018-05-30 06:00:00,0.7291028159524504,9ea23099-dd30-4b26-9de7-5d42d5dae87b,46.79055,-109.5157135
2018-05-31 06:00:00,0.36527004840585825,9ea23099-dd30-4b26-9de7-5d42d5dae87b,46.79055,-109.5157135
2018-06-01 06:00:00,0.11479093988494174,9ea23099-dd30-4b26-9de7-5d42d5dae87b,46.79055,-109.5157135
2018-06-02 06:00:00,0.5667073187720068,9ea23099-dd30-4b26-9de7-5d42d5dae87b,46.79055,-109.5157135
2018-06-03 06:00:00,0.7700609679006116,9ea23099-dd30-4b26-9de7-5d42d5dae87b,46.79055,-109.5157135
2018-06-04 06:00:00,1.071977294695917,9ea23099-dd30-4b26-9de7-5d42d5dae87b,46.79055,-109.5157135
2018-06-05 06:00:00,0.6167073306929358,9ea23099-dd30-4b26-9de7-5d42d5dae87b,46.79055,-109.5157135
2018-06-06 06:00:00,0.7386237127959518,9ea23099-dd30-4b26-9de7-5d42d5dae87b,46.79055,-109.5157135
2018-06-07 06:00:00,0.5657491315324962,9ea23099-dd30-4b26-9de7-5d42d5dae87b,46.79055,-109.5157135
2018-06-08 06:00:00,0.657665482641097,9ea23099-dd30-4b26-9de7-5d42d5dae87b,46.79055,-109.5157135
2018-06-09 06:00:00,1.0581445552746176,9ea23099-dd30-4b26-9de7-5d42d5dae87b,46.79055,-109.5157135
2018-06-10 06:00:00,0.375270038869115,9ea23099-dd30-4b26-9de7-5d42d5dae87b,46.79055,-109.5157135
2018-06-11 06:00:00,0.37574913391668197,9ea23099-dd30-4b26-9de7-5d42d5dae87b,46.79055,-109.5157135
2018-06-12 06:00:00,0.6971864076233908,9ea23099-dd30-4b26-9de7-5d42d5dae87b,46.79055,-109.5157135
2018-06-13 06:00:00,1.1771863728034784,9ea23099-dd30-4b26-9de7-5d42d5dae87b,46.79055,-109.5157135
2018-06-14 06:00:00,0.4057491336809633,9ea23099-dd30-4b26-9de7-5d42d5dae87b,46.79055,-109.5157135
2018-06-15 06:00:00,0.25431184686123287,9ea23099-dd30-4b26-9de7-5d42d5dae87b,46.79055,-109.5157135
2018-06-16 06:00:00,0.25431184686123287,9ea23099-dd30-4b26-9de7-5d42d5dae87b,46.79055,-109.5157135
2018-06-17 06:00:00,0.20383275550780397,9ea23099-dd30-4b26-9de7-5d42d5dae87b,46.79055,-109.5157135
2018-06-18 06:00:00,0.32287455742159776,9ea23099-dd30-4b26-9de7-5d42d5dae87b,46.79055,-109.5157135
2018-06-19 06:00:00,0.2771864207364125,9ea23099-dd30-4b26-9de7-5d42d5dae87b,46.79055,-109.5157135
2018-06-20 06:00:00,0.3662282370731805,9ea23099-dd30-4b26-9de7-5d42d5dae87b,46.79055,-109.5157135
2018-06-21 06:00:00,0.7786236746489793,9ea23099-dd30-4b26-9de7-5d42d5dae87b,46.79055,-109.5157135
2018-06-22 06:00:00,0.5171864033264566,9ea23099-dd30-4b26-9de7-5d42d5dae87b,46.79055,-109.5157135
2018-06-23 06:00:00,0.5981445738766668,9ea23099-dd30-4b26-9de7-5d42d5dae87b,46.79055,-109.5157135
2018-06-24 06:00:00,0.40622822730071867,9ea23099-dd30-4b26-9de7-5d42d5dae87b,46.79055,-109.5157135
2018-06-25 06:00:00,0.851019141306445,9ea23099-dd30-4b26-9de7-5d42d5dae87b,46.79055,-109.5157135
2018-06-26 06:00:00,0.6881446072552676,9ea23099-dd30-4b26-9de7-5d42d5dae87b,46.79055,-109.5157135
2018-06-27 06:00:00,0.8310191546686849,9ea23099-dd30-4b26-9de7-5d42d5dae87b,46.79055,-109.5157135
2018-06-28 06:00:00,0.8881445924787156,9ea23099-dd30-4b26-9de7-5d42d5dae87b,46.79055,-109.5157135
2018-06-29 06:00:00,0.334311858546443,9ea23099-dd30-4b26-9de7-5d42d5dae87b,46.79055,-109.5157135
2018-06-30 06:00:00,0.49766551316407504,9ea23099-dd30-4b26-9de7-5d42d5dae87b,46.79055,-109.5157135
2018-07-01 06:00:00,0.6676655298533754,9ea23099-dd30-4b26-9de7-5d42d5dae87b,46.79055,-109.5157135
2018-07-02 06:00:00,0.7971864314652484,9ea23099-dd30-4b26-9de7-5d42d5dae87b,46.79055,-109.5157135
2018-07-03 06:00:00,0.48622821346704126,9ea23099-dd30-4b26-9de7-5d42d5dae87b,46.79055,-109.5157135
2018-07-04 06:00:00,0.5862282060787652,9ea23099-dd30-4b26-9de7-5d42d5dae87b,46.79055,-109.5157135
2018-07-05 06:00:00,1.316228171258853,9ea23099-dd30-4b26-9de7-5d42d5dae87b,46.79055,-109.5157135
2018-07-06 06:00:00,1.7543728295518957,9ea23099-dd30-4b26-9de7-5d42d5dae87b,46.79055,-109.5157135
2018-07-07 06:00:00,1.1810191217615211,9ea23099-dd30-4b26-9de7-5d42d5dae87b,46.79055,-109.5157135
2018-07-08 06:00:00,1.1110191885187235,9ea23099-dd30-4b26-9de7-5d42d5dae87b,46.79055,-109.5157135
2018-07-09 06:00:00,1.3905400662887388,9ea23099-dd30-4b26-9de7-5d42d5dae87b,46.79055,-109.5157135
2018-07-10 06:00:00,1.6619773280745183,9ea23099-dd30-4b26-9de7-5d42d5dae87b,46.79055,-109.5157135
2018-07-11 06:00:00,0.946228223239503,9ea23099-dd30-4b26-9de7-5d42d5dae87b,46.79055,-109.5157135
2018-07-12 06:00:00,0.9995818933543424,9ea23099-dd30-4b26-9de7-5d42d5dae87b,46.79055,-109.5157135
2018-07-13 06:00:00,1.3891027854294726,9ea23099-dd30-4b26-9de7-5d42d5dae87b,46.79055,-109.5157135
2018-07-14 06:00:00,0.5933536348234901,9ea23099-dd30-4b26-9de7-5d42d5dae87b,46.79055,-109.5157135
2018-07-15 06:00:00,0.8495818547359325,9ea23099-dd30-4b26-9de7-5d42d5dae87b,46.79055,-109.5157135
2018-07-16 06:00:00,1.012935539155887,9ea23099-dd30-4b26-9de7-5d42d5dae87b,46.79055,-109.5157135
2018-07-17 06:00:00,1.1305400758254815,9ea23099-dd30-4b26-9de7-5d42d5dae87b,46.79055,-109.5157135
2018-07-18 06:00:00,1.3624564693779893,9ea23099-dd30-4b26-9de7-5d42d5dae87b,46.79055,-109.5157135
2018-07-19 06:00:00,1.0495818456706267,9ea23099-dd30-4b26-9de7-5d42d5dae87b,46.79055,-109.5157135
2018-07-20 06:00:00,1.608144621088945,9ea23099-dd30-4b26-9de7-5d42d5dae87b,46.79055,-109.5157135
2018-07-21 06:00:00,1.5429355105456573,9ea23099-dd30-4b26-9de7-5d42d5dae87b,46.79055,-109.5157135
2018-07-22 06:00:00,0.9376655136355122,9ea23099-dd30-4b26-9de7-5d42d5dae87b,46.79055,-109.5157135
2018-07-23 06:00:00,0.9795819067165824,9ea23099-dd30-4b26-9de7-5d42d5dae87b,46.79055,-109.5157135
2018-07-24 06:00:00,0.858144621088945,9ea23099-dd30-4b26-9de7-5d42d5dae87b,46.79055,-109.5157135
2018-07-25 06:00:00,0.7267073449980506,9ea23099-dd30-4b26-9de7-5d42d5dae87b,46.79055,-109.5157135
2018-07-26 06:00:00,0.6147909533582913,9ea23099-dd30-4b26-9de7-5d42d5dae87b,46.79055,-109.5157135
2018-07-27 06:00:00,0.36574914202561354,9ea23099-dd30-4b26-9de7-5d42d5dae87b,46.79055,-109.5157135
2018-07-28 06:00:00,0.6781446139363875,9ea23099-dd30-4b26-9de7-5d42d5dae87b,46.79055,-109.5157135
2018-07-29 06:00:00,0.7800609583638685,9ea23099-dd30-4b26-9de7-5d42d5dae87b,46.79055,-109.5157135
2018-07-30 06:00:00,1.2905400424468805,9ea23099-dd30-4b26-9de7-5d42d5dae87b,46.79055,-109.5157135
2018-07-31 06:00:00,1.1286236956352138,9ea23099-dd30-4b26-9de7-5d42d5dae87b,46.79055,-109.5157135
2018-08-01 06:00:00,1.3510191980554664,9ea23099-dd30-4b26-9de7-5d42d5dae87b,46.79055,-109.5157135
2018-08-02 06:00:00,1.4805400996673395,9ea23099-dd30-4b26-9de7-5d42d5dae87b,46.79055,-109.5157135
2018-08-03 06:00:00,1.1086237147087004,9ea23099-dd30-4b26-9de7-5d42d5dae87b,46.79055,-109.5157135
2018-08-04 06:00:00,0.8086237056433946,9ea23099-dd30-4b26-9de7-5d42d5dae87b,46.79055,-109.5157135
2018-08-05 06:00:00,0.5667073187720068,9ea23099-dd30-4b26-9de7-5d42d5dae87b,46.79055,-109.5157135
2018-08-06 06:00:00,0.8610191885187235,9ea23099-dd30-4b26-9de7-5d42d5dae87b,46.79055,-109.5157135
2018-08-07 06:00:00,1.082456497988219,9ea23099-dd30-4b26-9de7-5d42d5dae87b,46.79055,-109.5157135
2018-08-08 06:00:00,1.4224564121575298,9ea23099-dd30-4b26-9de7-5d42d5dae87b,46.79055,-109.5157135
2018-08-09 06:00:00,1.7448519327083944,9ea23099-dd30-4b26-9de7-5d42d5dae87b,46.79055,-109.5157135
2018-08-10 06:00:00,2.0853309519199543,9ea23099-dd30-4b26-9de7-5d42d5dae87b,46.79055,-109.5157135
2018-08-11 06:00:00,2.475331045401636,9ea23099-dd30-4b26-9de7-5d42d5dae87b,46.79055,-109.5157135
2018-08-12 06:00:00,1.3095818361338836,9ea23099-dd30-4b26-9de7-5d42d5dae87b,46.79055,-109.5157135
2018-08-13 06:00:00,0.6147909533582913,9ea23099-dd30-4b26-9de7-5d42d5dae87b,46.79055,-109.5157135
2018-08-14 06:00:00,0.8891027854294727,9ea23099-dd30-4b26-9de7-5d42d5dae87b,46.79055,-109.5157135
2018-08-15 06:00:00,1.3124563978524155,9ea23099-dd30-4b26-9de7-5d42d5dae87b,46.79055,-109.5157135
2018-08-16 06:00:00,1.6343728247835243,9ea23099-dd30-4b26-9de7-5d42d5dae87b,46.79055,-109.5157135
2018-08-17 06:00:00,1.6605400472152525,9ea23099-dd30-4b26-9de7-5d42d5dae87b,46.79055,-109.5157135
2018-08-18 06:00:00,0.5252700164550685,9ea23099-dd30-4b26-9de7-5d42d5dae87b,46.79055,-109.5157135
2018-08-19 06:00:00,0.644790927603685,9ea23099-dd30-4b26-9de7-5d42d5dae87b,46.79055,-109.5157135
2018-08-20 06:00:00,0.2323954744128192,9ea23099-dd30-4b26-9de7-5d42d5dae87b,46.79055,-109.5157135
2018-08-21 06:00:00,0.1747909429830333,9ea23099-dd30-4b26-9de7-5d42d5dae87b,46.79055,-109.5157135
2018-08-22 06:00:00,0.7005400686729245,9ea23099-dd30-4b26-9de7-5d42d5dae87b,46.79055,-109.5157135
2018-08-23 06:00:00,1.0486236584311157,9ea23099-dd30-4b26-9de7-5d42d5dae87b,46.79055,-109.5157135
2018-08-24 06:00:00,0.9895818971798395,9ea23099-dd30-4b26-9de7-5d42d5dae87b,46.79055,-109.5157135
2018-08-25 06:00:00,0.7267073449980506,9ea23099-dd30-4b26-9de7-5d42d5dae87b,46.79055,-109.5157135
2018-08-26 06:00:00,0.5462282442257379,9ea23099-dd30-4b26-9de7-5d42d5dae87b,46.79055,-109.5157135
2018-08-27 06:00:00,0.013353658238107836,9ea23099-dd30-4b26-9de7-5d42d5dae87b,46.79055,-109.5157135
2018-08-28 06:00:00,0.4057491336809633,9ea23099-dd30-4b26-9de7-5d42d5dae87b,46.79055,-109.5157135
2018-08-29 06:00:00,0.7895818552073702,9ea23099-dd30-4b26-9de7-5d42d5dae87b,46.79055,-109.5157135
2018-08-30 06:00:00,1.0300609583638687,9ea23099-dd30-4b26-9de7-5d42d5dae87b,46.79055,-109.5157135
2018-08-31 06:00:00,0.6281446048710818,9ea23099-dd30-4b26-9de7-5d42d5dae87b,46.79055,-109.5157135
2018-09-01 06:00:00,0.6962282203838801,9ea23099-dd30-4b26-9de7-5d42d5dae87b,46.79055,-109.5157135
2018-09-02 06:00:00,0.8667073306929358,9ea23099-dd30-4b26-9de7-5d42d5dae87b,46.79055,-109.5157135
2018-09-03 06:00:00,1.0200609679006118,9ea23099-dd30-4b26-9de7-5d42d5dae87b,46.79055,-109.5157135
2018-09-04 06:00:00,0.3857491243799388,9ea23099-dd30-4b26-9de7-5d42d5dae87b,46.79055,-109.5157135
2018-09-05 06:00:00,0.8762282275364371,9ea23099-dd30-4b26-9de7-5d42d5dae87b,46.79055,-109.5157135
2018-09-06 06:00:00,1.2395818971798394,9ea23099-dd30-4b26-9de7-5d42d5dae87b,46.79055,-109.5157135
2018-09-07 06:00:00,1.5395818552073697,9ea23099-dd30-4b26-9de7-5d42d5dae87b,46.79055,-109.5157135
2018-09-08 06:00:00,1.2229355773028594,9ea23099-dd30-4b26-9de7-5d42d5dae87b,46.79055,-109.5157135
2018-09-09 06:00:00,0.9786237194770717,9ea23099-dd30-4b26-9de7-5d42d5dae87b,46.79055,-109.5157135
2018-09-10 06:00:00,1.1319773566847475,9ea23099-dd30-4b26-9de7-5d42d5dae87b,46.79055,-109.5157135
2018-09-11 06:00:00,0.7186236722647934,9ea23099-dd30-4b26-9de7-5d42d5dae87b,46.79055,-109.5157135
2018-09-12 06:00:00,0.44670731400363534,9ea23099-dd30-4b26-9de7-5d42d5dae87b,46.79055,-109.5157135
2018-09-13 06:00:00,0.2657491196115672,9ea23099-dd30-4b26-9de7-5d42d5dae87b,46.79055,-109.5157135
2018-09-14 06:00:00,0.4038327577741304,9ea23099-dd30-4b26-9de7-5d42d5dae87b,46.79055,-109.5157135
2018-09-15 06:00:00,0.8633536724990252,9ea23099-dd30-4b26-9de7-5d42d5dae87b,46.79055,-109.5157135
2018-09-16 06:00:00,0.468144607019549,9ea23099-dd30-4b26-9de7-5d42d5dae87b,46.79055,-109.5157135
2018-09-17 06:00:00,0.5181445905659673,9ea23099-dd30-4b26-9de7-5d42d5dae87b,46.79055,-109.5157135
2018-09-18 06:00:00,0.4362282299206231,9ea23099-dd30-4b26-9de7-5d42d5dae87b,46.79055,-109.5157135
2018-09-19 06:00:00,0.10287456570731845,9ea23099-dd30-4b26-9de7-5d42d5dae87b,46.79055,-109.5157135
2018-09-20 06:00:00,0.09479094405726687,9ea23099-dd30-4b26-9de7-5d42d5dae87b,46.79055,-109.5157135
2018-09-21 06:00:00,0.6376655017145832,9ea23099-dd30-4b26-9de7-5d42d5dae87b,46.79055,-109.5157135
2018-09-22 06:00:00,0.8100609865026607,9ea23099-dd30-4b26-9de7-5d42d5dae87b,46.79055,-109.5157135
2018-09-23 06:00:00,0.2657491196115672,9ea23099-dd30-4b26-9de7-5d42d5dae87b,46.79055,-109.5157135
2018-09-24 06:00:00,0.11431184626518642,9ea23099-dd30-4b26-9de7-5d42d5dae87b,46.79055,-109.5157135
2018-09-25 06:00:00,0.2857491303404033,9ea23099-dd30-4b26-9de7-5d42d5dae87b,46.79055,-109.5157135
2018-09-26 06:00:00,0.4762282230037844,9ea23099-dd30-4b26-9de7-5d42d5dae87b,46.79055,-109.5157135
2018-09-27 06:00:00,0.1128745639781088,9ea23099-dd30-4b26-9de7-5d42d5dae87b,46.79055,-109.5157135
2018-09-28 06:00:00,0.07335365884888669,9ea23099-dd30-4b26-9de7-5d42d5dae87b,46.79055,-109.5157135
2018-09-29 06:00:00,0.06143728112444955,9ea23099-dd30-4b26-9de7-5d42d5dae87b,46.79055,-109.5157135
2018-09-30 06:00:00,0.1819163830593903,9ea23099-dd30-4b26-9de7-5d42d5dae87b,46.79055,-109.5157135
2018-10-01 06:00:00,0.38766550171458336,9ea23099-dd30-4b26-9de7-5d42d5dae87b,46.79055,-109.5157135
2018-10-02 06:00:00,0.3619163902119476,9ea23099-dd30-4b26-9de7-5d42d5dae87b,46.79055,-109.5157135
2018-10-03 06:00:00,0.10239547208756311,9ea23099-dd30-4b26-9de7-5d42d5dae87b,46.79055,-109.5157135
2018-10-04 06:00:00,0.1928745621899694,9ea23099-dd30-4b26-9de7-5d42d5dae87b,46.79055,-109.5157135
2018-10-05 06:00:00,0.18527004125330088,9ea23099-dd30-4b26-9de7-5d42d5dae87b,46.79055,-109.5157135
2018-10-06 06:00:00,0.15622822872853026,9ea23099-dd30-4b26-9de7-5d42d5dae87b,46.79055,-109.5157135
2018-10-07 06:00:00,0.12431184382207092,9ea23099-dd30-4b26-9de7-5d42d5dae87b,46.79055,-109.5157135
2018-10-08 06:00:00,0.08479093940675464,9ea23099-dd30-4b26-9de7-5d42d5dae87b,46.79055,-109.5157135
2018-10-09 06:00:00,0.1128745639781088,9ea23099-dd30-4b26-9de7-5d42d5dae87b,46.79055,-109.5157135
2018-10-10 06:00:00,0.1328745598057836,9ea23099-dd30-4b26-9de7-5d42d5dae87b,46.79055,-109.5157135
2018-10-11 06:00:00,0.06383275136494365,9ea23099-dd30-4b26-9de7-5d42d5dae87b,46.79055,-109.5157135
2018-10-12 06:00:00,0.37766550839570334,9ea23099-dd30-4b26-9de7-5d42d5dae87b,46.79055,-109.5157135
2018-10-13 06:00:00,0.012874564261399596,9ea23099-dd30-4b26-9de7-5d42d5dae87b,46.79055,-109.5157135
2018-10-14 06:00:00,0.0938327561038504,9ea23099-dd30-4b26-9de7-5d42d5dae87b,46.79055,-109.5157135
2018-10-15 06:00:00,0.26766549551840024,9ea23099-dd30-4b26-9de7-5d42d5dae87b,46.79055,-109.5157135
2018-10-16 06:00:00,0.4171864078591093,9ea23099-dd30-4b26-9de7-5d42d5dae87b,46.79055,-109.5157135
2018-10-17 06:00:00,0.5191027778054779,9ea23099-dd30-4b26-9de7-5d42d5dae87b,46.79055,-109.5157135
2018-10-18 06:00:00,0.6495818666568616,9ea23099-dd30-4b26-9de7-5d42d5dae87b,46.79055,-109.5157135
2018-10-19 06:00:00,0.4771864102432951,9ea23099-dd30-4b26-9de7-5d42d5dae87b,46.79055,-109.5157135
2018-10-20 06:00:00,0.7414982773701071,9ea23099-dd30-4b26-9de7-5d42d5dae87b,46.79055,-109.5157135
2018-10-21 06:00:00,0.718144578645038,9ea23099-dd30-4b26-9de7-5d42d5dae87b,46.79055,-109.5157135
2018-10-22 06:00:00,0.5157491196115672,9ea23099-dd30-4b26-9de7-5d42d5dae87b,46.79055,-109.5157135
2018-10-23 06:00:00,0.5976654802569114,9ea23099-dd30-4b26-9de7-5d42d5dae87b,46.79055,-109.5157135
2018-10-24 06:00:00,0.46862370063930436,9ea23099-dd30-4b26-9de7-5d42d5dae87b,46.79055,-109.5157135
2018-10-25 06:00:00,0.44670731400363534,9ea23099-dd30-4b26-9de7-5d42d5dae87b,46.79055,-109.5157135
2018-10-26 06:00:00,0.43766551077988913,9ea23099-dd30-4b26-9de7-5d42d5dae87b,46.79055,-109.5157135
2018-10-27 06:00:00,0.22670731662353985,9ea23099-dd30-4b26-9de7-5d42d5dae87b,46.79055,-109.5157135
2018-10-28 06:00:00,0.43910279449477835,9ea23099-dd30-4b26-9de7-5d42d5dae87b,46.79055,-109.5157135
2018-10-29 06:00:00,0.23574913260672978,9ea23099-dd30-4b26-9de7-5d42d5dae87b,46.79055,-109.5157135
2018-10-30 06:00:00,0.20479094417512622,9ea23099-dd30-4b26-9de7-5d42d5dae87b,46.79055,-109.5157135
2018-10-31 06:00:00,0.17527003660278864,9ea23099-dd30-4b26-9de7-5d42d5dae87b,46.79055,-109.5157135
2018-11-01 06:00:00,0.15431185210779153,9ea23099-dd30-4b26-9de7-5d42d5dae87b,46.79055,-109.5157135
2018-11-02 06:00:00,0.1152700342186029,9ea23099-dd30-4b26-9de7-5d42d5dae87b,46.79055,-109.5157135
2018-11-03 06:00:00,0.04383275163350204,9ea23099-dd30-4b26-9de7-5d42d5dae87b,46.79055,-109.5157135
2018-11-04 06:00:00,0.10527003594781255,9ea23099-dd30-4b26-9de7-5d42d5dae87b,46.79055,-109.5157135
2018-11-05 06:00:00,0.05191637718732037,9ea23099-dd30-4b26-9de7-5d42d5dae87b,46.79055,-109.5157135
2018-11-06 06:00:00,0.011437281974321974,9ea23099-dd30-4b26-9de7-5d42d5dae87b,46.79055,-109.5157135
2018-11-07 06:00:00,0.0009581881318929302,9ea23099-dd30-4b26-9de7-5d42d5dae87b,46.79055,-109.5157135
2018-11-08 06:00:00,0.07143728258510082,9ea23099-dd30-4b26-9de7-5d42d5dae87b,46.79055,-109.5157135
2018-11-09 06:00:00,0.1928745621899694,9ea23099-dd30-4b26-9de7-5d42d5dae87b,46.79055,-109.5157135
2018-11-10 06:00:00,0.012395470106214905,9ea23099-dd30-4b26-9de7-5d42d5dae87b,46.79055,-109.5157135
2018-11-11 06:00:00,0.02143728184004278,9ea23099-dd30-4b26-9de7-5d42d5dae87b,46.79055,-109.5157135
2018-11-12 06:00:00,0.1119163760246923,9ea23099-dd30-4b26-9de7-5d42d5dae87b,46.79055,-109.5157135
2018-11-13 06:00:00,0.21527002825813837,9ea23099-dd30-4b26-9de7-5d42d5dae87b,46.79055,-109.5157135
2018-11-14 06:00:00,0.3857491243799388,9ea23099-dd30-4b26-9de7-5d42d5dae87b,46.79055,-109.5157135
2018-11-15 06:00:00,0.23431185031965218,9ea23099-dd30-4b26-9de7-5d42d5dae87b,46.79055,-109.5157135
2018-11-16 06:00:00,0.05191637718732037,9ea23099-dd30-4b26-9de7-5d42d5dae87b,46.79055,-109.5157135
2018-11-17 06:00:00,0.05095818887695099,9ea23099-dd30-4b26-9de7-5d42d5dae87b,46.79055,-109.5157135
2018-11-18 06:00:00,0.13383274775920012,9ea23099-dd30-4b26-9de7-5d42d5dae87b,46.79055,-109.5157135
2018-11-19 06:00:00,0.11431184626518642,9ea23099-dd30-4b26-9de7-5d42d5dae87b,46.79055,-109.5157135
2018-11-20 06:00:00,0.34479094405726685,9ea23099-dd30-4b26-9de7-5d42d5dae87b,46.79055,-109.5157135
2018-11-21 06:00:00,0.47862369110256103,9ea23099-dd30-4b26-9de7-5d42d5dae87b,46.79055,-109.5157135
2018-11-22 06:00:00,0.36527004840585825,9ea23099-dd30-4b26-9de7-5d42d5dae87b,46.79055,-109.5157135
2018-11-23 06:00:00,0.16527003195227644,9ea23099-dd30-4b26-9de7-5d42d5dae87b,46.79055,-109.5157135
2018-11-24 06:00:00,0.03335365796954945,9ea23099-dd30-4b26-9de7-5d42d5dae87b,46.79055,-109.5157135
2018-11-25 06:00:00,0.05335365911744509,9ea23099-dd30-4b26-9de7-5d42d5dae87b,46.79055,-109.5157135
2018-11-26 06:00:00,0.2447909358304759,9ea23099-dd30-4b26-9de7-5d42d5dae87b,46.79055,-109.5157135
2018-11-27 06:00:00,0.28527003529283634,9ea23099-dd30-4b26-9de7-5d42d5dae87b,46.79055,-109.5157135
2018-11-28 06:00:00,0.13527003004627772,9ea23099-dd30-4b26-9de7-5d42d5dae87b,46.79055,-109.5157135
2018-11-29 06:00:00,0.10527003594781255,9ea23099-dd30-4b26-9de7-5d42d5dae87b,46.79055,-109.5157135
2018-11-30 06:00:00,0.1228745622488991,9ea23099-dd30-4b26-9de7-5d42d5dae87b,46.79055,-109.5157135
2018-12-01 06:00:00,0.002395470418970551,9ea23099-dd30-4b26-9de7-5d42d5dae87b,46.79055,-109.5157135
2018-12-02 06:00:00,0.031437281527287135,9ea23099-dd30-4b26-9de7-5d42d5dae87b,46.79055,-109.5157135
2018-12-03 06:00:00,0.06191637510115779,9ea23099-dd30-4b26-9de7-5d42d5dae87b,46.79055,-109.5157135
2018-12-04 06:00:00,0.08287456278601588,9ea23099-dd30-4b26-9de7-5d42d5dae87b,46.79055,-109.5157135
2018-12-05 06:00:00,0.02095818768485809,9ea23099-dd30-4b26-9de7-5d42d5dae87b,46.79055,-109.5157135
2018-12-06 06:00:00,0.05143728285365923,9ea23099-dd30-4b26-9de7-5d42d5dae87b,46.79055,-109.5157135
2018-12-07 06:00:00,0.22287456338206232,9ea23099-dd30-4b26-9de7-5d42d5dae87b,46.79055,-109.5157135
2018-12-08 06:00:00,0.07383275318254783,9ea23099-dd30-4b26-9de7-5d42d5dae87b,46.79055,-109.5157135
2018-12-09 06:00:00,0.2709581979683467,9ea23099-dd30-4b26-9de7-5d42d5dae87b,46.79055,-109.5157135
2018-12-10 06:00:00,0.38287455980578355,9ea23099-dd30-4b26-9de7-5d42d5dae87b,46.79055,-109.5157135
2018-12-11 06:00:00,0.22431184566913995,9ea23099-dd30-4b26-9de7-5d42d5dae87b,46.79055,-109.5157135
2018-12-12 06:00:00,0.18383275896622325,9ea23099-dd30-4b26-9de7-5d42d5dae87b,46.79055,-109.5157135
2018-12-13 06:00:00,0.3033536701148395,9ea23099-dd30-4b26-9de7-5d42d5dae87b,46.79055,-109.5157135
2018-12-14 06:00:00,0.5143118387523012,9ea23099-dd30-4b26-9de7-5d42d5dae87b,46.79055,-109.5157135
2018-12-15 06:00:00,0.3319163890198547,9ea23099-dd30-4b26-9de7-5d42d5dae87b,46.79055,-109.5157135
2018-12-16 06:00:00,0.4933536677306537,9ea23099-dd30-4b26-9de7-5d42d5dae87b,46.79055,-109.5157135
2018-12-17 06:00:00,0.45479092998787074,9ea23099-dd30-4b26-9de7-5d42d5dae87b,46.79055,-109.5157135
2018-12-18 06:00:00,0.32527002837599767,9ea23099-dd30-4b26-9de7-5d42d5dae87b,46.79055,-109.5157135
2018-12-19 06:00:00,0.23383275669989684,9ea23099-dd30-4b26-9de7-5d42d5dae87b,46.79055,-109.5157135
2018-12-20 06:00:00,0.3547909345205237,9ea23099-dd30-4b26-9de7-5d42d5dae87b,46.79055,-109.5157135
2018-12-21 06:00:00,0.29191636898999423,9ea23099-dd30-4b26-9de7-5d42d5dae87b,46.79055,-109.5157135
2018-12-22 06:00:00,0.10287456570731845,9ea23099-dd30-4b26-9de7-5d42d5dae87b,46.79055,-109.5157135
2018-12-23 06:00:00,0.15383275848803618,9ea23099-dd30-4b26-9de7-5d42d5dae87b,46.79055,-109.5157135
2018-12-24 06:00:00,0.10335366004097961,9ea23099-dd30-4b26-9de7-5d42d5dae87b,46.79055,-109.5157135
2018-12-25 06:00:00,0.10191637775390198,9ea23099-dd30-4b26-9de7-5d42d5dae87b,46.79055,-109.5157135
2018-12-26 06:00:00,0.02143728184004278,9ea23099-dd30-4b26-9de7-5d42d5dae87b,46.79055,-109.5157135
2018-12-27 06:00:00,0.05143728285365923,9ea23099-dd30-4b26-9de7-5d42d5dae87b,46.79055,-109.5157135
2018-12-28 06:00:00,0.07191637656180908,9ea23099-dd30-4b26-9de7-5d42d5dae87b,46.79055,-109.5157135
2018-12-29 06:00:00,0.2238327520493846,9ea23099-dd30-4b26-9de7-5d42d5dae87b,46.79055,-109.5157135
2018-12-30 06:00:00,0.05383275309415333,9ea23099-dd30-4b26-9de7-5d42d5dae87b,46.79055,-109.5157135
2018-12-31 06:00:00,0.04287456368008556,9ea23099-dd30-4b26-9de7-5d42d5dae87b,46.79055,-109.5157135
2019-01-01 06:00:00,0.10191637775390198,9ea23099-dd30-4b26-9de7-5d42d5dae87b,46.79055,-109.5157135
2019-01-02 06:00:00,0.13527003004627772,9ea23099-dd30-4b26-9de7-5d42d5dae87b,46.79055,-109.5157135
2019-01-03 06:00:00,0.34479094405726685,9ea23099-dd30-4b26-9de7-5d42d5dae87b,46.79055,-109.5157135
2019-01-04 06:00:00,0.31574913153249623,9ea23099-dd30-4b26-9de7-5d42d5dae87b,46.79055,-109.5157135
2019-01-05 06:00:00,0.37479094524935963,9ea23099-dd30-4b26-9de7-5d42d5dae87b,46.79055,-109.5157135
2019-01-06 06:00:00,0.2952700271839048,9ea23099-dd30-4b26-9de7-5d42d5dae87b,46.79055,-109.5157135
2019-01-07 06:00:00,0.13383274775920012,9ea23099-dd30-4b26-9de7-5d42d5dae87b,46.79055,-109.5157135
2019-01-08 06:00:00,0.25191637590683297,9ea23099-dd30-4b26-9de7-5d42d5dae87b,46.79055,-109.5157135
2019-01-09 06:00:00,0.4523954590334709,9ea23099-dd30-4b26-9de7-5d42d5dae87b,46.79055,-109.5157135
2019-01-10 06:00:00,0.23622822765429674,9ea23099-dd30-4b26-9de7-5d42d5dae87b,46.79055,-109.5157135
2019-01-11 06:00:00,0.08574912736017112,9ea23099-dd30-4b26-9de7-5d42d5dae87b,46.79055,-109.5157135
2019-01-12 06:00:00,0.4933536677306537,9ea23099-dd30-4b26-9de7-5d42d5dae87b,46.79055,-109.5157135
2019-01-13 06:00:00,0.5633536605780962,9ea23099-dd30-4b26-9de7-5d42d5dae87b,46.79055,-109.5157135
2019-01-14 06:00:00,0.3552700295680906,9ea23099-dd30-4b26-9de7-5d42d5dae87b,46.79055,-109.5157135
2019-01-15 06:00:00,0.262874555037412,9ea23099-dd30-4b26-9de7-5d42d5dae87b,46.79055,-109.5157135
2019-01-16 06:00:00,0.19143727990289178,9ea23099-dd30-4b26-9de7-5d42d5dae87b,46.79055,-109.5157135
2019-01-17 06:00:00,0.12808361932479542,9ea23099-dd30-4b26-9de7-5d42d5dae87b,46.79055,-109.5157135
2019-01-18 06:00:00,0.11095818735737001,9ea23099-dd30-4b26-9de7-5d42d5dae87b,46.79055,-109.5157135
2019-01-19 06:00:00,0.23287456803257453,9ea23099-dd30-4b26-9de7-5d42d5dae87b,46.79055,-109.5157135
2019-01-20 06:00:00,0.21191637006422778,9ea23099-dd30-4b26-9de7-5d42d5dae87b,46.79055,-109.5157135
2019-01-21 06:00:00,0.04143728139300794,9ea23099-dd30-4b26-9de7-5d42d5dae87b,46.79055,-109.5157135
2019-01-22 06:00:00,0.09239547381677277,9ea23099-dd30-4b26-9de7-5d42d5dae87b,46.79055,-109.5157135
2019-01-23 06:00:00,0.0019163762637858604,9ea23099-dd30-4b26-9de7-5d42d5dae87b,46.79055,-109.5157135
2019-01-24 06:00:00,0.031916375682471826,9ea23099-dd30-4b26-9de7-5d42d5dae87b,46.79055,-109.5157135
2019-01-25 06:00:00,0.0928745681504339,9ea23099-dd30-4b26-9de7-5d42d5dae87b,46.79055,-109.5157135
2019-01-26 06:00:00,0.20383275550780397,9ea23099-dd30-4b26-9de7-5d42d5dae87b,46.79055,-109.5157135
2019-01-27 06:00:00,0.17383275431571102,9ea23099-dd30-4b26-9de7-5d42d5dae87b,46.79055,-109.5157135
2019-01-28 06:00:00,0.0009581881318929302,9ea23099-dd30-4b26-9de7-5d42d5dae87b,46.79055,-109.5157135
2019-01-29 06:00:00,0.11095818735737001,9ea23099-dd30-4b26-9de7-5d42d5dae87b,46.79055,-109.5157135
2019-01-30 06:00:00,0.2323954744128192,9ea23099-dd30-4b26-9de7-5d42d5dae87b,46.79055,-109.5157135
2019-01-31 06:00:00,0.23574913260672978,9ea23099-dd30-4b26-9de7-5d42d5dae87b,46.79055,-109.5157135
2019-02-01 06:00:00,0.37574913391668197,9ea23099-dd30-4b26-9de7-5d42d5dae87b,46.79055,-109.5157135
2019-02-02 06:00:00,0.14527003541069575,9ea23099-dd30-4b26-9de7-5d42d5dae87b,46.79055,-109.5157135
2019-02-03 06:00:00,0.0,9ea23099-dd30-4b26-9de7-5d42d5dae87b,46.79055,-109.5157135
2019-02-04 06:00:00,0.08856272111072461,9ea23099-dd30-4b26-9de7-5d42d5dae87b,46.79055,-109.5157135
2019-02-05 06:00:00,0.08808362713401637,9ea23099-dd30-4b26-9de7-5d42d5dae87b,46.79055,-109.5157135
2019-02-06 06:00:00,0.020479093618911624,9ea23099-dd30-4b26-9de7-5d42d5dae87b,46.79055,-109.5157135
2019-02-07 06:00:00,0.060479092814080176,9ea23099-dd30-4b26-9de7-5d42d5dae87b,46.79055,-109.5157135
2019-02-08 06:00:00,0.060479092814080176,9ea23099-dd30-4b26-9de7-5d42d5dae87b,46.79055,-109.5157135
2019-02-09 06:00:00,0.0,9ea23099-dd30-4b26-9de7-5d42d5dae87b,46.79055,-109.5157135
2019-02-10 06:00:00,0.14856272331643394,9ea23099-dd30-4b26-9de7-5d42d5dae87b,46.79055,-109.5157135
2019-02-11 06:00:00,0.07999999821186066,9ea23099-dd30-4b26-9de7-5d42d5dae87b,46.79055,-109.5157135
2019-02-12 06:00:00,0.13952090626238525,9ea23099-dd30-4b26-9de7-5d42d5dae87b,46.79055,-109.5157135
2019-02-13 06:00:00,0.10047909546682435,9ea23099-dd30-4b26-9de7-5d42d5dae87b,46.79055,-109.5157135
2019-02-14 06:00:00,0.18904180966239767,9ea23099-dd30-4b26-9de7-5d42d5dae87b,46.79055,-109.5157135
2019-02-15 06:00:00,0.2585627088900849,9ea23099-dd30-4b26-9de7-5d42d5dae87b,46.79055,-109.5157135
2019-02-16 06:00:00,0.03999999910593033,9ea23099-dd30-4b26-9de7-5d42d5dae87b,46.79055,-109.5157135
2019-02-17 06:00:00,0.04047909326111501,9ea23099-dd30-4b26-9de7-5d42d5dae87b,46.79055,-109.5157135
2019-02-18 06:00:00,0.07000000029802322,9ea23099-dd30-4b26-9de7-5d42d5dae87b,46.79055,-109.5157135
2019-02-19 06:00:00,0.11095818735737001,9ea23099-dd30-4b26-9de7-5d42d5dae87b,46.79055,-109.5157135
2019-02-20 06:00:00,0.07191637656180908,9ea23099-dd30-4b26-9de7-5d42d5dae87b,46.79055,-109.5157135
2019-02-21 06:00:00,0.07047909427473144,9ea23099-dd30-4b26-9de7-5d42d5dae87b,46.79055,-109.5157135
2019-02-22 06:00:00,0.15143728824754207,9ea23099-dd30-4b26-9de7-5d42d5dae87b,46.79055,-109.5157135
2019-02-23 06:00:00,0.031916375682471826,9ea23099-dd30-4b26-9de7-5d42d5dae87b,46.79055,-109.5157135
2019-02-24 06:00:00,0.03999999910593033,9ea23099-dd30-4b26-9de7-5d42d5dae87b,46.79055,-109.5157135
2019-02-25 06:00:00,0.03999999910593033,9ea23099-dd30-4b26-9de7-5d42d5dae87b,46.79055,-109.5157135
2019-02-26 06:00:00,0.05000000074505806,9ea23099-dd30-4b26-9de7-5d42d5dae87b,46.79055,-109.5157135
2019-02-27 06:00:00,0.16904181383472283,9ea23099-dd30-4b26-9de7-5d42d5dae87b,46.79055,-109.5157135
2019-02-28 06:00:00,0.11047909338066178,9ea23099-dd30-4b26-9de7-5d42d5dae87b,46.79055,-109.5157135
2019-03-01 06:00:00,0.02095818768485809,9ea23099-dd30-4b26-9de7-5d42d5dae87b,46.79055,-109.5157135
2019-03-02 06:00:00,0.03952090503998385,9ea23099-dd30-4b26-9de7-5d42d5dae87b,46.79055,-109.5157135
2019-03-03 06:00:00,0.06904181216613027,9ea23099-dd30-4b26-9de7-5d42d5dae87b,46.79055,-109.5157135
2019-03-04 06:00:00,0.12856271330150365,9ea23099-dd30-4b26-9de7-5d42d5dae87b,46.79055,-109.5157135
2019-03-05 06:00:00,0.22904181550500283,9ea23099-dd30-4b26-9de7-5d42d5dae87b,46.79055,-109.5157135
2019-03-06 06:00:00,0.20999999344348907,9ea23099-dd30-4b26-9de7-5d42d5dae87b,46.79055,-109.5157135
2019-03-07 06:00:00,0.3199999928474426,9ea23099-dd30-4b26-9de7-5d42d5dae87b,46.79055,-109.5157135
2019-03-08 06:00:00,0.15287456982071387,9ea23099-dd30-4b26-9de7-5d42d5dae87b,46.79055,-109.5157135
2019-03-09 06:00:00,0.14143728288312404,9ea23099-dd30-4b26-9de7-5d42d5dae87b,46.79055,-109.5157135
2019-03-10 06:00:00,0.2104790877771502,9ea23099-dd30-4b26-9de7-5d42d5dae87b,46.79055,-109.5157135
2019-03-11 06:00:00,0.3143118492454186,9ea23099-dd30-4b26-9de7-5d42d5dae87b,46.79055,-109.5157135
2019-03-12 06:00:00,0.4604791019644055,9ea23099-dd30-4b26-9de7-5d42d5dae87b,46.79055,-109.5157135
2019-03-13 06:00:00,0.06191637510115779,9ea23099-dd30-4b26-9de7-5d42d5dae87b,46.79055,-109.5157135
2019-03-14 06:00:00,0.08239546845235474,9ea23099-dd30-4b26-9de7-5d42d5dae87b,46.79055,-109.5157135
2019-03-15 06:00:00,0.2019163788870652,9ea23099-dd30-4b26-9de7-5d42d5dae87b,46.79055,-109.5157135
2019-03-16 06:00:00,0.3104790960039411,9ea23099-dd30-4b26-9de7-5d42d5dae87b,46.79055,-109.5157135
2019-03-17 06:00:00,0.33047910673277714,9ea23099-dd30-4b26-9de7-5d42d5dae87b,46.79055,-109.5157135
2019-03-18 06:00:00,0.3104790960039411,9ea23099-dd30-4b26-9de7-5d42d5dae87b,46.79055,-109.5157135
2019-03-19 06:00:00,0.4695209051881516,9ea23099-dd30-4b26-9de7-5d42d5dae87b,46.79055,-109.5157135
2019-03-20 06:00:00,0.7795208777700151,9ea23099-dd30-4b26-9de7-5d42d5dae87b,46.79055,-109.5157135
2019-03-21 06:00:00,0.7714372646414027,9ea23099-dd30-4b26-9de7-5d42d5dae87b,46.79055,-109.5157135
2019-03-22 06:00:00,0.5723954638018425,9ea23099-dd30-4b26-9de7-5d42d5dae87b,46.79055,-109.5157135
2019-03-23 06:00:00,0.46143729063172784,9ea23099-dd30-4b26-9de7-5d42d5dae87b,46.79055,-109.5157135
2019-03-24 06:00:00,0.25952089684350144,9ea23099-dd30-4b26-9de7-5d42d5dae87b,46.79055,-109.5157135
2019-03-25 06:00:00,0.3947909276036851,9ea23099-dd30-4b26-9de7-5d42d5dae87b,46.79055,-109.5157135
2019-03-26 06:00:00,0.6652700588989755,9ea23099-dd30-4b26-9de7-5d42d5dae87b,46.79055,-109.5157135
2019-03-27 06:00:00,0.25335365819391054,9ea23099-dd30-4b26-9de7-5d42d5dae87b,46.79055,-109.5157135
2019-03-28 06:00:00,0.1119163760246923,9ea23099-dd30-4b26-9de7-5d42d5dae87b,46.79055,-109.5157135
2019-03-29 06:00:00,0.1819163830593903,9ea23099-dd30-4b26-9de7-5d42d5dae87b,46.79055,-109.5157135
2019-03-30 06:00:00,0.3319163890198547,9ea23099-dd30-4b26-9de7-5d42d5dae87b,46.79055,-109.5157135
2019-03-31 06:00:00,0.30479095240191706,9ea23099-dd30-4b26-9de7-5d42d5dae87b,46.79055,-109.5157135
2019-04-01 06:00:00,0.20239547322072632,9ea23099-dd30-4b26-9de7-5d42d5dae87b,46.79055,-109.5157135
2019-04-02 06:00:00,0.21383274597106072,9ea23099-dd30-4b26-9de7-5d42d5dae87b,46.79055,-109.5157135
2019-04-03 06:00:00,0.49479094858991973,9ea23099-dd30-4b26-9de7-5d42d5dae87b,46.79055,-109.5157135
2019-04-04 06:00:00,0.5462282442257379,9ea23099-dd30-4b26-9de7-5d42d5dae87b,46.79055,-109.5157135
2019-04-05 06:00:00,0.35670731185516824,9ea23099-dd30-4b26-9de7-5d42d5dae87b,46.79055,-109.5157135
2019-04-06 06:00:00,0.37670732115619265,9ea23099-dd30-4b26-9de7-5d42d5dae87b,46.79055,-109.5157135
2019-04-07 06:00:00,0.3867073116194495,9ea23099-dd30-4b26-9de7-5d42d5dae87b,46.79055,-109.5157135
2019-04-08 06:00:00,0.36527004840585825,9ea23099-dd30-4b26-9de7-5d42d5dae87b,46.79055,-109.5157135
2019-04-09 06:00:00,0.1623954666642154,9ea23099-dd30-4b26-9de7-5d42d5dae87b,46.79055,-109.5157135
2019-04-10 06:00:00,0.10383275437464073,9ea23099-dd30-4b26-9de7-5d42d5dae87b,46.79055,-109.5157135
2019-04-11 06:00:00,0.22239546976230698,9ea23099-dd30-4b26-9de7-5d42d5dae87b,46.79055,-109.5157135
2019-04-12 06:00:00,0.23287456803257453,9ea23099-dd30-4b26-9de7-5d42d5dae87b,46.79055,-109.5157135
2019-04-13 06:00:00,0.3043118573543502,9ea23099-dd30-4b26-9de7-5d42d5dae87b,46.79055,-109.5157135
2019-04-14 06:00:00,0.414311843284954,9ea23099-dd30-4b26-9de7-5d42d5dae87b,46.79055,-109.5157135
2019-04-15 06:00:00,0.42479092736796625,9ea23099-dd30-4b26-9de7-5d42d5dae87b,46.79055,-109.5157135
2019-04-16 06:00:00,0.22335365700181767,9ea23099-dd30-4b26-9de7-5d42d5dae87b,46.79055,-109.5157135
2019-04-17 06:00:00,0.3647909547861029,9ea23099-dd30-4b26-9de7-5d42d5dae87b,46.79055,-109.5157135
2019-04-18 06:00:00,0.6662282489941093,9ea23099-dd30-4b26-9de7-5d42d5dae87b,46.79055,-109.5157135
2019-04-19 06:00:00,0.8495818547359325,9ea23099-dd30-4b26-9de7-5d42d5dae87b,46.79055,-109.5157135
2019-04-20 06:00:00,0.2828745657662481,9ea23099-dd30-4b26-9de7-5d42d5dae87b,46.79055,-109.5157135
2019-04-21 06:00:00,0.21431184101862769,9ea23099-dd30-4b26-9de7-5d42d5dae87b,46.79055,-109.5157135
2019-04-22 06:00:00,0.44622822038388,9ea23099-dd30-4b26-9de7-5d42d5dae87b,46.79055,-109.5157135
2019-04-23 06:00:00,0.5876654897936545,9ea23099-dd30-4b26-9de7-5d42d5dae87b,46.79055,-109.5157135
2019-04-24 06:00:00,0.4647909488256384,9ea23099-dd30-4b26-9de7-5d42d5dae87b,46.79055,-109.5157135
2019-04-25 06:00:00,0.4638327615861278,9ea23099-dd30-4b26-9de7-5d42d5dae87b,46.79055,-109.5157135
2019-04-26 06:00:00,0.44383274942948003,9ea23099-dd30-4b26-9de7-5d42d5dae87b,46.79055,-109.5157135
2019-04-27 06:00:00,0.23383275669989684,9ea23099-dd30-4b26-9de7-5d42d5dae87b,46.79055,-109.5157135
2019-04-28 06:00:00,0.09095819152969516,9ea23099-dd30-4b26-9de7-5d42d5dae87b,46.79055,-109.5157135
2019-04-29 06:00:00,0.0928745681504339,9ea23099-dd30-4b26-9de7-5d42d5dae87b,46.79055,-109.5157135
2019-04-30 06:00:00,0.1423954708365405,9ea23099-dd30-4b26-9de7-5d42d5dae87b,46.79055,-109.5157135
2019-05-01 06:00:00,0.2828745657662481,9ea23099-dd30-4b26-9de7-5d42d5dae87b,46.79055,-109.5157135
2019-05-02 06:00:00,0.33335367130693233,9ea23099-dd30-4b26-9de7-5d42d5dae87b,46.79055,-109.5157135
2019-05-03 06:00:00,0.5147909323720565,9ea23099-dd30-4b26-9de7-5d42d5dae87b,46.79055,-109.5157135
2019-05-04 06:00:00,0.5028745645741552,9ea23099-dd30-4b26-9de7-5d42d5dae87b,46.79055,-109.5157135
2019-05-05 06:00:00,0.08047909254552178,9ea23099-dd30-4b26-9de7-5d42d5dae87b,46.79055,-109.5157135
2019-05-06 06:00:00,0.3319163890198547,9ea23099-dd30-4b26-9de7-5d42d5dae87b,46.79055,-109.5157135
2019-05-07 06:00:00,0.37191638067520444,9ea23099-dd30-4b26-9de7-5d42d5dae87b,46.79055,-109.5157135
2019-05-08 06:00:00,0.25431184686123287,9ea23099-dd30-4b26-9de7-5d42d5dae87b,46.79055,-109.5157135
2019-05-09 06:00:00,0.3647909547861029,9ea23099-dd30-4b26-9de7-5d42d5dae87b,46.79055,-109.5157135
2019-05-10 06:00:00,0.46574913606514906,9ea23099-dd30-4b26-9de7-5d42d5dae87b,46.79055,-109.5157135
2019-05-11 06:00:00,0.5252700164550685,9ea23099-dd30-4b26-9de7-5d42d5dae87b,46.79055,-109.5157135
2019-05-12 06:00:00,0.8391027706529204,9ea23099-dd30-4b26-9de7-5d42d5dae87b,46.79055,-109.5157135
2019-05-13 06:00:00,0.9191028135682644,9ea23099-dd30-4b26-9de7-5d42d5dae87b,46.79055,-109.5157135
2019-05-14 06:00:00,0.9481445977185243,9ea23099-dd30-4b26-9de7-5d42d5dae87b,46.79055,-109.5157135
2019-05-15 06:00:00,0.8067073283087501,9ea23099-dd30-4b26-9de7-5d42d5dae87b,46.79055,-109.5157135
2019-05-16 06:00:00,0.3704790983881268,9ea23099-dd30-4b26-9de7-5d42d5dae87b,46.79055,-109.5157135
2019-05-17 06:00:00,0.11047909338066178,9ea23099-dd30-4b26-9de7-5d42d5dae87b,46.79055,-109.5157135
2019-05-18 06:00:00,0.11095818735737001,9ea23099-dd30-4b26-9de7-5d42d5dae87b,46.79055,-109.5157135
2019-05-19 06:00:00,0.19191637423655294,9ea23099-dd30-4b26-9de7-5d42d5dae87b,46.79055,-109.5157135
2019-05-20 06:00:00,0.22191637471474002,9ea23099-dd30-4b26-9de7-5d42d5dae87b,46.79055,-109.5157135
2019-05-21 06:00:00,0.21191637006422778,9ea23099-dd30-4b26-9de7-5d42d5dae87b,46.79055,-109.5157135
2019-05-22 06:00:00,0.33527004721376535,9ea23099-dd30-4b26-9de7-5d42d5dae87b,46.79055,-109.5157135
2019-05-23 06:00:00,0.39622820846295104,9ea23099-dd30-4b26-9de7-5d42d5dae87b,46.79055,-109.5157135
2019-05-24 06:00:00,0.3938327389363628,9ea23099-dd30-4b26-9de7-5d42d5dae87b,46.79055,-109.5157135
2019-05-25 06:00:00,0.46574913606514906,9ea23099-dd30-4b26-9de7-5d42d5dae87b,46.79055,-109.5157135
2019-05-26 06:00:00,0.29383274489682726,9ea23099-dd30-4b26-9de7-5d42d5dae87b,46.79055,-109.5157135
2019-05-27 06:00:00,0.09335366177018925,9ea23099-dd30-4b26-9de7-5d42d5dae87b,46.79055,-109.5157135
2019-05-28 06:00:00,0.3781446048710819,9ea23099-dd30-4b26-9de7-5d42d5dae87b,46.79055,-109.5157135
2019-05-29 06:00:00,0.6610191408350076,9ea23099-dd30-4b26-9de7-5d42d5dae87b,46.79055,-109.5157135
2019-05-30 06:00:00,0.949102784958035,9ea23099-dd30-4b26-9de7-5d42d5dae87b,46.79055,-109.5157135
2019-05-31 06:00:00,0.37958188573034785,9ea23099-dd30-4b26-9de7-5d42d5dae87b,46.79055,-109.5157135
2019-06-01 06:00:00,0.7395819000354625,9ea23099-dd30-4b26-9de7-5d42d5dae87b,46.79055,-109.5157135
2019-06-02 06:00:00,1.0786237433189299,9ea23099-dd30-4b26-9de7-5d42d5dae87b,46.79055,-109.5157135
2019-06-03 06:00:00,1.1181446115522018,9ea23099-dd30-4b26-9de7-5d42d5dae87b,46.79055,-109.5157135
2019-06-04 06:00:00,1.0076655036273319,9ea23099-dd30-4b26-9de7-5d42d5dae87b,46.79055,-109.5157135
2019-06-05 06:00:00,1.0681445457378742,9ea23099-dd30-4b26-9de7-5d42d5dae87b,46.79055,-109.5157135
2019-06-06 06:00:00,1.2138327871050152,9ea23099-dd30-4b26-9de7-5d42d5dae87b,46.79055,-109.5157135
2019-06-07 06:00:00,0.20431184912755931,9ea23099-dd30-4b26-9de7-5d42d5dae87b,46.79055,-109.5157135
2019-06-08 06:00:00,0.23383275669989684,9ea23099-dd30-4b26-9de7-5d42d5dae87b,46.79055,-109.5157135
2019-06-09 06:00:00,0.5057491291483105,9ea23099-dd30-4b26-9de7-5d42d5dae87b,46.79055,-109.5157135
2019-06-10 06:00:00,0.6271864147759479,9ea23099-dd30-4b26-9de7-5d42d5dae87b,46.79055,-109.5157135
2019-06-11 06:00:00,0.49574913868505366,9ea23099-dd30-4b26-9de7-5d42d5dae87b,46.79055,-109.5157135
2019-06-12 06:00:00,0.858144621088945,9ea23099-dd30-4b26-9de7-5d42d5dae87b,46.79055,-109.5157135
2019-06-13 06:00:00,0.9647909175955043,9ea23099-dd30-4b26-9de7-5d42d5dae87b,46.79055,-109.5157135
2019-06-14 06:00:00,0.7891027615876147,9ea23099-dd30-4b26-9de7-5d42d5dae87b,46.79055,-109.5157135
2019-06-15 06:00:00,0.6357491243799389,9ea23099-dd30-4b26-9de7-5d42d5dae87b,46.79055,-109.5157135
2019-06-16 06:00:00,0.6271864147759479,9ea23099-dd30-4b26-9de7-5d42d5dae87b,46.79055,-109.5157135
2019-06-17 06:00:00,0.7386237127959518,9ea23099-dd30-4b26-9de7-5d42d5dae87b,46.79055,-109.5157135
2019-06-18 06:00:00,0.7857491005380809,9ea23099-dd30-4b26-9de7-5d42d5dae87b,46.79055,-109.5157135
2019-06-19 06:00:00,0.6552700116866972,9ea23099-dd30-4b26-9de7-5d42d5dae87b,46.79055,-109.5157135
2019-06-20 06:00:00,0.3547909345205237,9ea23099-dd30-4b26-9de7-5d42d5dae87b,46.79055,-109.5157135
2019-06-21 06:00:00,0.2433536535433983,9ea23099-dd30-4b26-9de7-5d42d5dae87b,46.79055,-109.5157135
2019-06-22 06:00:00,0.284790941673081,9ea23099-dd30-4b26-9de7-5d42d5dae87b,46.79055,-109.5157135
2019-06-23 06:00:00,0.5262282036945792,9ea23099-dd30-4b26-9de7-5d42d5dae87b,46.79055,-109.5157135
2019-06-24 06:00:00,0.42479092736796625,9ea23099-dd30-4b26-9de7-5d42d5dae87b,46.79055,-109.5157135
2019-06-25 06:00:00,0.6362282179996941,9ea23099-dd30-4b26-9de7-5d42d5dae87b,46.79055,-109.5157135
2019-06-26 06:00:00,0.7619163677979013,9ea23099-dd30-4b26-9de7-5d42d5dae87b,46.79055,-109.5157135
2019-06-27 06:00:00,0.7138327332116168,9ea23099-dd30-4b26-9de7-5d42d5dae87b,46.79055,-109.5157135
2019-06-28 06:00:00,0.5495819024196484,9ea23099-dd30-4b26-9de7-5d42d5dae87b,46.79055,-109.5157135
2019-06-29 06:00:00,0.8952700212234401,9ea23099-dd30-4b26-9de7-5d42d5dae87b,46.79055,-109.5157135
2019-06-30 06:00:00,0.7962282442257377,9ea23099-dd30-4b26-9de7-5d42d5dae87b,46.79055,-109.5157135
2019-07-01 06:00:00,0.8519163983208791,9ea23099-dd30-4b26-9de7-5d42d5dae87b,46.79055,-109.5157135
2019-07-02 06:00:00,0.45047908312663787,9ea23099-dd30-4b26-9de7-5d42d5dae87b,46.79055,-109.5157135
2019-07-03 06:00:00,0.2933536512770719,9ea23099-dd30-4b26-9de7-5d42d5dae87b,46.79055,-109.5157135
2019-07-04 06:00:00,0.5047909419087998,9ea23099-dd30-4b26-9de7-5d42d5dae87b,46.79055,-109.5157135
2019-07-05 06:00:00,0.4562282108471368,9ea23099-dd30-4b26-9de7-5d42d5dae87b,46.79055,-109.5157135
2019-07-06 06:00:00,0.7186236722647934,9ea23099-dd30-4b26-9de7-5d42d5dae87b,46.79055,-109.5157135
2019-07-07 06:00:00,0.8252700283759975,9ea23099-dd30-4b26-9de7-5d42d5dae87b,46.79055,-109.5157135
2019-07-08 06:00:00,0.5362281970134594,9ea23099-dd30-4b26-9de7-5d42d5dae87b,46.79055,-109.5157135
2019-07-09 06:00:00,0.4243118337482109,9ea23099-dd30-4b26-9de7-5d42d5dae87b,46.79055,-109.5157135
2019-07-10 06:00:00,0.9981446067838302,9ea23099-dd30-4b26-9de7-5d42d5dae87b,46.79055,-109.5157135
2019-07-11 06:00:00,1.1257491339166816,9ea23099-dd30-4b26-9de7-5d42d5dae87b,46.79055,-109.5157135
2019-07-12 06:00:00,1.0771864624596637,9ea23099-dd30-4b26-9de7-5d42d5dae87b,46.79055,-109.5157135
2019-07-13 06:00:00,1.4276654664232336,9ea23099-dd30-4b26-9de7-5d42d5dae87b,46.79055,-109.5157135
2019-07-14 06:00:00,1.278144583884847,9ea23099-dd30-4b26-9de7-5d42d5dae87b,46.79055,-109.5157135
2019-07-15 06:00:00,0.9162282461384861,9ea23099-dd30-4b26-9de7-5d42d5dae87b,46.79055,-109.5157135
2019-07-16 06:00:00,0.755270035528555,9ea23099-dd30-4b26-9de7-5d42d5dae87b,46.79055,-109.5157135
2019-07-17 06:00:00,0.7691027778054776,9ea23099-dd30-4b26-9de7-5d42d5dae87b,46.79055,-109.5157135
2019-07-18 06:00:00,1.0471863775718502,9ea23099-dd30-4b26-9de7-5d42d5dae87b,46.79055,-109.5157135
2019-07-19 06:00:00,0.9281446167920108,9ea23099-dd30-4b26-9de7-5d42d5dae87b,46.79055,-109.5157135
2019-07-20 06:00:00,0.9357491334452446,9ea23099-dd30-4b26-9de7-5d42d5dae87b,46.79055,-109.5157135
2019-07-21 06:00:00,0.9057491053064525,9ea23099-dd30-4b26-9de7-5d42d5dae87b,46.79055,-109.5157135
2019-07-22 06:00:00,1.4167072830092198,9ea23099-dd30-4b26-9de7-5d42d5dae87b,46.79055,-109.5157135
2019-07-23 06:00:00,1.5676654521181193,9ea23099-dd30-4b26-9de7-5d42d5dae87b,46.79055,-109.5157135
2019-07-24 06:00:00,1.2586236908668422,9ea23099-dd30-4b26-9de7-5d42d5dae87b,46.79055,-109.5157135
2019-07-25 06:00:00,1.2586236908668422,9ea23099-dd30-4b26-9de7-5d42d5dae87b,46.79055,-109.5157135
2019-07-26 06:00:00,1.429581840902255,9ea23099-dd30-4b26-9de7-5d42d5dae87b,46.79055,-109.5157135
2019-07-27 06:00:00,1.3705400853622247,9ea23099-dd30-4b26-9de7-5d42d5dae87b,46.79055,-109.5157135
2019-07-28 06:00:00,0.9981446067838302,9ea23099-dd30-4b26-9de7-5d42d5dae87b,46.79055,-109.5157135
2019-07-29 06:00:00,1.291498229686391,9ea23099-dd30-4b26-9de7-5d42d5dae87b,46.79055,-109.5157135
2019-07-30 06:00:00,1.499102794023341,9ea23099-dd30-4b26-9de7-5d42d5dae87b,46.79055,-109.5157135
2019-07-31 06:00:00,1.553893693959671,9ea23099-dd30-4b26-9de7-5d42d5dae87b,46.79055,-109.5157135
2019-08-01 06:00:00,1.5610191169931495,9ea23099-dd30-4b26-9de7-5d42d5dae87b,46.79055,-109.5157135
2019-08-02 06:00:00,1.7514982678333637,9ea23099-dd30-4b26-9de7-5d42d5dae87b,46.79055,-109.5157135
2019-08-03 06:00:00,1.5900610146414524,9ea23099-dd30-4b26-9de7-5d42d5dae87b,46.79055,-109.5157135
2019-08-04 06:00:00,1.4495819353268118,9ea23099-dd30-4b26-9de7-5d42d5dae87b,46.79055,-109.5157135
2019-08-05 06:00:00,1.1629355153140288,9ea23099-dd30-4b26-9de7-5d42d5dae87b,46.79055,-109.5157135
2019-08-06 06:00:00,1.3295819305584402,9ea23099-dd30-4b26-9de7-5d42d5dae87b,46.79055,-109.5157135
2019-08-07 06:00:00,1.148144582941972,9ea23099-dd30-4b26-9de7-5d42d5dae87b,46.79055,-109.5157135
2019-08-08 06:00:00,1.4129355153140288,9ea23099-dd30-4b26-9de7-5d42d5dae87b,46.79055,-109.5157135
2019-08-09 06:00:00,1.0510191265298927,9ea23099-dd30-4b26-9de7-5d42d5dae87b,46.79055,-109.5157135
2019-08-10 06:00:00,0.3357491408335207,9ea23099-dd30-4b26-9de7-5d42d5dae87b,46.79055,-109.5157135
2019-08-11 06:00:00,0.16335365533153767,9ea23099-dd30-4b26-9de7-5d42d5dae87b,46.79055,-109.5157135
2019-08-12 06:00:00,0.4567073044668921,9ea23099-dd30-4b26-9de7-5d42d5dae87b,46.79055,-109.5157135
2019-08-13 06:00:00,0.668623717092886,9ea23099-dd30-4b26-9de7-5d42d5dae87b,46.79055,-109.5157135
2019-08-14 06:00:00,0.8776655083957032,9ea23099-dd30-4b26-9de7-5d42d5dae87b,46.79055,-109.5157135
2019-08-15 06:00:00,0.8081446120236393,9ea23099-dd30-4b26-9de7-5d42d5dae87b,46.79055,-109.5157135
2019-08-16 06:00:00,0.6881446072552676,9ea23099-dd30-4b26-9de7-5d42d5dae87b,46.79055,-109.5157135
2019-08-17 06:00:00,0.17239547202863342,9ea23099-dd30-4b26-9de7-5d42d5dae87b,46.79055,-109.5157135
2019-08-18 06:00:00,0.8081446120236393,9ea23099-dd30-4b26-9de7-5d42d5dae87b,46.79055,-109.5157135
2019-08-19 06:00:00,1.3210191074564064,9ea23099-dd30-4b26-9de7-5d42d5dae87b,46.79055,-109.5157135
2019-08-20 06:00:00,1.0952700689071562,9ea23099-dd30-4b26-9de7-5d42d5dae87b,46.79055,-109.5157135
2019-08-21 06:00:00,1.231019193287095,9ea23099-dd30-4b26-9de7-5d42d5dae87b,46.79055,-109.5157135
2019-08-22 06:00:00,0.6286236984908372,9ea23099-dd30-4b26-9de7-5d42d5dae87b,46.79055,-109.5157135
2019-08-23 06:00:00,0.575749121995753,9ea23099-dd30-4b26-9de7-5d42d5dae87b,46.79055,-109.5157135
2019-08-24 06:00:00,0.8767073211561925,9ea23099-dd30-4b26-9de7-5d42d5dae87b,46.79055,-109.5157135
2019-08-25 06:00:00,0.7062282108471367,9ea23099-dd30-4b26-9de7-5d42d5dae87b,46.79055,-109.5157135
2019-08-26 06:00:00,0.4943118549701644,9ea23099-dd30-4b26-9de7-5d42d5dae87b,46.79055,-109.5157135
2019-08-27 06:00:00,0.6167073306929358,9ea23099-dd30-4b26-9de7-5d42d5dae87b,46.79055,-109.5157135
2019-08-28 06:00:00,1.250060986974098,9ea23099-dd30-4b26-9de7-5d42d5dae87b,46.79055,-109.5157135
2019-08-29 06:00:00,0.7867072906332149,9ea23099-dd30-4b26-9de7-5d42d5dae87b,46.79055,-109.5157135
2019-08-30 06:00:00,0.7052700236076261,9ea23099-dd30-4b26-9de7-5d42d5dae87b,46.79055,-109.5157135
2019-08-31 06:00:00,1.0981446306256881,9ea23099-dd30-4b26-9de7-5d42d5dae87b,46.79055,-109.5157135
2019-09-01 06:00:00,1.1957491806575227,9ea23099-dd30-4b26-9de7-5d42d5dae87b,46.79055,-109.5157135
2019-09-02 06:00:00,1.129581888585971,9ea23099-dd30-4b26-9de7-5d42d5dae87b,46.79055,-109.5157135
2019-09-03 06:00:00,1.2010192161860778,9ea23099-dd30-4b26-9de7-5d42d5dae87b,46.79055,-109.5157135
2019-09-04 06:00:00,1.631019169445237,9ea23099-dd30-4b26-9de7-5d42d5dae87b,46.79055,-109.5157135
2019-09-05 06:00:00,1.4471864672280352,9ea23099-dd30-4b26-9de7-5d42d5dae87b,46.79055,-109.5157135
2019-09-06 06:00:00,0.7923954895564487,9ea23099-dd30-4b26-9de7-5d42d5dae87b,46.79055,-109.5157135
2019-09-07 06:00:00,0.03431184592296593,9ea23099-dd30-4b26-9de7-5d42d5dae87b,46.79055,-109.5157135
2019-09-08 06:00:00,0.3247909333284308,9ea23099-dd30-4b26-9de7-5d42d5dae87b,46.79055,-109.5157135
2019-09-09 06:00:00,0.04527003427753256,9ea23099-dd30-4b26-9de7-5d42d5dae87b,46.79055,-109.5157135
2019-09-10 06:00:00,0.1152700342186029,9ea23099-dd30-4b26-9de7-5d42d5dae87b,46.79055,-109.5157135
2019-09-11 06:00:00,0.07287456451522555,9ea23099-dd30-4b26-9de7-5d42d5dae87b,46.79055,-109.5157135
2019-09-12 06:00:00,0.4362282299206231,9ea23099-dd30-4b26-9de7-5d42d5dae87b,46.79055,-109.5157135
2019-09-13 06:00:00,0.8295818738094187,9ea23099-dd30-4b26-9de7-5d42d5dae87b,46.79055,-109.5157135
2019-09-14 06:00:00,0.9481445977185243,9ea23099-dd30-4b26-9de7-5d42d5dae87b,46.79055,-109.5157135
2019-09-15 06:00:00,1.461977399600092,9ea23099-dd30-4b26-9de7-5d42d5dae87b,46.79055,-109.5157135
2019-09-16 06:00:00,1.472456483683104,9ea23099-dd30-4b26-9de7-5d42d5dae87b,46.79055,-109.5157135
2019-09-17 06:00:00,0.4038327577741304,9ea23099-dd30-4b26-9de7-5d42d5dae87b,46.79055,-109.5157135
2019-09-18 06:00:00,0.6281446048710818,9ea23099-dd30-4b26-9de7-5d42d5dae87b,46.79055,-109.5157135
2019-09-19 06:00:00,0.4471864076233907,9ea23099-dd30-4b26-9de7-5d42d5dae87b,46.79055,-109.5157135
2019-09-20 06:00:00,0.1152700342186029,9ea23099-dd30-4b26-9de7-5d42d5dae87b,46.79055,-109.5157135
2019-09-21 06:00:00,0.18622822992062316,9ea23099-dd30-4b26-9de7-5d42d5dae87b,46.79055,-109.5157135
2019-09-22 06:00:00,0.45766549456202604,9ea23099-dd30-4b26-9de7-5d42d5dae87b,46.79055,-109.5157135
2019-09-23 06:00:00,0.7291028159524504,9ea23099-dd30-4b26-9de7-5d42d5dae87b,46.79055,-109.5157135
2019-09-24 06:00:00,0.6062282466099236,9ea23099-dd30-4b26-9de7-5d42d5dae87b,46.79055,-109.5157135
2019-09-25 06:00:00,0.45574911722738143,9ea23099-dd30-4b26-9de7-5d42d5dae87b,46.79055,-109.5157135
2019-09-26 06:00:00,0.3957491148431957,9ea23099-dd30-4b26-9de7-5d42d5dae87b,46.79055,-109.5157135
2019-09-27 06:00:00,0.14527003541069575,9ea23099-dd30-4b26-9de7-5d42d5dae87b,46.79055,-109.5157135
2019-09-28 06:00:00,0.0014372821978393953,9ea23099-dd30-4b26-9de7-5d42d5dae87b,46.79055,-109.5157135
2019-09-29 06:00:00,0.0,9ea23099-dd30-4b26-9de7-5d42d5dae87b,46.79055,-109.5157135
2019-09-30 06:00:00,0.05143728285365923,9ea23099-dd30-4b26-9de7-5d42d5dae87b,46.79055,-109.5157135
2019-10-01 06:00:00,0.10335366004097961,9ea23099-dd30-4b26-9de7-5d42d5dae87b,46.79055,-109.5157135
2019-10-02 06:00:00,0.20431184912755931,9ea23099-dd30-4b26-9de7-5d42d5dae87b,46.79055,-109.5157135
2019-10-03 06:00:00,0.3857491243799388,9ea23099-dd30-4b26-9de7-5d42d5dae87b,46.79055,-109.5157135
2019-10-04 06:00:00,0.2747909512098242,9ea23099-dd30-4b26-9de7-5d42d5dae87b,46.79055,-109.5157135
2019-10-05 06:00:00,0.24527002945023124,9ea23099-dd30-4b26-9de7-5d42d5dae87b,46.79055,-109.5157135
2019-10-06 06:00:00,0.33527004721376535,9ea23099-dd30-4b26-9de7-5d42d5dae87b,46.79055,-109.5157135
2019-10-07 06:00:00,0.5386236651122361,9ea23099-dd30-4b26-9de7-5d42d5dae87b,46.79055,-109.5157135
2019-10-08 06:00:00,0.327665497902586,9ea23099-dd30-4b26-9de7-5d42d5dae87b,46.79055,-109.5157135
2019-10-09 06:00:00,0.0,9ea23099-dd30-4b26-9de7-5d42d5dae87b,46.79055,-109.5157135
2019-10-10 06:00:00,0.0723954705385173,9ea23099-dd30-4b26-9de7-5d42d5dae87b,46.79055,-109.5157135
2019-10-11 06:00:00,0.17239547202863342,9ea23099-dd30-4b26-9de7-5d42d5dae87b,46.79055,-109.5157135
2019-10-12 06:00:00,0.24527002945023124,9ea23099-dd30-4b26-9de7-5d42d5dae87b,46.79055,-109.5157135
2019-10-13 06:00:00,0.39718639855808496,9ea23099-dd30-4b26-9de7-5d42d5dae87b,46.79055,-109.5157135
2019-10-14 06:00:00,0.20431184912755931,9ea23099-dd30-4b26-9de7-5d42d5dae87b,46.79055,-109.5157135
2019-10-15 06:00:00,0.30622823468899474,9ea23099-dd30-4b26-9de7-5d42d5dae87b,46.79055,-109.5157135
2019-10-16 06:00:00,0.7095818690410474,9ea23099-dd30-4b26-9de7-5d42d5dae87b,46.79055,-109.5157135
2019-10-17 06:00:00,0.6095819048038341,9ea23099-dd30-4b26-9de7-5d42d5dae87b,46.79055,-109.5157135
2019-10-18 06:00:00,0.2862282239601586,9ea23099-dd30-4b26-9de7-5d42d5dae87b,46.79055,-109.5157135
2019-10-19 06:00:00,0.2862282239601586,9ea23099-dd30-4b26-9de7-5d42d5dae87b,46.79055,-109.5157135
2019-10-20 06:00:00,0.1252700324893932,9ea23099-dd30-4b26-9de7-5d42d5dae87b,46.79055,-109.5157135
2019-10-21 06:00:00,0.11622822217201934,9ea23099-dd30-4b26-9de7-5d42d5dae87b,46.79055,-109.5157135
2019-10-22 06:00:00,0.2567073163878211,9ea23099-dd30-4b26-9de7-5d42d5dae87b,46.79055,-109.5157135
2019-10-23 06:00:00,0.013353658238107836,9ea23099-dd30-4b26-9de7-5d42d5dae87b,46.79055,-109.5157135
2019-10-24 06:00:00,0.17718641250962158,9ea23099-dd30-4b26-9de7-5d42d5dae87b,46.79055,-109.5157135
2019-10-25 06:00:00,0.3676655179324465,9ea23099-dd30-4b26-9de7-5d42d5dae87b,46.79055,-109.5157135
2019-10-26 06:00:00,0.0,9ea23099-dd30-4b26-9de7-5d42d5dae87b,46.79055,-109.5157135
2019-10-27 06:00:00,0.02239546997193571,9ea23099-dd30-4b26-9de7-5d42d5dae87b,46.79055,-109.5157135
2019-10-28 06:00:00,0.0009581881318929302,9ea23099-dd30-4b26-9de7-5d42d5dae87b,46.79055,-109.5157135
2019-10-29 06:00:00,0.04095818723782325,9ea23099-dd30-4b26-9de7-5d42d5dae87b,46.79055,-109.5157135
2019-10-30 06:00:00,0.10287456570731845,9ea23099-dd30-4b26-9de7-5d42d5dae87b,46.79055,-109.5157135
2019-10-31 06:00:00,0.15287456982071387,9ea23099-dd30-4b26-9de7-5d42d5dae87b,46.79055,-109.5157135
2019-11-01 06:00:00,0.09335366177018925,9ea23099-dd30-4b26-9de7-5d42d5dae87b,46.79055,-109.5157135
2019-11-02 06:00:00,0.1843118540137902,9ea23099-dd30-4b26-9de7-5d42d5dae87b,46.79055,-109.5157135
2019-11-03 06:00:00,0.06287456305457427,9ea23099-dd30-4b26-9de7-5d42d5dae87b,46.79055,-109.5157135
2019-11-04 06:00:00,0.07335365884888669,9ea23099-dd30-4b26-9de7-5d42d5dae87b,46.79055,-109.5157135
2019-11-05 06:00:00,0.06239546907786603,9ea23099-dd30-4b26-9de7-5d42d5dae87b,46.79055,-109.5157135
2019-11-06 06:00:00,0.06143728112444955,9ea23099-dd30-4b26-9de7-5d42d5dae87b,46.79055,-109.5157135
2019-11-07 06:00:00,0.17670731888986627,9ea23099-dd30-4b26-9de7-5d42d5dae87b,46.79055,-109.5157135
2019-11-08 06:00:00,0.4471864076233907,9ea23099-dd30-4b26-9de7-5d42d5dae87b,46.79055,-109.5157135
2019-11-09 06:00:00,0.47143728109498456,9ea23099-dd30-4b26-9de7-5d42d5dae87b,46.79055,-109.5157135
2019-11-10 06:00:00,0.06808362394499912,9ea23099-dd30-4b26-9de7-5d42d5dae87b,46.79055,-109.5157135
2019-11-11 06:00:00,0.18383275896622325,9ea23099-dd30-4b26-9de7-5d42d5dae87b,46.79055,-109.5157135
2019-11-12 06:00:00,0.38287455980578355,9ea23099-dd30-4b26-9de7-5d42d5dae87b,46.79055,-109.5157135
2019-11-13 06:00:00,0.05383275309415333,9ea23099-dd30-4b26-9de7-5d42d5dae87b,46.79055,-109.5157135
2019-11-14 06:00:00,0.17670731888986627,9ea23099-dd30-4b26-9de7-5d42d5dae87b,46.79055,-109.5157135
2019-11-15 06:00:00,0.30862370421558305,9ea23099-dd30-4b26-9de7-5d42d5dae87b,46.79055,-109.5157135
2019-11-16 06:00:00,0.15622822872853026,9ea23099-dd30-4b26-9de7-5d42d5dae87b,46.79055,-109.5157135
2019-11-17 06:00:00,0.25766550505514346,9ea23099-dd30-4b26-9de7-5d42d5dae87b,46.79055,-109.5157135
2019-11-18 06:00:00,0.26670730827888955,9ea23099-dd30-4b26-9de7-5d42d5dae87b,46.79055,-109.5157135
2019-11-19 06:00:00,0.20239547322072632,9ea23099-dd30-4b26-9de7-5d42d5dae87b,46.79055,-109.5157135
2019-11-20 06:00:00,0.0014372821978393953,9ea23099-dd30-4b26-9de7-5d42d5dae87b,46.79055,-109.5157135
2019-11-21 06:00:00,0.13479093642652237,9ea23099-dd30-4b26-9de7-5d42d5dae87b,46.79055,-109.5157135
2019-11-22 06:00:00,0.2857491303404033,9ea23099-dd30-4b26-9de7-5d42d5dae87b,46.79055,-109.5157135
2019-11-23 06:00:00,0.3362282358810876,9ea23099-dd30-4b26-9de7-5d42d5dae87b,46.79055,-109.5157135
2019-11-24 06:00:00,0.29574912080366017,9ea23099-dd30-4b26-9de7-5d42d5dae87b,46.79055,-109.5157135
2019-11-25 06:00:00,0.07383275318254783,9ea23099-dd30-4b26-9de7-5d42d5dae87b,46.79055,-109.5157135
2019-11-26 06:00:00,0.013353658238107836,9ea23099-dd30-4b26-9de7-5d42d5dae87b,46.79055,-109.5157135
2019-11-27 06:00:00,0.09095819152969516,9ea23099-dd30-4b26-9de7-5d42d5dae87b,46.79055,-109.5157135
2019-11-28 06:00:00,0.0004790940659464651,9ea23099-dd30-4b26-9de7-5d42d5dae87b,46.79055,-109.5157135
2019-11-29 06:00:00,0.030958187550578897,9ea23099-dd30-4b26-9de7-5d42d5dae87b,46.79055,-109.5157135
2019-11-30 06:00:00,0.06143728112444955,9ea23099-dd30-4b26-9de7-5d42d5dae87b,46.79055,-109.5157135
2019-12-01 06:00:00,0.23287456803257453,9ea23099-dd30-4b26-9de7-5d42d5dae87b,46.79055,-109.5157135
2019-12-02 06:00:00,0.1747909429830333,9ea23099-dd30-4b26-9de7-5d42d5dae87b,46.79055,-109.5157135
2019-12-03 06:00:00,0.284790941673081,9ea23099-dd30-4b26-9de7-5d42d5dae87b,46.79055,-109.5157135
2019-12-04 06:00:00,0.24527002945023124,9ea23099-dd30-4b26-9de7-5d42d5dae87b,46.79055,-109.5157135
2019-12-05 06:00:00,0.13335365413944478,9ea23099-dd30-4b26-9de7-5d42d5dae87b,46.79055,-109.5157135
2019-12-06 06:00:00,0.2833536593860034,9ea23099-dd30-4b26-9de7-5d42d5dae87b,46.79055,-109.5157135
2019-12-07 06:00:00,0.3023954814475172,9ea23099-dd30-4b26-9de7-5d42d5dae87b,46.79055,-109.5157135
2019-12-08 06:00:00,0.09000000357627869,9ea23099-dd30-4b26-9de7-5d42d5dae87b,46.79055,-109.5157135
2019-12-09 06:00:00,0.12239546791523795,9ea23099-dd30-4b26-9de7-5d42d5dae87b,46.79055,-109.5157135
2019-12-10 06:00:00,0.15287456982071387,9ea23099-dd30-4b26-9de7-5d42d5dae87b,46.79055,-109.5157135
2019-12-11 06:00:00,0.16335365533153767,9ea23099-dd30-4b26-9de7-5d42d5dae87b,46.79055,-109.5157135
2019-12-12 06:00:00,0.1747909429830333,9ea23099-dd30-4b26-9de7-5d42d5dae87b,46.79055,-109.5157135
2019-12-13 06:00:00,0.06239546907786603,9ea23099-dd30-4b26-9de7-5d42d5dae87b,46.79055,-109.5157135
2019-12-14 06:00:00,0.06287456305457427,9ea23099-dd30-4b26-9de7-5d42d5dae87b,46.79055,-109.5157135
2019-12-15 06:00:00,0.08287456278601588,9ea23099-dd30-4b26-9de7-5d42d5dae87b,46.79055,-109.5157135
2019-12-16 06:00:00,0.14431184745727926,9ea23099-dd30-4b26-9de7-5d42d5dae87b,46.79055,-109.5157135
2019-12-17 06:00:00,0.3428745681504338,9ea23099-dd30-4b26-9de7-5d42d5dae87b,46.79055,-109.5157135
2019-12-18 06:00:00,0.42287455146113323,9ea23099-dd30-4b26-9de7-5d42d5dae87b,46.79055,-109.5157135
2019-12-19 06:00:00,0.27527004482957956,9ea23099-dd30-4b26-9de7-5d42d5dae87b,46.79055,-109.5157135
2019-12-20 06:00:00,0.3647909547861029,9ea23099-dd30-4b26-9de7-5d42d5dae87b,46.79055,-109.5157135
2019-12-21 06:00:00,0.5433536796515827,9ea23099-dd30-4b26-9de7-5d42d5dae87b,46.79055,-109.5157135
2019-12-22 06:00:00,0.5638327541978515,9ea23099-dd30-4b26-9de7-5d42d5dae87b,46.79055,-109.5157135
2019-12-23 06:00:00,0.4647909488256384,9ea23099-dd30-4b26-9de7-5d42d5dae87b,46.79055,-109.5157135
2019-12-24 06:00:00,0.2323954744128192,9ea23099-dd30-4b26-9de7-5d42d5dae87b,46.79055,-109.5157135
2019-12-25 06:00:00,0.04287456368008556,9ea23099-dd30-4b26-9de7-5d42d5dae87b,46.79055,-109.5157135
2019-12-26 06:00:00,0.08383275073943236,9ea23099-dd30-4b26-9de7-5d42d5dae87b,46.79055,-109.5157135
2019-12-27 06:00:00,0.11383275193152527,9ea23099-dd30-4b26-9de7-5d42d5dae87b,46.79055,-109.5157135
2019-12-28 06:00:00,0.0723954705385173,9ea23099-dd30-4b26-9de7-5d42d5dae87b,46.79055,-109.5157135
2019-12-29 06:00:00,0.06335365703128251,9ea23099-dd30-4b26-9de7-5d42d5dae87b,46.79055,-109.5157135
2019-12-30 06:00:00,0.17383275431571102,9ea23099-dd30-4b26-9de7-5d42d5dae87b,46.79055,-109.5157135
2019-12-31 06:00:00,0.05287456514073685,9ea23099-dd30-4b26-9de7-5d42d5dae87b,46.79055,-109.5157135
2020-01-01 06:00:00,0.19383275085729168,9ea23099-dd30-4b26-9de7-5d42d5dae87b,46.79055,-109.5157135
2020-01-02 06:00:00,0.06287456305457427,9ea23099-dd30-4b26-9de7-5d42d5dae87b,46.79055,-109.5157135
2020-01-03 06:00:00,0.21718640559278293,9ea23099-dd30-4b26-9de7-5d42d5dae87b,46.79055,-109.5157135
2020-01-04 06:00:00,0.3362282358810876,9ea23099-dd30-4b26-9de7-5d42d5dae87b,46.79055,-109.5157135
2020-01-05 06:00:00,0.17383275431571102,9ea23099-dd30-4b26-9de7-5d42d5dae87b,46.79055,-109.5157135
2020-01-06 06:00:00,0.16431184328495413,9ea23099-dd30-4b26-9de7-5d42d5dae87b,46.79055,-109.5157135
2020-01-07 06:00:00,0.17431184793546636,9ea23099-dd30-4b26-9de7-5d42d5dae87b,46.79055,-109.5157135
2020-01-08 06:00:00,0.18287457101280677,9ea23099-dd30-4b26-9de7-5d42d5dae87b,46.79055,-109.5157135
2020-01-09 06:00:00,0.019999999552965164,9ea23099-dd30-4b26-9de7-5d42d5dae87b,46.79055,-109.5157135
2020-01-10 06:00:00,0.08287456278601588,9ea23099-dd30-4b26-9de7-5d42d5dae87b,46.79055,-109.5157135
2020-01-11 06:00:00,0.14191637721678518,9ea23099-dd30-4b26-9de7-5d42d5dae87b,46.79055,-109.5157135
2020-01-12 06:00:00,0.07047909427473144,9ea23099-dd30-4b26-9de7-5d42d5dae87b,46.79055,-109.5157135
2020-01-13 06:00:00,0.028562717131608344,9ea23099-dd30-4b26-9de7-5d42d5dae87b,46.79055,-109.5157135
2020-01-14 06:00:00,0.07808362194807478,9ea23099-dd30-4b26-9de7-5d42d5dae87b,46.79055,-109.5157135
2020-01-15 06:00:00,0.11143728169103116,9ea23099-dd30-4b26-9de7-5d42d5dae87b,46.79055,-109.5157135
2020-01-16 06:00:00,0.2723954802554243,9ea23099-dd30-4b26-9de7-5d42d5dae87b,46.79055,-109.5157135
2020-01-17 06:00:00,0.1676045311906923,9ea23099-dd30-4b26-9de7-5d42d5dae87b,46.79055,-109.5157135
2020-01-18 06:00:00,0.11095818735737001,9ea23099-dd30-4b26-9de7-5d42d5dae87b,46.79055,-109.5157135
2020-01-19 06:00:00,0.13335365413944478,9ea23099-dd30-4b26-9de7-5d42d5dae87b,46.79055,-109.5157135
2020-01-20 06:00:00,0.41335365461763185,9ea23099-dd30-4b26-9de7-5d42d5dae87b,46.79055,-109.5157135
2020-01-21 06:00:00,0.33335367130693233,9ea23099-dd30-4b26-9de7-5d42d5dae87b,46.79055,-109.5157135
2020-01-22 06:00:00,0.17431184793546636,9ea23099-dd30-4b26-9de7-5d42d5dae87b,46.79055,-109.5157135
2020-01-23 06:00:00,0.20431184912755931,9ea23099-dd30-4b26-9de7-5d42d5dae87b,46.79055,-109.5157135
2020-01-24 06:00:00,0.30383276373459484,9ea23099-dd30-4b26-9de7-5d42d5dae87b,46.79055,-109.5157135
2020-01-25 06:00:00,0.23431185031965218,9ea23099-dd30-4b26-9de7-5d42d5dae87b,46.79055,-109.5157135
2020-01-26 06:00:00,0.20287456684048166,9ea23099-dd30-4b26-9de7-5d42d5dae87b,46.79055,-109.5157135
2020-01-27 06:00:00,0.07431184680230317,9ea23099-dd30-4b26-9de7-5d42d5dae87b,46.79055,-109.5157135
2020-01-28 06:00:00,0.1843118540137902,9ea23099-dd30-4b26-9de7-5d42d5dae87b,46.79055,-109.5157135
2020-01-29 06:00:00,0.15431185210779153,9ea23099-dd30-4b26-9de7-5d42d5dae87b,46.79055,-109.5157135
2020-01-30 06:00:00,0.17335365998204988,9ea23099-dd30-4b26-9de7-5d42d5dae87b,46.79055,-109.5157135
2020-01-31 06:00:00,0.38527003076018346,9ea23099-dd30-4b26-9de7-5d42d5dae87b,46.79055,-109.5157135
2020-02-01 06:00:00,0.5243118292155579,9ea23099-dd30-4b26-9de7-5d42d5dae87b,46.79055,-109.5157135
2020-02-02 06:00:00,0.1928745621899694,9ea23099-dd30-4b26-9de7-5d42d5dae87b,46.79055,-109.5157135
2020-02-03 06:00:00,0.13239546618602827,9ea23099-dd30-4b26-9de7-5d42d5dae87b,46.79055,-109.5157135
2020-02-04 06:00:00,0.0723954705385173,9ea23099-dd30-4b26-9de7-5d42d5dae87b,46.79055,-109.5157135
2020-02-05 06:00:00,0.15383275848803618,9ea23099-dd30-4b26-9de7-5d42d5dae87b,46.79055,-109.5157135
2020-02-06 06:00:00,0.08239546845235474,9ea23099-dd30-4b26-9de7-5d42d5dae87b,46.79055,-109.5157135
2020-02-07 06:00:00,0.0723954705385173,9ea23099-dd30-4b26-9de7-5d42d5dae87b,46.79055,-109.5157135
2020-02-08 06:00:00,0.05335365911744509,9ea23099-dd30-4b26-9de7-5d42d5dae87b,46.79055,-109.5157135
2020-02-09 06:00:00,0.06239546907786603,9ea23099-dd30-4b26-9de7-5d42d5dae87b,46.79055,-109.5157135
2020-02-10 06:00:00,0.02191637581675102,9ea23099-dd30-4b26-9de7-5d42d5dae87b,46.79055,-109.5157135
2020-02-11 06:00:00,0.1128745639781088,9ea23099-dd30-4b26-9de7-5d42d5dae87b,46.79055,-109.5157135
2020-02-12 06:00:00,0.05143728285365923,9ea23099-dd30-4b26-9de7-5d42d5dae87b,46.79055,-109.5157135
2020-02-13 06:00:00,0.18287457101280677,9ea23099-dd30-4b26-9de7-5d42d5dae87b,46.79055,-109.5157135
2020-02-14 06:00:00,0.15287456982071387,9ea23099-dd30-4b26-9de7-5d42d5dae87b,46.79055,-109.5157135
2020-02-15 06:00:00,0.17287456636229453,9ea23099-dd30-4b26-9de7-5d42d5dae87b,46.79055,-109.5157135
2020-02-16 06:00:00,0.17239547202863342,9ea23099-dd30-4b26-9de7-5d42d5dae87b,46.79055,-109.5157135
2020-02-17 06:00:00,0.0819163744756465,9ea23099-dd30-4b26-9de7-5d42d5dae87b,46.79055,-109.5157135
2020-02-18 06:00:00,0.030479093395394206,9ea23099-dd30-4b26-9de7-5d42d5dae87b,46.79055,-109.5157135
2020-02-19 06:00:00,0.131437277518706,9ea23099-dd30-4b26-9de7-5d42d5dae87b,46.79055,-109.5157135
2020-02-20 06:00:00,0.28383275443357037,9ea23099-dd30-4b26-9de7-5d42d5dae87b,46.79055,-109.5157135
2020-02-21 06:00:00,0.3833536534255389,9ea23099-dd30-4b26-9de7-5d42d5dae87b,46.79055,-109.5157135
2020-02-22 06:00:00,0.353353652233446,9ea23099-dd30-4b26-9de7-5d42d5dae87b,46.79055,-109.5157135
2020-02-23 06:00:00,0.22335365700181767,9ea23099-dd30-4b26-9de7-5d42d5dae87b,46.79055,-109.5157135
2020-02-24 06:00:00,0.0523954711640286,9ea23099-dd30-4b26-9de7-5d42d5dae87b,46.79055,-109.5157135
2020-02-25 06:00:00,0.14191637721678518,9ea23099-dd30-4b26-9de7-5d42d5dae87b,46.79055,-109.5157135
2020-02-26 06:00:00,0.16335365533153767,9ea23099-dd30-4b26-9de7-5d42d5dae87b,46.79055,-109.5157135
2020-02-27 06:00:00,0.21383274597106072,9ea23099-dd30-4b26-9de7-5d42d5dae87b,46.79055,-109.5157135
2020-02-28 06:00:00,0.41479093690470936,9ea23099-dd30-4b26-9de7-5d42d5dae87b,46.79055,-109.5157135
2020-02-29 06:00:00,0.3738327565820374,9ea23099-dd30-4b26-9de7-5d42d5dae87b,46.79055,-109.5157135
2020-03-01 06:00:00,0.13335365413944478,9ea23099-dd30-4b26-9de7-5d42d5dae87b,46.79055,-109.5157135
2020-03-02 06:00:00,0.2433536535433983,9ea23099-dd30-4b26-9de7-5d42d5dae87b,46.79055,-109.5157135
2020-03-03 06:00:00,0.29383274489682726,9ea23099-dd30-4b26-9de7-5d42d5dae87b,46.79055,-109.5157135
2020-03-04 06:00:00,0.2833536593860034,9ea23099-dd30-4b26-9de7-5d42d5dae87b,46.79055,-109.5157135
2020-03-05 06:00:00,0.3443118504375115,9ea23099-dd30-4b26-9de7-5d42d5dae87b,46.79055,-109.5157135
2020-03-06 06:00:00,0.7243118740436506,9ea23099-dd30-4b26-9de7-5d42d5dae87b,46.79055,-109.5157135
2020-03-07 06:00:00,0.4919163840157645,9ea23099-dd30-4b26-9de7-5d42d5dae87b,46.79055,-109.5157135
2020-03-08 06:00:00,0.11239546964444763,9ea23099-dd30-4b26-9de7-5d42d5dae87b,46.79055,-109.5157135
2020-03-09 06:00:00,0.10335366004097961,9ea23099-dd30-4b26-9de7-5d42d5dae87b,46.79055,-109.5157135
2020-03-10 06:00:00,0.25335365819391054,9ea23099-dd30-4b26-9de7-5d42d5dae87b,46.79055,-109.5157135
2020-03-11 06:00:00,0.22335365700181767,9ea23099-dd30-4b26-9de7-5d42d5dae87b,46.79055,-109.5157135
2020-03-12 06:00:00,0.09239547381677277,9ea23099-dd30-4b26-9de7-5d42d5dae87b,46.79055,-109.5157135
2020-03-13 06:00:00,0.04143728139300794,9ea23099-dd30-4b26-9de7-5d42d5dae87b,46.79055,-109.5157135
2020-03-14 06:00:00,0.0,9ea23099-dd30-4b26-9de7-5d42d5dae87b,46.79055,-109.5157135
2020-03-15 06:00:00,0.0,9ea23099-dd30-4b26-9de7-5d42d5dae87b,46.79055,-109.5157135
2020-03-16 06:00:00,0.20808361753665608,9ea23099-dd30-4b26-9de7-5d42d5dae87b,46.79055,-109.5157135
2020-03-17 06:00:00,0.3395209099565233,9ea23099-dd30-4b26-9de7-5d42d5dae87b,46.79055,-109.5157135
2020-03-18 06:00:00,0.14904181729314217,9ea23099-dd30-4b26-9de7-5d42d5dae87b,46.79055,-109.5157135
2020-03-19 06:00:00,0.08095818652223002,9ea23099-dd30-4b26-9de7-5d42d5dae87b,46.79055,-109.5157135
2020-03-20 06:00:00,0.24952090566633883,9ea23099-dd30-4b26-9de7-5d42d5dae87b,46.79055,-109.5157135
2020-03-21 06:00:00,0.28191637709892575,9ea23099-dd30-4b26-9de7-5d42d5dae87b,46.79055,-109.5157135
2020-03-22 06:00:00,0.22143728109498473,9ea23099-dd30-4b26-9de7-5d42d5dae87b,46.79055,-109.5157135
2020-03-23 06:00:00,0.35431184090076834,9ea23099-dd30-4b26-9de7-5d42d5dae87b,46.79055,-109.5157135
2020-03-24 06:00:00,0.15479094644145264,9ea23099-dd30-4b26-9de7-5d42d5dae87b,46.79055,-109.5157135
2020-03-25 06:00:00,0.1328745598057836,9ea23099-dd30-4b26-9de7-5d42d5dae87b,46.79055,-109.5157135
2020-03-26 06:00:00,0.21335365235130543,9ea23099-dd30-4b26-9de7-5d42d5dae87b,46.79055,-109.5157135
2020-03-27 06:00:00,0.17383275431571102,9ea23099-dd30-4b26-9de7-5d42d5dae87b,46.79055,-109.5157135
2020-03-28 06:00:00,0.2733536689227466,9ea23099-dd30-4b26-9de7-5d42d5dae87b,46.79055,-109.5157135
2020-03-29 06:00:00,0.3443118504375115,9ea23099-dd30-4b26-9de7-5d42d5dae87b,46.79055,-109.5157135
2020-03-30 06:00:00,0.4152700305244647,9ea23099-dd30-4b26-9de7-5d42d5dae87b,46.79055,-109.5157135
2020-03-31 06:00:00,0.23383275669989684,9ea23099-dd30-4b26-9de7-5d42d5dae87b,46.79055,-109.5157135
2020-04-01 06:00:00,0.0,9ea23099-dd30-4b26-9de7-5d42d5dae87b,46.79055,-109.5157135
2020-04-02 06:00:00,0.09095819152969516,9ea23099-dd30-4b26-9de7-5d42d5dae87b,46.79055,-109.5157135
2020-04-03 06:00:00,0.17239547202863342,9ea23099-dd30-4b26-9de7-5d42d5dae87b,46.79055,-109.5157135
2020-04-04 06:00:00,0.21239546368398313,9ea23099-dd30-4b26-9de7-5d42d5dae87b,46.79055,-109.5157135
2020-04-05 06:00:00,0.46287457149099387,9ea23099-dd30-4b26-9de7-5d42d5dae87b,46.79055,-109.5157135
2020-04-06 06:00:00,0.46335366511074916,9ea23099-dd30-4b26-9de7-5d42d5dae87b,46.79055,-109.5157135
2020-04-07 06:00:00,0.31479094286517395,9ea23099-dd30-4b26-9de7-5d42d5dae87b,46.79055,-109.5157135
2020-04-08 06:00:00,0.30191638782776187,9ea23099-dd30-4b26-9de7-5d42d5dae87b,46.79055,-109.5157135
2020-04-09 06:00:00,0.37479094524935963,9ea23099-dd30-4b26-9de7-5d42d5dae87b,46.79055,-109.5157135
2020-04-10 06:00:00,0.4943118549701644,9ea23099-dd30-4b26-9de7-5d42d5dae87b,46.79055,-109.5157135
2020-04-11 06:00:00,0.0,9ea23099-dd30-4b26-9de7-5d42d5dae87b,46.79055,-109.5157135
2020-04-12 06:00:00,0.04191637536971618,9ea23099-dd30-4b26-9de7-5d42d5dae87b,46.79055,-109.5157135
2020-04-13 06:00:00,0.04191637536971618,9ea23099-dd30-4b26-9de7-5d42d5dae87b,46.79055,-109.5157135
2020-04-14 06:00:00,0.1128745639781088,9ea23099-dd30-4b26-9de7-5d42d5dae87b,46.79055,-109.5157135
2020-04-15 06:00:00,0.031916375682471826,9ea23099-dd30-4b26-9de7-5d42d5dae87b,46.79055,-109.5157135
2020-04-16 06:00:00,0.14191637721678518,9ea23099-dd30-4b26-9de7-5d42d5dae87b,46.79055,-109.5157135
2020-04-17 06:00:00,0.44383274942948003,9ea23099-dd30-4b26-9de7-5d42d5dae87b,46.79055,-109.5157135
2020-04-18 06:00:00,0.15287456982071387,9ea23099-dd30-4b26-9de7-5d42d5dae87b,46.79055,-109.5157135
2020-04-19 06:00:00,0.33479095359401,9ea23099-dd30-4b26-9de7-5d42d5dae87b,46.79055,-109.5157135
2020-04-20 06:00:00,0.44574912676412465,9ea23099-dd30-4b26-9de7-5d42d5dae87b,46.79055,-109.5157135
2020-04-21 06:00:00,0.5676655088671407,9ea23099-dd30-4b26-9de7-5d42d5dae87b,46.79055,-109.5157135
2020-04-22 06:00:00,0.5267073001699579,9ea23099-dd30-4b26-9de7-5d42d5dae87b,46.79055,-109.5157135
2020-04-23 06:00:00,0.22527003433646225,9ea23099-dd30-4b26-9de7-5d42d5dae87b,46.79055,-109.5157135
2020-04-24 06:00:00,0.3362282358810876,9ea23099-dd30-4b26-9de7-5d42d5dae87b,46.79055,-109.5157135
2020-04-25 06:00:00,0.49670732592456435,9ea23099-dd30-4b26-9de7-5d42d5dae87b,46.79055,-109.5157135
2020-04-26 06:00:00,0.6276655083957032,9ea23099-dd30-4b26-9de7-5d42d5dae87b,46.79055,-109.5157135
2020-04-27 06:00:00,0.5776654993303976,9ea23099-dd30-4b26-9de7-5d42d5dae87b,46.79055,-109.5157135
2020-04-28 06:00:00,0.6162282370731805,9ea23099-dd30-4b26-9de7-5d42d5dae87b,46.79055,-109.5157135
2020-04-29 06:00:00,0.949102784958035,9ea23099-dd30-4b26-9de7-5d42d5dae87b,46.79055,-109.5157135
2020-04-30 06:00:00,0.5595818928829052,9ea23099-dd30-4b26-9de7-5d42d5dae87b,46.79055,-109.5157135
2020-05-01 06:00:00,0.32431183970867544,9ea23099-dd30-4b26-9de7-5d42d5dae87b,46.79055,-109.5157135
2020-05-02 06:00:00,0.6867073235403783,9ea23099-dd30-4b26-9de7-5d42d5dae87b,46.79055,-109.5157135
2020-05-03 06:00:00,0.4867073070867966,9ea23099-dd30-4b26-9de7-5d42d5dae87b,46.79055,-109.5157135
2020-05-04 06:00:00,0.49479094858991973,9ea23099-dd30-4b26-9de7-5d42d5dae87b,46.79055,-109.5157135
2020-05-05 06:00:00,0.4552700236076261,9ea23099-dd30-4b26-9de7-5d42d5dae87b,46.79055,-109.5157135
2020-05-06 06:00:00,0.3976654921778403,9ea23099-dd30-4b26-9de7-5d42d5dae87b,46.79055,-109.5157135
2020-05-07 06:00:00,0.21335365235130543,9ea23099-dd30-4b26-9de7-5d42d5dae87b,46.79055,-109.5157135
2020-05-08 06:00:00,0.3833536534255389,9ea23099-dd30-4b26-9de7-5d42d5dae87b,46.79055,-109.5157135
2020-05-09 06:00:00,0.3633536724990253,9ea23099-dd30-4b26-9de7-5d42d5dae87b,46.79055,-109.5157135
2020-05-10 06:00:00,0.22335365700181767,9ea23099-dd30-4b26-9de7-5d42d5dae87b,46.79055,-109.5157135
2020-05-11 06:00:00,0.22335365700181767,9ea23099-dd30-4b26-9de7-5d42d5dae87b,46.79055,-109.5157135
2020-05-12 06:00:00,0.353832747281013,9ea23099-dd30-4b26-9de7-5d42d5dae87b,46.79055,-109.5157135
2020-05-13 06:00:00,0.36527004840585825,9ea23099-dd30-4b26-9de7-5d42d5dae87b,46.79055,-109.5157135
2020-05-14 06:00:00,0.5300609583638686,9ea23099-dd30-4b26-9de7-5d42d5dae87b,46.79055,-109.5157135
2020-05-15 06:00:00,0.3662282370731805,9ea23099-dd30-4b26-9de7-5d42d5dae87b,46.79055,-109.5157135
2020-05-16 06:00:00,0.44958187857779053,9ea23099-dd30-4b26-9de7-5d42d5dae87b,46.79055,-109.5157135
2020-05-17 06:00:00,0.6581445762608523,9ea23099-dd30-4b26-9de7-5d42d5dae87b,46.79055,-109.5157135
2020-05-18 06:00:00,0.6652700588989755,9ea23099-dd30-4b26-9de7-5d42d5dae87b,46.79055,-109.5157135
2020-05-19 06:00:00,0.38862368895409405,9ea23099-dd30-4b26-9de7-5d42d5dae87b,46.79055,-109.5157135
2020-05-20 06:00:00,0.004790940837941102,9ea23099-dd30-4b26-9de7-5d42d5dae87b,46.79055,-109.5157135
2020-05-21 06:00:00,0.35670731185516824,9ea23099-dd30-4b26-9de7-5d42d5dae87b,46.79055,-109.5157135
2020-05-22 06:00:00,0.5067073163878211,9ea23099-dd30-4b26-9de7-5d42d5dae87b,46.79055,-109.5157135
2020-05-23 06:00:00,0.1857491363008678,9ea23099-dd30-4b26-9de7-5d42d5dae87b,46.79055,-109.5157135
2020-05-24 06:00:00,0.34766550863142204,9ea23099-dd30-4b26-9de7-5d42d5dae87b,46.79055,-109.5157135
2020-05-25 06:00:00,0.5486237151801377,9ea23099-dd30-4b26-9de7-5d42d5dae87b,46.79055,-109.5157135
2020-05-26 06:00:00,0.5767073092352637,9ea23099-dd30-4b26-9de7-5d42d5dae87b,46.79055,-109.5157135
2020-05-27 06:00:00,0.47862369110256103,9ea23099-dd30-4b26-9de7-5d42d5dae87b,46.79055,-109.5157135
2020-05-28 06:00:00,0.5562282346889946,9ea23099-dd30-4b26-9de7-5d42d5dae87b,46.79055,-109.5157135
2020-05-29 06:00:00,0.694790939524614,9ea23099-dd30-4b26-9de7-5d42d5dae87b,46.79055,-109.5157135
2020-05-30 06:00:00,0.6276655083957032,9ea23099-dd30-4b26-9de7-5d42d5dae87b,46.79055,-109.5157135
2020-05-31 06:00:00,1.0000609869740977,9ea23099-dd30-4b26-9de7-5d42d5dae87b,46.79055,-109.5157135
2020-06-01 06:00:00,0.778144581029224,9ea23099-dd30-4b26-9de7-5d42d5dae87b,46.79055,-109.5157135
2020-06-02 06:00:00,0.7191027658845487,9ea23099-dd30-4b26-9de7-5d42d5dae87b,46.79055,-109.5157135
2020-06-03 06:00:00,0.8262282156155082,9ea23099-dd30-4b26-9de7-5d42d5dae87b,46.79055,-109.5157135
2020-06-04 06:00:00,0.6881446072552676,9ea23099-dd30-4b26-9de7-5d42d5dae87b,46.79055,-109.5157135
2020-06-05 06:00:00,0.937186420015757,9ea23099-dd30-4b26-9de7-5d42d5dae87b,46.79055,-109.5157135
2020-06-06 06:00:00,0.414311843284954,9ea23099-dd30-4b26-9de7-5d42d5dae87b,46.79055,-109.5157135
2020-06-07 06:00:00,0.4952700450652983,9ea23099-dd30-4b26-9de7-5d42d5dae87b,46.79055,-109.5157135
2020-06-08 06:00:00,0.25431184686123287,9ea23099-dd30-4b26-9de7-5d42d5dae87b,46.79055,-109.5157135
2020-06-09 06:00:00,0.4262282110828555,9ea23099-dd30-4b26-9de7-5d42d5dae87b,46.79055,-109.5157135
2020-06-10 06:00:00,0.5171864033264566,9ea23099-dd30-4b26-9de7-5d42d5dae87b,46.79055,-109.5157135
2020-06-11 06:00:00,0.9624564364708257,9ea23099-dd30-4b26-9de7-5d42d5dae87b,46.79055,-109.5157135
2020-06-12 06:00:00,1.3424564884514754,9ea23099-dd30-4b26-9de7-5d42d5dae87b,46.79055,-109.5157135
2020-06-13 06:00:00,1.6795818409022547,9ea23099-dd30-4b26-9de7-5d42d5dae87b,46.79055,-109.5157135
2020-06-14 06:00:00,0.5443118668910932,9ea23099-dd30-4b26-9de7-5d42d5dae87b,46.79055,-109.5157135
2020-06-15 06:00:00,0.7881445714924808,9ea23099-dd30-4b26-9de7-5d42d5dae87b,46.79055,-109.5157135
2020-06-16 06:00:00,0.17335365998204988,9ea23099-dd30-4b26-9de7-5d42d5dae87b,46.79055,-109.5157135
2020-06-17 06:00:00,0.08527003302650998,9ea23099-dd30-4b26-9de7-5d42d5dae87b,46.79055,-109.5157135
2020-06-18 06:00:00,0.18527004125330088,9ea23099-dd30-4b26-9de7-5d42d5dae87b,46.79055,-109.5157135
2020-06-19 06:00:00,0.41574912414422005,9ea23099-dd30-4b26-9de7-5d42d5dae87b,46.79055,-109.5157135
2020-06-20 06:00:00,0.6295818857303479,9ea23099-dd30-4b26-9de7-5d42d5dae87b,46.79055,-109.5157135
2020-06-21 06:00:00,0.6457491148431955,9ea23099-dd30-4b26-9de7-5d42d5dae87b,46.79055,-109.5157135
2020-06-22 06:00:00,0.7086236818015367,9ea23099-dd30-4b26-9de7-5d42d5dae87b,46.79055,-109.5157135
2020-06-23 06:00:00,1.0091027901978442,9ea23099-dd30-4b26-9de7-5d42d5dae87b,46.79055,-109.5157135
2020-06-24 06:00:00,1.0786237433189299,9ea23099-dd30-4b26-9de7-5d42d5dae87b,46.79055,-109.5157135
2020-06-25 06:00:00,0.5786236865699083,9ea23099-dd30-4b26-9de7-5d42d5dae87b,46.79055,-109.5157135
2020-06-26 06:00:00,1.111498282138479,9ea23099-dd30-4b26-9de7-5d42d5dae87b,46.79055,-109.5157135
2020-06-27 06:00:00,0.9876655227008181,9ea23099-dd30-4b26-9de7-5d42d5dae87b,46.79055,-109.5157135
2020-06-28 06:00:00,0.24527002945023124,9ea23099-dd30-4b26-9de7-5d42d5dae87b,46.79055,-109.5157135
2020-06-29 06:00:00,0.11383275193152527,9ea23099-dd30-4b26-9de7-5d42d5dae87b,46.79055,-109.5157135
2020-06-30 06:00:00,0.496228232304809,9ea23099-dd30-4b26-9de7-5d42d5dae87b,46.79055,-109.5157135
2020-07-01 06:00:00,0.6267073211561925,9ea23099-dd30-4b26-9de7-5d42d5dae87b,46.79055,-109.5157135
2020-07-02 06:00:00,0.8495818547359325,9ea23099-dd30-4b26-9de7-5d42d5dae87b,46.79055,-109.5157135
2020-07-03 06:00:00,1.0371863813973468,9ea23099-dd30-4b26-9de7-5d42d5dae87b,46.79055,-109.5157135
2020-07-04 06:00:00,1.0976655370059327,9ea23099-dd30-4b26-9de7-5d42d5dae87b,46.79055,-109.5157135
2020-07-05 06:00:00,0.8057491410692394,9ea23099-dd30-4b26-9de7-5d42d5dae87b,46.79055,-109.5157135
2020-07-06 06:00:00,0.7367073354613073,9ea23099-dd30-4b26-9de7-5d42d5dae87b,46.79055,-109.5157135
2020-07-07 06:00:00,0.9081445791164755,9ea23099-dd30-4b26-9de7-5d42d5dae87b,46.79055,-109.5157135
2020-07-08 06:00:00,0.6352700307601834,9ea23099-dd30-4b26-9de7-5d42d5dae87b,46.79055,-109.5157135
2020-07-09 06:00:00,0.80910279926315,9ea23099-dd30-4b26-9de7-5d42d5dae87b,46.79055,-109.5157135
2020-07-10 06:00:00,0.5557491410692394,9ea23099-dd30-4b26-9de7-5d42d5dae87b,46.79055,-109.5157135
2020-07-11 06:00:00,1.0110191646768656,9ea23099-dd30-4b26-9de7-5d42d5dae87b,46.79055,-109.5157135
2020-07-12 06:00:00,1.1947909934180119,9ea23099-dd30-4b26-9de7-5d42d5dae87b,46.79055,-109.5157135
2020-07-13 06:00:00,0.6962282203838801,9ea23099-dd30-4b26-9de7-5d42d5dae87b,46.79055,-109.5157135
2020-07-14 06:00:00,0.7771863937897133,9ea23099-dd30-4b26-9de7-5d42d5dae87b,46.79055,-109.5157135
2020-07-15 06:00:00,0.9286237104117663,9ea23099-dd30-4b26-9de7-5d42d5dae87b,46.79055,-109.5157135
2020-07-16 06:00:00,1.2729355296191434,9ea23099-dd30-4b26-9de7-5d42d5dae87b,46.79055,-109.5157135
2020-07-17 06:00:00,1.217665541774304,9ea23099-dd30-4b26-9de7-5d42d5dae87b,46.79055,-109.5157135
2020-07-18 06:00:00,0.7371864290810627,9ea23099-dd30-4b26-9de7-5d42d5dae87b,46.79055,-109.5157135
2020-07-19 06:00:00,1.0071864100075765,9ea23099-dd30-4b26-9de7-5d42d5dae87b,46.79055,-109.5157135
2020-07-20 06:00:00,0.6171864243126912,9ea23099-dd30-4b26-9de7-5d42d5dae87b,46.79055,-109.5157135
2020-07-21 06:00:00,1.0624563978524155,9ea23099-dd30-4b26-9de7-5d42d5dae87b,46.79055,-109.5157135
2020-07-22 06:00:00,1.6358101113540366,9ea23099-dd30-4b26-9de7-5d42d5dae87b,46.79055,-109.5157135
2020-07-23 06:00:00,1.0276654845538455,9ea23099-dd30-4b26-9de7-5d42d5dae87b,46.79055,-109.5157135
2020-07-24 06:00:00,1.0491027520508716,9ea23099-dd30-4b26-9de7-5d42d5dae87b,46.79055,-109.5157135
2020-07-25 06:00:00,1.0871864529229205,9ea23099-dd30-4b26-9de7-5d42d5dae87b,46.79055,-109.5157135
2020-07-26 06:00:00,1.2091028321703134,9ea23099-dd30-4b26-9de7-5d42d5dae87b,46.79055,-109.5157135
2020-07-27 06:00:00,1.3800609822057261,9ea23099-dd30-4b26-9de7-5d42d5dae87b,46.79055,-109.5157135
2020-07-28 06:00:00,1.5014982678333642,9ea23099-dd30-4b26-9de7-5d42d5dae87b,46.79055,-109.5157135
2020-07-29 06:00:00,1.3995818695124846,9ea23099-dd30-4b26-9de7-5d42d5dae87b,46.79055,-109.5157135
2020-07-30 06:00:00,1.6024564789147324,9ea23099-dd30-4b26-9de7-5d42d5dae87b,46.79055,-109.5157135
2020-07-31 06:00:00,1.3095818361338836,9ea23099-dd30-4b26-9de7-5d42d5dae87b,46.79055,-109.5157135
2020-08-01 06:00:00,1.5343118196788146,9ea23099-dd30-4b26-9de7-5d42d5dae87b,46.79055,-109.5157135
2020-08-02 06:00:00,1.5395818552073697,9ea23099-dd30-4b26-9de7-5d42d5dae87b,46.79055,-109.5157135
2020-08-03 06:00:00,1.1895818313655122,9ea23099-dd30-4b26-9de7-5d42d5dae87b,46.79055,-109.5157135
2020-08-04 06:00:00,1.0091027901978442,9ea23099-dd30-4b26-9de7-5d42d5dae87b,46.79055,-109.5157135
2020-08-05 06:00:00,1.191977299464289,9ea23099-dd30-4b26-9de7-5d42d5dae87b,46.79055,-109.5157135
2020-08-06 06:00:00,1.4605401130295796,9ea23099-dd30-4b26-9de7-5d42d5dae87b,46.79055,-109.5157135
2020-08-07 06:00:00,0.7767073001699579,9ea23099-dd30-4b26-9de7-5d42d5dae87b,46.79055,-109.5157135
2020-08-08 06:00:00,1.050060939290382,9ea23099-dd30-4b26-9de7-5d42d5dae87b,46.79055,-109.5157135
2020-08-09 06:00:00,0.6457491148431955,9ea23099-dd30-4b26-9de7-5d42d5dae87b,46.79055,-109.5157135
2020-08-10 06:00:00,1.148144582941972,9ea23099-dd30-4b26-9de7-5d42d5dae87b,46.79055,-109.5157135
2020-08-11 06:00:00,1.3338937788474847,9ea23099-dd30-4b26-9de7-5d42d5dae87b,46.79055,-109.5157135
2020-08-12 06:00:00,1.4291027472824998,9ea23099-dd30-4b26-9de7-5d42d5dae87b,46.79055,-109.5157135
2020-08-13 06:00:00,0.7071864009422707,9ea23099-dd30-4b26-9de7-5d42d5dae87b,46.79055,-109.5157135
2020-08-14 06:00:00,0.8491027611161772,9ea23099-dd30-4b26-9de7-5d42d5dae87b,46.79055,-109.5157135
2020-08-15 06:00:00,1.170060944058754,9ea23099-dd30-4b26-9de7-5d42d5dae87b,46.79055,-109.5157135
2020-08-16 06:00:00,1.6634146089337845,9ea23099-dd30-4b26-9de7-5d42d5dae87b,46.79055,-109.5157135
2020-08-17 06:00:00,1.9134146146450306,9ea23099-dd30-4b26-9de7-5d42d5dae87b,46.79055,-109.5157135
2020-08-18 06:00:00,1.5824564979882185,9ea23099-dd30-4b26-9de7-5d42d5dae87b,46.79055,-109.5157135
2020-08-19 06:00:00,1.3734146470807567,9ea23099-dd30-4b26-9de7-5d42d5dae87b,46.79055,-109.5157135
2020-08-20 06:00:00,1.3005400329101375,9ea23099-dd30-4b26-9de7-5d42d5dae87b,46.79055,-109.5157135
2020-08-21 06:00:00,1.2191028226335703,9ea23099-dd30-4b26-9de7-5d42d5dae87b,46.79055,-109.5157135
2020-08-22 06:00:00,1.3500610051047093,9ea23099-dd30-4b26-9de7-5d42d5dae87b,46.79055,-109.5157135
2020-08-23 06:00:00,1.51054007105711,9ea23099-dd30-4b26-9de7-5d42d5dae87b,46.79055,-109.5157135
2020-08-24 06:00:00,1.8610191828074767,9ea23099-dd30-4b26-9de7-5d42d5dae87b,46.79055,-109.5157135
2020-08-25 06:00:00,1.230061000336338,9ea23099-dd30-4b26-9de7-5d42d5dae87b,46.79055,-109.5157135
2020-08-26 06:00:00,1.050060939290382,9ea23099-dd30-4b26-9de7-5d42d5dae87b,46.79055,-109.5157135
2020-08-27 06:00:00,0.7400609936552178,9ea23099-dd30-4b26-9de7-5d42d5dae87b,46.79055,-109.5157135
2020-08-28 06:00:00,0.9395818881145336,9ea23099-dd30-4b26-9de7-5d42d5dae87b,46.79055,-109.5157135
2020-08-29 06:00:00,1.580540117797951,9ea23099-dd30-4b26-9de7-5d42d5dae87b,46.79055,-109.5157135
2020-08-30 06:00:00,0.4057491336809633,9ea23099-dd30-4b26-9de7-5d42d5dae87b,46.79055,-109.5157135
2020-08-31 06:00:00,0.6552700116866972,9ea23099-dd30-4b26-9de7-5d42d5dae87b,46.79055,-109.5157135
2020-09-01 06:00:00,0.8229355443956959,9ea23099-dd30-4b26-9de7-5d42d5dae87b,46.79055,-109.5157135
2020-09-02 06:00:00,1.0486236584311157,9ea23099-dd30-4b26-9de7-5d42d5dae87b,46.79055,-109.5157135
2020-09-03 06:00:00,0.8776655083957032,9ea23099-dd30-4b26-9de7-5d42d5dae87b,46.79055,-109.5157135
2020-09-04 06:00:00,1.3800609822057261,9ea23099-dd30-4b26-9de7-5d42d5dae87b,46.79055,-109.5157135
2020-09-05 06:00:00,2.0795818170603972,9ea23099-dd30-4b26-9de7-5d42d5dae87b,46.79055,-109.5157135
2020-09-06 06:00:00,1.0043118482890445,9ea23099-dd30-4b26-9de7-5d42d5dae87b,46.79055,-109.5157135
2020-09-07 06:00:00,0.0009581881318929302,9ea23099-dd30-4b26-9de7-5d42d5dae87b,46.79055,-109.5157135
2020-09-08 06:00:00,0.25335365819391054,9ea23099-dd30-4b26-9de7-5d42d5dae87b,46.79055,-109.5157135
2020-09-09 06:00:00,0.6367073116194496,9ea23099-dd30-4b26-9de7-5d42d5dae87b,46.79055,-109.5157135
2020-09-10 06:00:00,0.9581445881817814,9ea23099-dd30-4b26-9de7-5d42d5dae87b,46.79055,-109.5157135
2020-09-11 06:00:00,1.0286236775046025,9ea23099-dd30-4b26-9de7-5d42d5dae87b,46.79055,-109.5157135
2020-09-12 06:00:00,1.250060986974098,9ea23099-dd30-4b26-9de7-5d42d5dae87b,46.79055,-109.5157135
2020-09-13 06:00:00,1.0023954680987766,9ea23099-dd30-4b26-9de7-5d42d5dae87b,46.79055,-109.5157135
2020-09-14 06:00:00,1.6000610051047095,9ea23099-dd30-4b26-9de7-5d42d5dae87b,46.79055,-109.5157135
2020-09-15 06:00:00,1.3586237147087001,9ea23099-dd30-4b26-9de7-5d42d5dae87b,46.79055,-109.5157135
2020-09-16 06:00:00,1.0023954680987766,9ea23099-dd30-4b26-9de7-5d42d5dae87b,46.79055,-109.5157135
2020-09-17 06:00:00,1.0752700822693961,9ea23099-dd30-4b26-9de7-5d42d5dae87b,46.79055,-109.5157135
2020-09-18 06:00:00,1.4971864195443196,9ea23099-dd30-4b26-9de7-5d42d5dae87b,46.79055,-109.5157135
2020-09-19 06:00:00,0.8667073306929358,9ea23099-dd30-4b26-9de7-5d42d5dae87b,46.79055,-109.5157135
2020-09-20 06:00:00,0.46574913606514906,9ea23099-dd30-4b26-9de7-5d42d5dae87b,46.79055,-109.5157135
2020-09-21 06:00:00,0.8791027892549692,9ea23099-dd30-4b26-9de7-5d42d5dae87b,46.79055,-109.5157135
2020-09-22 06:00:00,1.3171863584983636,9ea23099-dd30-4b26-9de7-5d42d5dae87b,46.79055,-109.5157135
2020-09-23 06:00:00,0.9862282418415521,9ea23099-dd30-4b26-9de7-5d42d5dae87b,46.79055,-109.5157135
2020-09-24 06:00:00,0.9771864386178057,9ea23099-dd30-4b26-9de7-5d42d5dae87b,46.79055,-109.5157135
2020-09-25 06:00:00,0.4581445881817814,9ea23099-dd30-4b26-9de7-5d42d5dae87b,46.79055,-109.5157135
2020-09-26 06:00:00,0.4857491198472859,9ea23099-dd30-4b26-9de7-5d42d5dae87b,46.79055,-109.5157135
2020-09-27 06:00:00,0.45479092998787074,9ea23099-dd30-4b26-9de7-5d42d5dae87b,46.79055,-109.5157135
2020-09-28 06:00:00,0.7186236722647934,9ea23099-dd30-4b26-9de7-5d42d5dae87b,46.79055,-109.5157135
2020-09-29 06:00:00,0.9781446258573164,9ea23099-dd30-4b26-9de7-5d42d5dae87b,46.79055,-109.5157135
2020-09-30 06:00:00,0.37479094524935963,9ea23099-dd30-4b26-9de7-5d42d5dae87b,46.79055,-109.5157135
2020-10-01 06:00:00,0.7476655131640748,9ea23099-dd30-4b26-9de7-5d42d5dae87b,46.79055,-109.5157135
2020-10-02 06:00:00,0.4981446096394535,9ea23099-dd30-4b26-9de7-5d42d5dae87b,46.79055,-109.5157135
2020-10-03 06:00:00,0.598623667496422,9ea23099-dd30-4b26-9de7-5d42d5dae87b,46.79055,-109.5157135
2020-10-04 06:00:00,0.9929355582293732,9ea23099-dd30-4b26-9de7-5d42d5dae87b,46.79055,-109.5157135
2020-10-05 06:00:00,0.8705400853622248,9ea23099-dd30-4b26-9de7-5d42d5dae87b,46.79055,-109.5157135
2020-10-06 06:00:00,1.0219773423796332,9ea23099-dd30-4b26-9de7-5d42d5dae87b,46.79055,-109.5157135
2020-10-07 06:00:00,0.7881445714924808,9ea23099-dd30-4b26-9de7-5d42d5dae87b,46.79055,-109.5157135
2020-10-08 06:00:00,1.1395818790492278,9ea23099-dd30-4b26-9de7-5d42d5dae87b,46.79055,-109.5157135
2020-10-09 06:00:00,0.7800609583638685,9ea23099-dd30-4b26-9de7-5d42d5dae87b,46.79055,-109.5157135
2020-10-10 06:00:00,1.0924564884514758,9ea23099-dd30-4b26-9de7-5d42d5dae87b,46.79055,-109.5157135
2020-10-11 06:00:00,0.34527003767702213,9ea23099-dd30-4b26-9de7-5d42d5dae87b,46.79055,-109.5157135
2020-10-12 06:00:00,0.3957491148431957,9ea23099-dd30-4b26-9de7-5d42d5dae87b,46.79055,-109.5157135
2020-10-13 06:00:00,0.2271864102432952,9ea23099-dd30-4b26-9de7-5d42d5dae87b,46.79055,-109.5157135
2020-10-14 06:00:00,0.1747909429830333,9ea23099-dd30-4b26-9de7-5d42d5dae87b,46.79055,-109.5157135
2020-10-15 06:00:00,0.15431185210779153,9ea23099-dd30-4b26-9de7-5d42d5dae87b,46.79055,-109.5157135
2020-10-16 06:00:00,0.18527004125330088,9ea23099-dd30-4b26-9de7-5d42d5dae87b,46.79055,-109.5157135
2020-10-17 06:00:00,0.0,9ea23099-dd30-4b26-9de7-5d42d5dae87b,46.79055,-109.5157135
2020-10-18 06:00:00,0.012395470106214905,9ea23099-dd30-4b26-9de7-5d42d5dae87b,46.79055,-109.5157135
2020-10-19 06:00:00,0.06479093931836012,9ea23099-dd30-4b26-9de7-5d42d5dae87b,46.79055,-109.5157135
2020-10-20 06:00:00,0.06287456305457427,9ea23099-dd30-4b26-9de7-5d42d5dae87b,46.79055,-109.5157135
2020-10-21 06:00:00,0.03431184592296593,9ea23099-dd30-4b26-9de7-5d42d5dae87b,46.79055,-109.5157135
2020-10-22 06:00:00,0.011437281974321974,9ea23099-dd30-4b26-9de7-5d42d5dae87b,46.79055,-109.5157135
2020-10-23 06:00:00,0.05287456514073685,9ea23099-dd30-4b26-9de7-5d42d5dae87b,46.79055,-109.5157135
2020-10-24 06:00:00,0.0009581881318929302,9ea23099-dd30-4b26-9de7-5d42d5dae87b,46.79055,-109.5157135
2020-10-25 06:00:00,0.08047909254552178,9ea23099-dd30-4b26-9de7-5d42d5dae87b,46.79055,-109.5157135
2020-10-26 06:00:00,0.15143728824754207,9ea23099-dd30-4b26-9de7-5d42d5dae87b,46.79055,-109.5157135
2020-10-27 06:00:00,0.1252700324893932,9ea23099-dd30-4b26-9de7-5d42d5dae87b,46.79055,-109.5157135
2020-10-28 06:00:00,0.2767073271166572,9ea23099-dd30-4b26-9de7-5d42d5dae87b,46.79055,-109.5157135
2020-10-29 06:00:00,0.37670732115619265,9ea23099-dd30-4b26-9de7-5d42d5dae87b,46.79055,-109.5157135
2020-10-30 06:00:00,0.5871863961738991,9ea23099-dd30-4b26-9de7-5d42d5dae87b,46.79055,-109.5157135
2020-10-31 06:00:00,0.2643118373244896,9ea23099-dd30-4b26-9de7-5d42d5dae87b,46.79055,-109.5157135
2020-11-01 06:00:00,0.5800609674291742,9ea23099-dd30-4b26-9de7-5d42d5dae87b,46.79055,-109.5157135
2020-11-02 06:00:00,0.8010191832789144,9ea23099-dd30-4b26-9de7-5d42d5dae87b,46.79055,-109.5157135
2020-11-03 06:00:00,0.7938937034964146,9ea23099-dd30-4b26-9de7-5d42d5dae87b,46.79055,-109.5157135
2020-11-04 06:00:00,0.6091028111840788,9ea23099-dd30-4b26-9de7-5d42d5dae87b,46.79055,-109.5157135
2020-11-05 06:00:00,0.6467073020827062,9ea23099-dd30-4b26-9de7-5d42d5dae87b,46.79055,-109.5157135
2020-11-06 06:00:00,0.30479095240191706,9ea23099-dd30-4b26-9de7-5d42d5dae87b,46.79055,-109.5157135
2020-11-07 06:00:00,0.33143729540009936,9ea23099-dd30-4b26-9de7-5d42d5dae87b,46.79055,-109.5157135
2020-11-08 06:00:00,0.0004790940659464651,9ea23099-dd30-4b26-9de7-5d42d5dae87b,46.79055,-109.5157135
2020-11-09 06:00:00,0.0819163744756465,9ea23099-dd30-4b26-9de7-5d42d5dae87b,46.79055,-109.5157135
2020-11-10 06:00:00,0.0433536576567938,9ea23099-dd30-4b26-9de7-5d42d5dae87b,46.79055,-109.5157135
2020-11-11 06:00:00,0.002395470418970551,9ea23099-dd30-4b26-9de7-5d42d5dae87b,46.79055,-109.5157135
2020-11-12 06:00:00,0.10431184799439608,9ea23099-dd30-4b26-9de7-5d42d5dae87b,46.79055,-109.5157135
2020-11-13 06:00:00,0.2347909453672191,9ea23099-dd30-4b26-9de7-5d42d5dae87b,46.79055,-109.5157135
2020-11-14 06:00:00,0.11335365831176993,9ea23099-dd30-4b26-9de7-5d42d5dae87b,46.79055,-109.5157135
2020-11-15 06:00:00,0.15622822872853026,9ea23099-dd30-4b26-9de7-5d42d5dae87b,46.79055,-109.5157135
2020-11-16 06:00:00,0.30766551697607236,9ea23099-dd30-4b26-9de7-5d42d5dae87b,46.79055,-109.5157135
2020-11-17 06:00:00,0.6857491363008676,9ea23099-dd30-4b26-9de7-5d42d5dae87b,46.79055,-109.5157135
2020-11-18 06:00:00,0.3743118516296043,9ea23099-dd30-4b26-9de7-5d42d5dae87b,46.79055,-109.5157135
2020-11-19 06:00:00,0.23431185031965218,9ea23099-dd30-4b26-9de7-5d42d5dae87b,46.79055,-109.5157135
2020-11-20 06:00:00,0.15431185210779153,9ea23099-dd30-4b26-9de7-5d42d5dae87b,46.79055,-109.5157135
2020-11-21 06:00:00,0.16335365533153767,9ea23099-dd30-4b26-9de7-5d42d5dae87b,46.79055,-109.5157135
2020-11-22 06:00:00,0.31574913153249623,9ea23099-dd30-4b26-9de7-5d42d5dae87b,46.79055,-109.5157135
2020-11-23 06:00:00,0.3423954731028669,9ea23099-dd30-4b26-9de7-5d42d5dae87b,46.79055,-109.5157135
2020-11-24 06:00:00,0.115749128552264,9ea23099-dd30-4b26-9de7-5d42d5dae87b,46.79055,-109.5157135
2020-11-25 06:00:00,0.15527004006120798,9ea23099-dd30-4b26-9de7-5d42d5dae87b,46.79055,-109.5157135
2020-11-26 06:00:00,0.12718640911013196,9ea23099-dd30-4b26-9de7-5d42d5dae87b,46.79055,-109.5157135
2020-11-27 06:00:00,0.3857491243799388,9ea23099-dd30-4b26-9de7-5d42d5dae87b,46.79055,-109.5157135
2020-11-28 06:00:00,0.3838327484731059,9ea23099-dd30-4b26-9de7-5d42d5dae87b,46.79055,-109.5157135
2020-11-29 06:00:00,0.23527003898697443,9ea23099-dd30-4b26-9de7-5d42d5dae87b,46.79055,-109.5157135
2020-11-30 06:00:00,0.3967073020827064,9ea23099-dd30-4b26-9de7-5d42d5dae87b,46.79055,-109.5157135
2020-12-01 06:00:00,0.011916376129506665,9ea23099-dd30-4b26-9de7-5d42d5dae87b,46.79055,-109.5157135
2020-12-02 06:00:00,0.262874555037412,9ea23099-dd30-4b26-9de7-5d42d5dae87b,46.79055,-109.5157135
2020-12-03 06:00:00,0.40335366415437507,9ea23099-dd30-4b26-9de7-5d42d5dae87b,46.79055,-109.5157135
2020-12-04 06:00:00,0.21622821692546063,9ea23099-dd30-4b26-9de7-5d42d5dae87b,46.79055,-109.5157135
2020-12-05 06:00:00,0.47479093928889515,9ea23099-dd30-4b26-9de7-5d42d5dae87b,46.79055,-109.5157135
2020-12-06 06:00:00,0.525749110074824,9ea23099-dd30-4b26-9de7-5d42d5dae87b,46.79055,-109.5157135
2020-12-07 06:00:00,0.41814459509862,9ea23099-dd30-4b26-9de7-5d42d5dae87b,46.79055,-109.5157135
2020-12-08 06:00:00,0.6286236984908372,9ea23099-dd30-4b26-9de7-5d42d5dae87b,46.79055,-109.5157135
2020-12-09 06:00:00,0.42479092736796625,9ea23099-dd30-4b26-9de7-5d42d5dae87b,46.79055,-109.5157135
2020-12-10 06:00:00,0.05431184742781447,9ea23099-dd30-4b26-9de7-5d42d5dae87b,46.79055,-109.5157135
2020-12-11 06:00:00,0.04287456368008556,9ea23099-dd30-4b26-9de7-5d42d5dae87b,46.79055,-109.5157135
2020-12-12 06:00:00,0.002395470418970551,9ea23099-dd30-4b26-9de7-5d42d5dae87b,46.79055,-109.5157135
2020-12-13 06:00:00,0.12191637358157682,9ea23099-dd30-4b26-9de7-5d42d5dae87b,46.79055,-109.5157135
2020-12-14 06:00:00,0.1328745598057836,9ea23099-dd30-4b26-9de7-5d42d5dae87b,46.79055,-109.5157135
2020-12-15 06:00:00,0.10383275437464073,9ea23099-dd30-4b26-9de7-5d42d5dae87b,46.79055,-109.5157135
2020-12-16 06:00:00,0.13527003004627772,9ea23099-dd30-4b26-9de7-5d42d5dae87b,46.79055,-109.5157135
2020-12-17 06:00:00,0.19479093809680234,9ea23099-dd30-4b26-9de7-5d42d5dae87b,46.79055,-109.5157135
2020-12-18 06:00:00,0.1747909429830333,9ea23099-dd30-4b26-9de7-5d42d5dae87b,46.79055,-109.5157135
2020-12-19 06:00:00,0.2567073163878211,9ea23099-dd30-4b26-9de7-5d42d5dae87b,46.79055,-109.5157135
2020-12-20 06:00:00,0.3362282358810876,9ea23099-dd30-4b26-9de7-5d42d5dae87b,46.79055,-109.5157135
2020-12-21 06:00:00,0.2571864114353881,9ea23099-dd30-4b26-9de7-5d42d5dae87b,46.79055,-109.5157135
2020-12-22 06:00:00,0.1833536653464679,9ea23099-dd30-4b26-9de7-5d42d5dae87b,46.79055,-109.5157135
2020-12-23 06:00:00,0.0938327561038504,9ea23099-dd30-4b26-9de7-5d42d5dae87b,46.79055,-109.5157135
2020-12-24 06:00:00,0.23718641489380743,9ea23099-dd30-4b26-9de7-5d42d5dae87b,46.79055,-109.5157135
2020-12-25 06:00:00,0.3162282251522516,9ea23099-dd30-4b26-9de7-5d42d5dae87b,46.79055,-109.5157135
2020-12-26 06:00:00,0.22479093928889526,9ea23099-dd30-4b26-9de7-5d42d5dae87b,46.79055,-109.5157135
2020-12-27 06:00:00,0.03287456399284121,9ea23099-dd30-4b26-9de7-5d42d5dae87b,46.79055,-109.5157135
2020-12-28 06:00:00,0.1152700342186029,9ea23099-dd30-4b26-9de7-5d42d5dae87b,46.79055,-109.5157135
2020-12-29 06:00:00,0.06335365703128251,9ea23099-dd30-4b26-9de7-5d42d5dae87b,46.79055,-109.5157135
2020-12-30 06:00:00,0.1447909410770346,9ea23099-dd30-4b26-9de7-5d42d5dae87b,46.79055,-109.5157135
2020-12-31 06:00:00,0.09527003839092801,9ea23099-dd30-4b26-9de7-5d42d5dae87b,46.79055,-109.5157135
2021-01-01 06:00:00,0.14622822407801803,9ea23099-dd30-4b26-9de7-5d42d5dae87b,46.79055,-109.5157135
2021-01-02 06:00:00,0.22622822157597292,9ea23099-dd30-4b26-9de7-5d42d5dae87b,46.79055,-109.5157135
2021-01-03 06:00:00,0.2862282239601586,9ea23099-dd30-4b26-9de7-5d42d5dae87b,46.79055,-109.5157135
2021-01-04 06:00:00,0.2547909404809882,9ea23099-dd30-4b26-9de7-5d42d5dae87b,46.79055,-109.5157135
2021-01-05 06:00:00,0.17383275431571102,9ea23099-dd30-4b26-9de7-5d42d5dae87b,46.79055,-109.5157135
2021-01-06 06:00:00,0.2962282144234155,9ea23099-dd30-4b26-9de7-5d42d5dae87b,46.79055,-109.5157135
2021-01-07 06:00:00,0.14287456517020164,9ea23099-dd30-4b26-9de7-5d42d5dae87b,46.79055,-109.5157135
2021-01-08 06:00:00,0.003353658550863481,9ea23099-dd30-4b26-9de7-5d42d5dae87b,46.79055,-109.5157135
2021-01-09 06:00:00,0.08287456278601588,9ea23099-dd30-4b26-9de7-5d42d5dae87b,46.79055,-109.5157135
2021-01-10 06:00:00,0.2238327520493846,9ea23099-dd30-4b26-9de7-5d42d5dae87b,46.79055,-109.5157135
2021-01-11 06:00:00,0.2347909453672191,9ea23099-dd30-4b26-9de7-5d42d5dae87b,46.79055,-109.5157135
2021-01-12 06:00:00,0.40479094644145264,9ea23099-dd30-4b26-9de7-5d42d5dae87b,46.79055,-109.5157135
2021-01-13 06:00:00,0.2862282239601586,9ea23099-dd30-4b26-9de7-5d42d5dae87b,46.79055,-109.5157135
2021-01-14 06:00:00,0.10287456570731845,9ea23099-dd30-4b26-9de7-5d42d5dae87b,46.79055,-109.5157135
2021-01-15 06:00:00,0.27383276254250194,9ea23099-dd30-4b26-9de7-5d42d5dae87b,46.79055,-109.5157135
2021-01-16 06:00:00,0.15383275848803618,9ea23099-dd30-4b26-9de7-5d42d5dae87b,46.79055,-109.5157135
2021-01-17 06:00:00,0.1747909429830333,9ea23099-dd30-4b26-9de7-5d42d5dae87b,46.79055,-109.5157135
2021-01-18 06:00:00,0.04287456368008556,9ea23099-dd30-4b26-9de7-5d42d5dae87b,46.79055,-109.5157135
2021-01-19 06:00:00,0.20287456684048166,9ea23099-dd30-4b26-9de7-5d42d5dae87b,46.79055,-109.5157135
2021-01-20 06:00:00,0.2623954614176567,9ea23099-dd30-4b26-9de7-5d42d5dae87b,46.79055,-109.5157135
2021-01-21 06:00:00,0.0723954705385173,9ea23099-dd30-4b26-9de7-5d42d5dae87b,46.79055,-109.5157135
2021-01-22 06:00:00,0.02239546997193571,9ea23099-dd30-4b26-9de7-5d42d5dae87b,46.79055,-109.5157135
2021-01-23 06:00:00,0.031916375682471826,9ea23099-dd30-4b26-9de7-5d42d5dae87b,46.79055,-109.5157135
2021-01-24 06:00:00,0.12239546791523795,9ea23099-dd30-4b26-9de7-5d42d5dae87b,46.79055,-109.5157135
2021-01-25 06:00:00,0.11999999731779099,9ea23099-dd30-4b26-9de7-5d42d5dae87b,46.79055,-109.5157135
2021-01-26 06:00:00,0.1304790895652895,9ea23099-dd30-4b26-9de7-5d42d5dae87b,46.79055,-109.5157135
2021-01-27 06:00:00,0.20143728526730986,9ea23099-dd30-4b26-9de7-5d42d5dae87b,46.79055,-109.5157135
2021-01-28 06:00:00,0.24383274716315365,9ea23099-dd30-4b26-9de7-5d42d5dae87b,46.79055,-109.5157135
2021-01-29 06:00:00,0.21191637006422778,9ea23099-dd30-4b26-9de7-5d42d5dae87b,46.79055,-109.5157135
2021-01-30 06:00:00,0.06287456305457427,9ea23099-dd30-4b26-9de7-5d42d5dae87b,46.79055,-109.5157135
2021-01-31 06:00:00,0.21431184101862769,9ea23099-dd30-4b26-9de7-5d42d5dae87b,46.79055,-109.5157135
2021-02-01 06:00:00,0.45479092998787074,9ea23099-dd30-4b26-9de7-5d42d5dae87b,46.79055,-109.5157135
2021-02-02 06:00:00,0.4762282230037844,9ea23099-dd30-4b26-9de7-5d42d5dae87b,46.79055,-109.5157135
2021-02-03 06:00:00,0.09335366177018925,9ea23099-dd30-4b26-9de7-5d42d5dae87b,46.79055,-109.5157135
2021-02-04 06:00:00,0.10287456570731845,9ea23099-dd30-4b26-9de7-5d42d5dae87b,46.79055,-109.5157135
2021-02-05 06:00:00,0.0,9ea23099-dd30-4b26-9de7-5d42d5dae87b,46.79055,-109.5157135
2021-02-06 06:00:00,0.030479093395394206,9ea23099-dd30-4b26-9de7-5d42d5dae87b,46.79055,-109.5157135
2021-02-07 06:00:00,0.029999999329447746,9ea23099-dd30-4b26-9de7-5d42d5dae87b,46.79055,-109.5157135
2021-02-08 06:00:00,0.0004790940659464651,9ea23099-dd30-4b26-9de7-5d42d5dae87b,46.79055,-109.5157135
2021-02-09 06:00:00,0.019999999552965164,9ea23099-dd30-4b26-9de7-5d42d5dae87b,46.79055,-109.5157135
2021-02-10 06:00:00,0.009999999776482582,9ea23099-dd30-4b26-9de7-5d42d5dae87b,46.79055,-109.5157135
2021-02-11 06:00:00,0.009999999776482582,9ea23099-dd30-4b26-9de7-5d42d5dae87b,46.79055,-109.5157135
2021-02-12 06:00:00,0.03999999910593033,9ea23099-dd30-4b26-9de7-5d42d5dae87b,46.79055,-109.5157135
2021-02-13 06:00:00,0.03999999910593033,9ea23099-dd30-4b26-9de7-5d42d5dae87b,46.79055,-109.5157135
2021-02-14 06:00:00,0.08904181526590929,9ea23099-dd30-4b26-9de7-5d42d5dae87b,46.79055,-109.5157135
2021-02-15 06:00:00,0.11808362105400509,9ea23099-dd30-4b26-9de7-5d42d5dae87b,46.79055,-109.5157135
2021-02-16 06:00:00,0.10047909546682435,9ea23099-dd30-4b26-9de7-5d42d5dae87b,46.79055,-109.5157135
2021-02-17 06:00:00,0.01095818790837551,9ea23099-dd30-4b26-9de7-5d42d5dae87b,46.79055,-109.5157135
2021-02-18 06:00:00,0.1119163760246923,9ea23099-dd30-4b26-9de7-5d42d5dae87b,46.79055,-109.5157135
2021-02-19 06:00:00,0.22239546976230698,9ea23099-dd30-4b26-9de7-5d42d5dae87b,46.79055,-109.5157135
2021-02-20 06:00:00,0.15287456982071387,9ea23099-dd30-4b26-9de7-5d42d5dae87b,46.79055,-109.5157135
2021-02-21 06:00:00,0.262874555037412,9ea23099-dd30-4b26-9de7-5d42d5dae87b,46.79055,-109.5157135
2021-02-22 06:00:00,0.3628745774514583,9ea23099-dd30-4b26-9de7-5d42d5dae87b,46.79055,-109.5157135
2021-02-23 06:00:00,0.15143728824754207,9ea23099-dd30-4b26-9de7-5d42d5dae87b,46.79055,-109.5157135
2021-02-24 06:00:00,0.08335365711967703,9ea23099-dd30-4b26-9de7-5d42d5dae87b,46.79055,-109.5157135
2021-02-25 06:00:00,0.12383275020231559,9ea23099-dd30-4b26-9de7-5d42d5dae87b,46.79055,-109.5157135
2021-02-26 06:00:00,0.11383275193152527,9ea23099-dd30-4b26-9de7-5d42d5dae87b,46.79055,-109.5157135
2021-02-27 06:00:00,0.031916375682471826,9ea23099-dd30-4b26-9de7-5d42d5dae87b,46.79055,-109.5157135
2021-02-28 06:00:00,0.1833536653464679,9ea23099-dd30-4b26-9de7-5d42d5dae87b,46.79055,-109.5157135
2021-03-01 06:00:00,0.5038327518136659,9ea23099-dd30-4b26-9de7-5d42d5dae87b,46.79055,-109.5157135
2021-03-02 06:00:00,0.3552700295680906,9ea23099-dd30-4b26-9de7-5d42d5dae87b,46.79055,-109.5157135
2021-03-03 06:00:00,0.4652700424453937,9ea23099-dd30-4b26-9de7-5d42d5dae87b,46.79055,-109.5157135
2021-03-04 06:00:00,0.614311859738536,9ea23099-dd30-4b26-9de7-5d42d5dae87b,46.79055,-109.5157135
2021-03-05 06:00:00,0.6567072954015863,9ea23099-dd30-4b26-9de7-5d42d5dae87b,46.79055,-109.5157135
2021-03-06 06:00:00,0.6167073306929358,9ea23099-dd30-4b26-9de7-5d42d5dae87b,46.79055,-109.5157135
2021-03-07 06:00:00,0.27527004482957956,9ea23099-dd30-4b26-9de7-5d42d5dae87b,46.79055,-109.5157135
2021-03-08 06:00:00,0.25335365819391054,9ea23099-dd30-4b26-9de7-5d42d5dae87b,46.79055,-109.5157135
2021-03-09 06:00:00,0.06335365703128251,9ea23099-dd30-4b26-9de7-5d42d5dae87b,46.79055,-109.5157135
2021-03-10 06:00:00,0.25335365819391054,9ea23099-dd30-4b26-9de7-5d42d5dae87b,46.79055,-109.5157135
2021-03-11 06:00:00,0.22335365700181767,9ea23099-dd30-4b26-9de7-5d42d5dae87b,46.79055,-109.5157135
2021-03-12 06:00:00,0.34527003767702213,9ea23099-dd30-4b26-9de7-5d42d5dae87b,46.79055,-109.5157135
2021-03-13 06:00:00,0.4652700424453937,9ea23099-dd30-4b26-9de7-5d42d5dae87b,46.79055,-109.5157135
2021-03-14 06:00:00,0.4038327577741304,9ea23099-dd30-4b26-9de7-5d42d5dae87b,46.79055,-109.5157135
2021-03-15 06:00:00,0.29431183851658255,9ea23099-dd30-4b26-9de7-5d42d5dae87b,46.79055,-109.5157135
2021-03-16 06:00:00,0.33335367130693233,9ea23099-dd30-4b26-9de7-5d42d5dae87b,46.79055,-109.5157135
2021-03-17 06:00:00,0.41479093690470936,9ea23099-dd30-4b26-9de7-5d42d5dae87b,46.79055,-109.5157135
2021-03-18 06:00:00,0.4971864195443197,9ea23099-dd30-4b26-9de7-5d42d5dae87b,46.79055,-109.5157135
2021-03-19 06:00:00,0.5767073092352637,9ea23099-dd30-4b26-9de7-5d42d5dae87b,46.79055,-109.5157135
2021-03-20 06:00:00,0.2538327532414775,9ea23099-dd30-4b26-9de7-5d42d5dae87b,46.79055,-109.5157135
2021-03-21 06:00:00,0.2643118373244896,9ea23099-dd30-4b26-9de7-5d42d5dae87b,46.79055,-109.5157135
2021-03-22 06:00:00,0.20383275550780397,9ea23099-dd30-4b26-9de7-5d42d5dae87b,46.79055,-109.5157135
2021-03-23 06:00:00,0.04239546970337732,9ea23099-dd30-4b26-9de7-5d42d5dae87b,46.79055,-109.5157135
2021-03-24 06:00:00,0.22431184566913995,9ea23099-dd30-4b26-9de7-5d42d5dae87b,46.79055,-109.5157135
2021-03-25 06:00:00,0.07335365884888669,9ea23099-dd30-4b26-9de7-5d42d5dae87b,46.79055,-109.5157135
2021-03-26 06:00:00,0.13383274775920012,9ea23099-dd30-4b26-9de7-5d42d5dae87b,46.79055,-109.5157135
2021-03-27 06:00:00,0.3547909345205237,9ea23099-dd30-4b26-9de7-5d42d5dae87b,46.79055,-109.5157135
2021-03-28 06:00:00,0.606707340229679,9ea23099-dd30-4b26-9de7-5d42d5dae87b,46.79055,-109.5157135
2021-03-29 06:00:00,0.1809581951059738,9ea23099-dd30-4b26-9de7-5d42d5dae87b,46.79055,-109.5157135
2021-03-30 06:00:00,0.11239546964444763,9ea23099-dd30-4b26-9de7-5d42d5dae87b,46.79055,-109.5157135
2021-03-31 06:00:00,0.3247909333284308,9ea23099-dd30-4b26-9de7-5d42d5dae87b,46.79055,-109.5157135
2021-04-01 06:00:00,0.7691027778054776,9ea23099-dd30-4b26-9de7-5d42d5dae87b,46.79055,-109.5157135
2021-04-02 06:00:00,0.7571864100075764,9ea23099-dd30-4b26-9de7-5d42d5dae87b,46.79055,-109.5157135
2021-04-03 06:00:00,0.7876654778727256,9ea23099-dd30-4b26-9de7-5d42d5dae87b,46.79055,-109.5157135
2021-04-04 06:00:00,0.7976655250850039,9ea23099-dd30-4b26-9de7-5d42d5dae87b,46.79055,-109.5157135
2021-04-05 06:00:00,0.15287456982071387,9ea23099-dd30-4b26-9de7-5d42d5dae87b,46.79055,-109.5157135
2021-04-06 06:00:00,0.2643118373244896,9ea23099-dd30-4b26-9de7-5d42d5dae87b,46.79055,-109.5157135
2021-04-07 06:00:00,0.6786237104117661,9ea23099-dd30-4b26-9de7-5d42d5dae87b,46.79055,-109.5157135
2021-04-08 06:00:00,0.28431184805332566,9ea23099-dd30-4b26-9de7-5d42d5dae87b,46.79055,-109.5157135
2021-04-09 06:00:00,0.3247909333284308,9ea23099-dd30-4b26-9de7-5d42d5dae87b,46.79055,-109.5157135
2021-04-10 06:00:00,0.4257491174631002,9ea23099-dd30-4b26-9de7-5d42d5dae87b,46.79055,-109.5157135
2021-04-11 06:00:00,0.04239546970337732,9ea23099-dd30-4b26-9de7-5d42d5dae87b,46.79055,-109.5157135
2021-04-12 06:00:00,0.11239546964444763,9ea23099-dd30-4b26-9de7-5d42d5dae87b,46.79055,-109.5157135
2021-04-13 06:00:00,0.02239546997193571,9ea23099-dd30-4b26-9de7-5d42d5dae87b,46.79055,-109.5157135
2021-04-14 06:00:00,0.09191637948311163,9ea23099-dd30-4b26-9de7-5d42d5dae87b,46.79055,-109.5157135
2021-04-15 06:00:00,0.07335365884888669,9ea23099-dd30-4b26-9de7-5d42d5dae87b,46.79055,-109.5157135
2021-04-16 06:00:00,0.22479093928889526,9ea23099-dd30-4b26-9de7-5d42d5dae87b,46.79055,-109.5157135
2021-04-17 06:00:00,0.4771864102432951,9ea23099-dd30-4b26-9de7-5d42d5dae87b,46.79055,-109.5157135
2021-04-18 06:00:00,0.4138327496651987,9ea23099-dd30-4b26-9de7-5d42d5dae87b,46.79055,-109.5157135
2021-04-19 06:00:00,0.05191637718732037,9ea23099-dd30-4b26-9de7-5d42d5dae87b,46.79055,-109.5157135
2021-04-20 06:00:00,0.10335366004097961,9ea23099-dd30-4b26-9de7-5d42d5dae87b,46.79055,-109.5157135
2021-04-21 06:00:00,0.32527002837599767,9ea23099-dd30-4b26-9de7-5d42d5dae87b,46.79055,-109.5157135
2021-04-22 06:00:00,0.20383275550780397,9ea23099-dd30-4b26-9de7-5d42d5dae87b,46.79055,-109.5157135
2021-04-23 06:00:00,0.08239546845235474,9ea23099-dd30-4b26-9de7-5d42d5dae87b,46.79055,-109.5157135
2021-04-24 06:00:00,0.13383274775920012,9ea23099-dd30-4b26-9de7-5d42d5dae87b,46.79055,-109.5157135
2021-04-25 06:00:00,0.13431184209286123,9ea23099-dd30-4b26-9de7-5d42d5dae87b,46.79055,-109.5157135
2021-04-26 06:00:00,0.28527003529283634,9ea23099-dd30-4b26-9de7-5d42d5dae87b,46.79055,-109.5157135
2021-04-27 06:00:00,0.5071864100075765,9ea23099-dd30-4b26-9de7-5d42d5dae87b,46.79055,-109.5157135
2021-04-28 06:00:00,0.5391027615876147,9ea23099-dd30-4b26-9de7-5d42d5dae87b,46.79055,-109.5157135
2021-04-29 06:00:00,0.5495819024196484,9ea23099-dd30-4b26-9de7-5d42d5dae87b,46.79055,-109.5157135
2021-04-30 06:00:00,1.0014982678333637,9ea23099-dd30-4b26-9de7-5d42d5dae87b,46.79055,-109.5157135
2021-05-01 06:00:00,0.6881446072552676,9ea23099-dd30-4b26-9de7-5d42d5dae87b,46.79055,-109.5157135
2021-05-02 06:00:00,0.11383275193152527,9ea23099-dd30-4b26-9de7-5d42d5dae87b,46.79055,-109.5157135
2021-05-03 06:00:00,0.46574913606514906,9ea23099-dd30-4b26-9de7-5d42d5dae87b,46.79055,-109.5157135
2021-05-04 06:00:00,0.44622822038388,9ea23099-dd30-4b26-9de7-5d42d5dae87b,46.79055,-109.5157135
2021-05-05 06:00:00,0.30479095240191706,9ea23099-dd30-4b26-9de7-5d42d5dae87b,46.79055,-109.5157135
2021-05-06 06:00:00,0.6071864338494343,9ea23099-dd30-4b26-9de7-5d42d5dae87b,46.79055,-109.5157135
2021-05-07 06:00:00,0.7276655322375613,9ea23099-dd30-4b26-9de7-5d42d5dae87b,46.79055,-109.5157135
2021-05-08 06:00:00,0.20431184912755931,9ea23099-dd30-4b26-9de7-5d42d5dae87b,46.79055,-109.5157135
2021-05-09 06:00:00,0.13335365413944478,9ea23099-dd30-4b26-9de7-5d42d5dae87b,46.79055,-109.5157135
2021-05-10 06:00:00,0.13479093642652237,9ea23099-dd30-4b26-9de7-5d42d5dae87b,46.79055,-109.5157135
2021-05-11 06:00:00,0.8157491315324961,9ea23099-dd30-4b26-9de7-5d42d5dae87b,46.79055,-109.5157135
2021-05-12 06:00:00,0.9062281989262077,9ea23099-dd30-4b26-9de7-5d42d5dae87b,46.79055,-109.5157135
2021-05-13 06:00:00,0.9057491053064525,9ea23099-dd30-4b26-9de7-5d42d5dae87b,46.79055,-109.5157135
2021-05-14 06:00:00,0.4867073070867966,9ea23099-dd30-4b26-9de7-5d42d5dae87b,46.79055,-109.5157135
2021-05-15 06:00:00,0.5876654897936545,9ea23099-dd30-4b26-9de7-5d42d5dae87b,46.79055,-109.5157135
2021-05-16 06:00:00,0.7900609488271254,9ea23099-dd30-4b26-9de7-5d42d5dae87b,46.79055,-109.5157135
2021-05-17 06:00:00,1.0795819305584404,9ea23099-dd30-4b26-9de7-5d42d5dae87b,46.79055,-109.5157135
2021-05-18 06:00:00,0.9495818785777903,9ea23099-dd30-4b26-9de7-5d42d5dae87b,46.79055,-109.5157135
2021-05-19 06:00:00,0.575749121995753,9ea23099-dd30-4b26-9de7-5d42d5dae87b,46.79055,-109.5157135
2021-05-20 06:00:00,0.0004790940659464651,9ea23099-dd30-4b26-9de7-5d42d5dae87b,46.79055,-109.5157135
2021-05-21 06:00:00,0.05143728285365923,9ea23099-dd30-4b26-9de7-5d42d5dae87b,46.79055,-109.5157135
2021-05-22 06:00:00,0.09239547381677277,9ea23099-dd30-4b26-9de7-5d42d5dae87b,46.79055,-109.5157135
2021-05-23 06:00:00,0.1252700324893932,9ea23099-dd30-4b26-9de7-5d42d5dae87b,46.79055,-109.5157135
2021-05-24 06:00:00,0.37670732115619265,9ea23099-dd30-4b26-9de7-5d42d5dae87b,46.79055,-109.5157135
2021-05-25 06:00:00,0.30574913964142775,9ea23099-dd30-4b26-9de7-5d42d5dae87b,46.79055,-109.5157135
2021-05-26 06:00:00,0.1928745621899694,9ea23099-dd30-4b26-9de7-5d42d5dae87b,46.79055,-109.5157135
2021-05-27 06:00:00,0.49766551316407504,9ea23099-dd30-4b26-9de7-5d42d5dae87b,46.79055,-109.5157135
2021-05-28 06:00:00,0.3967073020827064,9ea23099-dd30-4b26-9de7-5d42d5dae87b,46.79055,-109.5157135
2021-05-29 06:00:00,0.496228232304809,9ea23099-dd30-4b26-9de7-5d42d5dae87b,46.79055,-109.5157135
2021-05-30 06:00:00,0.8291027801896635,9ea23099-dd30-4b26-9de7-5d42d5dae87b,46.79055,-109.5157135
2021-05-31 06:00:00,0.9386237008750229,9ea23099-dd30-4b26-9de7-5d42d5dae87b,46.79055,-109.5157135
2021-06-01 06:00:00,0.8495818547359325,9ea23099-dd30-4b26-9de7-5d42d5dae87b,46.79055,-109.5157135
2021-06-02 06:00:00,1.2405400901305965,9ea23099-dd30-4b26-9de7-5d42d5dae87b,46.79055,-109.5157135
2021-06-03 06:00:00,1.574851862125696,9ea23099-dd30-4b26-9de7-5d42d5dae87b,46.79055,-109.5157135
2021-06-04 06:00:00,1.2929355105456573,9ea23099-dd30-4b26-9de7-5d42d5dae87b,46.79055,-109.5157135
2021-06-05 06:00:00,1.1505400567519952,9ea23099-dd30-4b26-9de7-5d42d5dae87b,46.79055,-109.5157135
2021-06-06 06:00:00,0.6652700588989755,9ea23099-dd30-4b26-9de7-5d42d5dae87b,46.79055,-109.5157135
2021-06-07 06:00:00,0.8776655083957032,9ea23099-dd30-4b26-9de7-5d42d5dae87b,46.79055,-109.5157135
2021-06-08 06:00:00,0.4743118456691398,9ea23099-dd30-4b26-9de7-5d42d5dae87b,46.79055,-109.5157135
2021-06-09 06:00:00,0.8200609769659174,9ea23099-dd30-4b26-9de7-5d42d5dae87b,46.79055,-109.5157135
2021-06-10 06:00:00,0.484790929752152,9ea23099-dd30-4b26-9de7-5d42d5dae87b,46.79055,-109.5157135
2021-06-11 06:00:00,0.657665482641097,9ea23099-dd30-4b26-9de7-5d42d5dae87b,46.79055,-109.5157135
2021-06-12 06:00:00,1.0386236679678593,9ea23099-dd30-4b26-9de7-5d42d5dae87b,46.79055,-109.5157135
2021-06-13 06:00:00,1.3214982010761616,9ea23099-dd30-4b26-9de7-5d42d5dae87b,46.79055,-109.5157135
2021-06-14 06:00:00,2.242935558229373,9ea23099-dd30-4b26-9de7-5d42d5dae87b,46.79055,-109.5157135
2021-06-15 06:00:00,2.1367681850955043,9ea23099-dd30-4b26-9de7-5d42d5dae87b,46.79055,-109.5157135
2021-06-16 06:00:00,1.0567072744153516,9ea23099-dd30-4b26-9de7-5d42d5dae87b,46.79055,-109.5157135
2021-06-17 06:00:00,1.069102732977385,9ea23099-dd30-4b26-9de7-5d42d5dae87b,46.79055,-109.5157135
2021-06-18 06:00:00,1.0095818838175996,9ea23099-dd30-4b26-9de7-5d42d5dae87b,46.79055,-109.5157135
2021-06-19 06:00:00,1.0986237242454433,9ea23099-dd30-4b26-9de7-5d42d5dae87b,46.79055,-109.5157135
2021-06-20 06:00:00,0.3362282358810876,9ea23099-dd30-4b26-9de7-5d42d5dae87b,46.79055,-109.5157135
2021-06-21 06:00:00,0.9700609531240594,9ea23099-dd30-4b26-9de7-5d42d5dae87b,46.79055,-109.5157135
2021-06-22 06:00:00,1.2634146327756421,9ea23099-dd30-4b26-9de7-5d42d5dae87b,46.79055,-109.5157135
2021-06-23 06:00:00,1.0605400233733941,9ea23099-dd30-4b26-9de7-5d42d5dae87b,46.79055,-109.5157135
2021-06-24 06:00:00,0.9186237199485092,9ea23099-dd30-4b26-9de7-5d42d5dae87b,46.79055,-109.5157135
2021-06-25 06:00:00,0.6691028135682646,9ea23099-dd30-4b26-9de7-5d42d5dae87b,46.79055,-109.5157135
2021-06-26 06:00:00,0.8614982821384788,9ea23099-dd30-4b26-9de7-5d42d5dae87b,46.79055,-109.5157135
2021-06-27 06:00:00,1.1000610051047095,9ea23099-dd30-4b26-9de7-5d42d5dae87b,46.79055,-109.5157135
2021-06-28 06:00:00,1.3224563940269187,9ea23099-dd30-4b26-9de7-5d42d5dae87b,46.79055,-109.5157135
2021-06-29 06:00:00,1.735331035864893,9ea23099-dd30-4b26-9de7-5d42d5dae87b,46.79055,-109.5157135
2021-06-30 06:00:00,1.864372849568257,9ea23099-dd30-4b26-9de7-5d42d5dae87b,46.79055,-109.5157135
2021-07-01 06:00:00,2.0362891754206878,9ea23099-dd30-4b26-9de7-5d42d5dae87b,46.79055,-109.5157135
2021-07-02 06:00:00,1.856768327203777,9ea23099-dd30-4b26-9de7-5d42d5dae87b,46.79055,-109.5157135
2021-07-03 06:00:00,1.8548519527247556,9ea23099-dd30-4b26-9de7-5d42d5dae87b,46.79055,-109.5157135
2021-07-04 06:00:00,1.9548519708553667,9ea23099-dd30-4b26-9de7-5d42d5dae87b,46.79055,-109.5157135
2021-07-05 06:00:00,0.8200609769659174,9ea23099-dd30-4b26-9de7-5d42d5dae87b,46.79055,-109.5157135
2021-07-06 06:00:00,1.4005400567519954,9ea23099-dd30-4b26-9de7-5d42d5dae87b,46.79055,-109.5157135
2021-07-07 06:00:00,1.6010191980554664,9ea23099-dd30-4b26-9de7-5d42d5dae87b,46.79055,-109.5157135
2021-07-08 06:00:00,1.2095819257900688,9ea23099-dd30-4b26-9de7-5d42d5dae87b,46.79055,-109.5157135
2021-07-09 06:00:00,0.9495818785777903,9ea23099-dd30-4b26-9de7-5d42d5dae87b,46.79055,-109.5157135
2021-07-10 06:00:00,1.4938937454688836,9ea23099-dd30-4b26-9de7-5d42d5dae87b,46.79055,-109.5157135
2021-07-11 06:00:00,1.7424564646096175,9ea23099-dd30-4b26-9de7-5d42d5dae87b,46.79055,-109.5157135
2021-07-12 06:00:00,1.2905400424468805,9ea23099-dd30-4b26-9de7-5d42d5dae87b,46.79055,-109.5157135
2021-07-13 06:00:00,0.7152700140708829,9ea23099-dd30-4b26-9de7-5d42d5dae87b,46.79055,-109.5157135
2021-07-14 06:00:00,1.051498220149648,9ea23099-dd30-4b26-9de7-5d42d5dae87b,46.79055,-109.5157135
2021-07-15 06:00:00,1.8848519241145256,9ea23099-dd30-4b26-9de7-5d42d5dae87b,46.79055,-109.5157135
2021-07-16 06:00:00,1.662935515314029,9ea23099-dd30-4b26-9de7-5d42d5dae87b,46.79055,-109.5157135
2021-07-17 06:00:00,1.9734146709226148,9ea23099-dd30-4b26-9de7-5d42d5dae87b,46.79055,-109.5157135
2021-07-18 06:00:00,2.3814981438557026,9ea23099-dd30-4b26-9de7-5d42d5dae87b,46.79055,-109.5157135
2021-07-19 06:00:00,2.388144705976758,9ea23099-dd30-4b26-9de7-5d42d5dae87b,46.79055,-109.5157135
2021-07-20 06:00:00,1.419581850438998,9ea23099-dd30-4b26-9de7-5d42d5dae87b,46.79055,-109.5157135
2021-07-21 06:00:00,1.2710191551401222,9ea23099-dd30-4b26-9de7-5d42d5dae87b,46.79055,-109.5157135
2021-07-22 06:00:00,1.4105400472152523,9ea23099-dd30-4b26-9de7-5d42d5dae87b,46.79055,-109.5157135
2021-07-23 06:00:00,1.4300609345220106,9ea23099-dd30-4b26-9de7-5d42d5dae87b,46.79055,-109.5157135
2021-07-24 06:00:00,1.4995818933543428,9ea23099-dd30-4b26-9de7-5d42d5dae87b,46.79055,-109.5157135
2021-07-25 06:00:00,1.9391027320345102,9ea23099-dd30-4b26-9de7-5d42d5dae87b,46.79055,-109.5157135
2021-07-26 06:00:00,2.0024564550728745,9ea23099-dd30-4b26-9de7-5d42d5dae87b,46.79055,-109.5157135
2021-07-27 06:00:00,2.3234145755551827,9ea23099-dd30-4b26-9de7-5d42d5dae87b,46.79055,-109.5157135
2021-07-28 06:00:00,1.5995819114849539,9ea23099-dd30-4b26-9de7-5d42d5dae87b,46.79055,-109.5157135
2021-07-29 06:00:00,1.3476655370059327,9ea23099-dd30-4b26-9de7-5d42d5dae87b,46.79055,-109.5157135
2021-07-30 06:00:00,1.5210191551401222,9ea23099-dd30-4b26-9de7-5d42d5dae87b,46.79055,-109.5157135
2021-07-31 06:00:00,1.7129355868396023,9ea23099-dd30-4b26-9de7-5d42d5dae87b,46.79055,-109.5157135
2021-08-01 06:00:00,1.726768326260902,9ea23099-dd30-4b26-9de7-5d42d5dae87b,46.79055,-109.5157135
2021-08-02 06:00:00,1.9253309795873088,9ea23099-dd30-4b26-9de7-5d42d5dae87b,46.79055,-109.5157135
2021-08-03 06:00:00,0.7705400615203669,9ea23099-dd30-4b26-9de7-5d42d5dae87b,46.79055,-109.5157135
2021-08-04 06:00:00,1.4543728772356117,9ea23099-dd30-4b26-9de7-5d42d5dae87b,46.79055,-109.5157135
2021-08-05 06:00:00,1.5243728104784093,9ea23099-dd30-4b26-9de7-5d42d5dae87b,46.79055,-109.5157135
2021-08-06 06:00:00,1.3638937502372552,9ea23099-dd30-4b26-9de7-5d42d5dae87b,46.79055,-109.5157135
2021-08-07 06:00:00,1.1743727923477982,9ea23099-dd30-4b26-9de7-5d42d5dae87b,46.79055,-109.5157135
2021-08-08 06:00:00,1.0386236679678593,9ea23099-dd30-4b26-9de7-5d42d5dae87b,46.79055,-109.5157135
2021-08-09 06:00:00,0.3367073295008429,9ea23099-dd30-4b26-9de7-5d42d5dae87b,46.79055,-109.5157135
2021-08-10 06:00:00,0.8814982630649923,9ea23099-dd30-4b26-9de7-5d42d5dae87b,46.79055,-109.5157135
2021-08-11 06:00:00,1.1229355534610015,9ea23099-dd30-4b26-9de7-5d42d5dae87b,46.79055,-109.5157135
2021-08-12 06:00:00,0.9862282418415521,9ea23099-dd30-4b26-9de7-5d42d5dae87b,46.79055,-109.5157135
2021-08-13 06:00:00,1.1810191217615211,9ea23099-dd30-4b26-9de7-5d42d5dae87b,46.79055,-109.5157135
2021-08-14 06:00:00,1.7058101580948777,9ea23099-dd30-4b26-9de7-5d42d5dae87b,46.79055,-109.5157135
2021-08-15 06:00:00,1.587247434185772,9ea23099-dd30-4b26-9de7-5d42d5dae87b,46.79055,-109.5157135
2021-08-16 06:00:00,1.825330961456697,9ea23099-dd30-4b26-9de7-5d42d5dae87b,46.79055,-109.5157135
2021-08-17 06:00:00,1.055269987844839,9ea23099-dd30-4b26-9de7-5d42d5dae87b,46.79055,-109.5157135
2021-08-18 06:00:00,0.07191637656180908,9ea23099-dd30-4b26-9de7-5d42d5dae87b,46.79055,-109.5157135
2021-08-19 06:00:00,0.13431184209286123,9ea23099-dd30-4b26-9de7-5d42d5dae87b,46.79055,-109.5157135
2021-08-20 06:00:00,0.025270034189138053,9ea23099-dd30-4b26-9de7-5d42d5dae87b,46.79055,-109.5157135
2021-08-21 06:00:00,0.2971864030907378,9ea23099-dd30-4b26-9de7-5d42d5dae87b,46.79055,-109.5157135
2021-08-22 06:00:00,0.525749110074824,9ea23099-dd30-4b26-9de7-5d42d5dae87b,46.79055,-109.5157135
2021-08-23 06:00:00,0.9691027658845487,9ea23099-dd30-4b26-9de7-5d42d5dae87b,46.79055,-109.5157135
2021-08-24 06:00:00,0.5347909132985702,9ea23099-dd30-4b26-9de7-5d42d5dae87b,46.79055,-109.5157135
2021-08-25 06:00:00,0.7357491482217966,9ea23099-dd30-4b26-9de7-5d42d5dae87b,46.79055,-109.5157135
2021-08-26 06:00:00,0.828623686569908,9ea23099-dd30-4b26-9de7-5d42d5dae87b,46.79055,-109.5157135
2021-08-27 06:00:00,0.567186412391762,9ea23099-dd30-4b26-9de7-5d42d5dae87b,46.79055,-109.5157135
2021-08-28 06:00:00,0.44670731400363534,9ea23099-dd30-4b26-9de7-5d42d5dae87b,46.79055,-109.5157135
2021-08-29 06:00:00,1.029581864744113,9ea23099-dd30-4b26-9de7-5d42d5dae87b,46.79055,-109.5157135
2021-08-30 06:00:00,1.4305400281417657,9ea23099-dd30-4b26-9de7-5d42d5dae87b,46.79055,-109.5157135
2021-08-31 06:00:00,1.23054009966734,9ea23099-dd30-4b26-9de7-5d42d5dae87b,46.79055,-109.5157135
2021-09-01 06:00:00,0.9281446167920108,9ea23099-dd30-4b26-9de7-5d42d5dae87b,46.79055,-109.5157135
2021-09-02 06:00:00,0.5167073068510779,9ea23099-dd30-4b26-9de7-5d42d5dae87b,46.79055,-109.5157135
2021-09-03 06:00:00,0.6371864052392048,9ea23099-dd30-4b26-9de7-5d42d5dae87b,46.79055,-109.5157135
2021-09-04 06:00:00,0.9686236722647935,9ea23099-dd30-4b26-9de7-5d42d5dae87b,46.79055,-109.5157135
2021-09-05 06:00:00,1.4010191503717506,9ea23099-dd30-4b26-9de7-5d42d5dae87b,46.79055,-109.5157135
2021-09-06 06:00:00,1.1500609631322398,9ea23099-dd30-4b26-9de7-5d42d5dae87b,46.79055,-109.5157135
2021-09-07 06:00:00,1.1186237051719572,9ea23099-dd30-4b26-9de7-5d42d5dae87b,46.79055,-109.5157135
2021-09-08 06:00:00,1.2010192161860778,9ea23099-dd30-4b26-9de7-5d42d5dae87b,46.79055,-109.5157135
2021-09-09 06:00:00,1.461977399600092,9ea23099-dd30-4b26-9de7-5d42d5dae87b,46.79055,-109.5157135
2021-09-10 06:00:00,1.3905400662887388,9ea23099-dd30-4b26-9de7-5d42d5dae87b,46.79055,-109.5157135
2021-09-11 06:00:00,0.6276655083957032,9ea23099-dd30-4b26-9de7-5d42d5dae87b,46.79055,-109.5157135
2021-09-12 06:00:00,0.8900609726689834,9ea23099-dd30-4b26-9de7-5d42d5dae87b,46.79055,-109.5157135
2021-09-13 06:00:00,0.6971864076233908,9ea23099-dd30-4b26-9de7-5d42d5dae87b,46.79055,-109.5157135
2021-09-14 06:00:00,0.8176655088671407,9ea23099-dd30-4b26-9de7-5d42d5dae87b,46.79055,-109.5157135
2021-09-15 06:00:00,1.109581901948211,9ea23099-dd30-4b26-9de7-5d42d5dae87b,46.79055,-109.5157135
2021-09-16 06:00:00,0.36431185973853597,9ea23099-dd30-4b26-9de7-5d42d5dae87b,46.79055,-109.5157135
2021-09-17 06:00:00,1.0795819305584404,9ea23099-dd30-4b26-9de7-5d42d5dae87b,46.79055,-109.5157135
2021-09-18 06:00:00,1.3848519184032797,9ea23099-dd30-4b26-9de7-5d42d5dae87b,46.79055,-109.5157135
2021-09-19 06:00:00,0.38527003076018346,9ea23099-dd30-4b26-9de7-5d42d5dae87b,46.79055,-109.5157135
2021-09-20 06:00:00,0.38527003076018346,9ea23099-dd30-4b26-9de7-5d42d5dae87b,46.79055,-109.5157135
2021-09-21 06:00:00,0.706707304466892,9ea23099-dd30-4b26-9de7-5d42d5dae87b,46.79055,-109.5157135
2021-09-22 06:00:00,1.191977299464289,9ea23099-dd30-4b26-9de7-5d42d5dae87b,46.79055,-109.5157135
2021-09-23 06:00:00,0.5857491124590098,9ea23099-dd30-4b26-9de7-5d42d5dae87b,46.79055,-109.5157135
2021-09-24 06:00:00,0.7567073163878211,9ea23099-dd30-4b26-9de7-5d42d5dae87b,46.79055,-109.5157135
2021-09-25 06:00:00,1.3110191169931495,9ea23099-dd30-4b26-9de7-5d42d5dae87b,46.79055,-109.5157135
2021-09-26 06:00:00,1.3314983050374616,9ea23099-dd30-4b26-9de7-5d42d5dae87b,46.79055,-109.5157135
2021-09-27 06:00:00,1.3824564503045031,9ea23099-dd30-4b26-9de7-5d42d5dae87b,46.79055,-109.5157135
2021-09-28 06:00:00,0.735270051746418,9ea23099-dd30-4b26-9de7-5d42d5dae87b,46.79055,-109.5157135
2021-09-29 06:00:00,0.5443118668910932,9ea23099-dd30-4b26-9de7-5d42d5dae87b,46.79055,-109.5157135
2021-09-30 06:00:00,0.8900609726689834,9ea23099-dd30-4b26-9de7-5d42d5dae87b,46.79055,-109.5157135
2021-10-01 06:00:00,0.6910191718294229,9ea23099-dd30-4b26-9de7-5d42d5dae87b,46.79055,-109.5157135
2021-10-02 06:00:00,0.8214982578251834,9ea23099-dd30-4b26-9de7-5d42d5dae87b,46.79055,-109.5157135
2021-10-03 06:00:00,1.2138937740791131,9ea23099-dd30-4b26-9de7-5d42d5dae87b,46.79055,-109.5157135
2021-10-04 06:00:00,1.325810049365206,9ea23099-dd30-4b26-9de7-5d42d5dae87b,46.79055,-109.5157135
2021-10-05 06:00:00,1.4053309986607951,9ea23099-dd30-4b26-9de7-5d42d5dae87b,46.79055,-109.5157135
2021-10-06 06:00:00,0.9114982344547629,9ea23099-dd30-4b26-9de7-5d42d5dae87b,46.79055,-109.5157135
2021-10-07 06:00:00,0.36718642431269116,9ea23099-dd30-4b26-9de7-5d42d5dae87b,46.79055,-109.5157135
2021-10-08 06:00:00,0.25766550505514346,9ea23099-dd30-4b26-9de7-5d42d5dae87b,46.79055,-109.5157135
2021-10-09 06:00:00,0.26862368418572247,9ea23099-dd30-4b26-9de7-5d42d5dae87b,46.79055,-109.5157135
2021-10-10 06:00:00,0.4791027875779396,9ea23099-dd30-4b26-9de7-5d42d5dae87b,46.79055,-109.5157135
2021-10-11 06:00:00,0.11431184626518642,9ea23099-dd30-4b26-9de7-5d42d5dae87b,46.79055,-109.5157135
2021-10-12 06:00:00,0.05335365911744509,9ea23099-dd30-4b26-9de7-5d42d5dae87b,46.79055,-109.5157135
2021-10-13 06:00:00,0.07527003546962545,9ea23099-dd30-4b26-9de7-5d42d5dae87b,46.79055,-109.5157135
2021-10-14 06:00:00,0.16574912557203175,9ea23099-dd30-4b26-9de7-5d42d5dae87b,46.79055,-109.5157135
2021-10-15 06:00:00,0.28718641262748096,9ea23099-dd30-4b26-9de7-5d42d5dae87b,46.79055,-109.5157135
2021-10-16 06:00:00,0.6881446072552676,9ea23099-dd30-4b26-9de7-5d42d5dae87b,46.79055,-109.5157135
2021-10-17 06:00:00,0.9905400901305966,9ea23099-dd30-4b26-9de7-5d42d5dae87b,46.79055,-109.5157135
2021-10-18 06:00:00,0.5876654897936545,9ea23099-dd30-4b26-9de7-5d42d5dae87b,46.79055,-109.5157135
2021-10-19 06:00:00,0.19335365580972474,9ea23099-dd30-4b26-9de7-5d42d5dae87b,46.79055,-109.5157135
2021-10-20 06:00:00,0.47479093928889515,9ea23099-dd30-4b26-9de7-5d42d5dae87b,46.79055,-109.5157135
2021-10-21 06:00:00,0.416707314239354,9ea23099-dd30-4b26-9de7-5d42d5dae87b,46.79055,-109.5157135
2021-10-22 06:00:00,0.6667073426138647,9ea23099-dd30-4b26-9de7-5d42d5dae87b,46.79055,-109.5157135
2021-10-23 06:00:00,0.30622823468899474,9ea23099-dd30-4b26-9de7-5d42d5dae87b,46.79055,-109.5157135
2021-10-24 06:00:00,0.37574913391668197,9ea23099-dd30-4b26-9de7-5d42d5dae87b,46.79055,-109.5157135
2021-10-25 06:00:00,0.377186414775948,9ea23099-dd30-4b26-9de7-5d42d5dae87b,46.79055,-109.5157135
2021-10-26 06:00:00,0.14622822407801803,9ea23099-dd30-4b26-9de7-5d42d5dae87b,46.79055,-109.5157135
2021-10-27 06:00:00,0.325749121995753,9ea23099-dd30-4b26-9de7-5d42d5dae87b,46.79055,-109.5157135
2021-10-28 06:00:00,0.37574913391668197,9ea23099-dd30-4b26-9de7-5d42d5dae87b,46.79055,-109.5157135
2021-10-29 06:00:00,0.39910277303710634,9ea23099-dd30-4b26-9de7-5d42d5dae87b,46.79055,-109.5157135
2021-10-30 06:00:00,0.02239546997193571,9ea23099-dd30-4b26-9de7-5d42d5dae87b,46.79055,-109.5157135
2021-10-31 06:00:00,0.08287456278601588,9ea23099-dd30-4b26-9de7-5d42d5dae87b,46.79055,-109.5157135
2021-11-01 06:00:00,0.163832748951293,9ea23099-dd30-4b26-9de7-5d42d5dae87b,46.79055,-109.5157135
2021-11-02 06:00:00,0.42479092736796625,9ea23099-dd30-4b26-9de7-5d42d5dae87b,46.79055,-109.5157135
2021-11-03 06:00:00,0.38766550171458336,9ea23099-dd30-4b26-9de7-5d42d5dae87b,46.79055,-109.5157135
2021-11-04 06:00:00,0.65006096313224,9ea23099-dd30-4b26-9de7-5d42d5dae87b,46.79055,-109.5157135
2021-11-05 06:00:00,0.5162282132313226,9ea23099-dd30-4b26-9de7-5d42d5dae87b,46.79055,-109.5157135
2021-11-06 06:00:00,0.5057491291483105,9ea23099-dd30-4b26-9de7-5d42d5dae87b,46.79055,-109.5157135
2021-11-07 06:00:00,0.2447909358304759,9ea23099-dd30-4b26-9de7-5d42d5dae87b,46.79055,-109.5157135
2021-11-08 06:00:00,0.36431185973853597,9ea23099-dd30-4b26-9de7-5d42d5dae87b,46.79055,-109.5157135
2021-11-09 06:00:00,0.4838327425126414,9ea23099-dd30-4b26-9de7-5d42d5dae87b,46.79055,-109.5157135
2021-11-10 06:00:00,0.28383275443357037,9ea23099-dd30-4b26-9de7-5d42d5dae87b,46.79055,-109.5157135
2021-11-11 06:00:00,0.2723954802554243,9ea23099-dd30-4b26-9de7-5d42d5dae87b,46.79055,-109.5157135
2021-11-12 06:00:00,0.3067073283087501,9ea23099-dd30-4b26-9de7-5d42d5dae87b,46.79055,-109.5157135
2021-11-13 06:00:00,0.4243118337482109,9ea23099-dd30-4b26-9de7-5d42d5dae87b,46.79055,-109.5157135
2021-11-14 06:00:00,0.4291027756570107,9ea23099-dd30-4b26-9de7-5d42d5dae87b,46.79055,-109.5157135
2021-11-15 06:00:00,0.7962282442257377,9ea23099-dd30-4b26-9de7-5d42d5dae87b,46.79055,-109.5157135
2021-11-16 06:00:00,0.20383275550780397,9ea23099-dd30-4b26-9de7-5d42d5dae87b,46.79055,-109.5157135
2021-11-17 06:00:00,0.11335365831176993,9ea23099-dd30-4b26-9de7-5d42d5dae87b,46.79055,-109.5157135
2021-11-18 06:00:00,0.41479093690470936,9ea23099-dd30-4b26-9de7-5d42d5dae87b,46.79055,-109.5157135
2021-11-19 06:00:00,0.2652700259918119,9ea23099-dd30-4b26-9de7-5d42d5dae87b,46.79055,-109.5157135
2021-11-20 06:00:00,0.1252700324893932,9ea23099-dd30-4b26-9de7-5d42d5dae87b,46.79055,-109.5157135
2021-11-21 06:00:00,0.34527003767702213,9ea23099-dd30-4b26-9de7-5d42d5dae87b,46.79055,-109.5157135
2021-11-22 06:00:00,0.7867072906332149,9ea23099-dd30-4b26-9de7-5d42d5dae87b,46.79055,-109.5157135
2021-11-23 06:00:00,0.38527003076018346,9ea23099-dd30-4b26-9de7-5d42d5dae87b,46.79055,-109.5157135
2021-11-24 06:00:00,0.06383275136494365,9ea23099-dd30-4b26-9de7-5d42d5dae87b,46.79055,-109.5157135
2021-11-25 06:00:00,0.4857491198472859,9ea23099-dd30-4b26-9de7-5d42d5dae87b,46.79055,-109.5157135
2021-11-26 06:00:00,0.4757491265284058,9ea23099-dd30-4b26-9de7-5d42d5dae87b,46.79055,-109.5157135
2021-11-27 06:00:00,0.3247909333284308,9ea23099-dd30-4b26-9de7-5d42d5dae87b,46.79055,-109.5157135
2021-11-28 06:00:00,0.5005400777382302,9ea23099-dd30-4b26-9de7-5d42d5dae87b,46.79055,-109.5157135
2021-11-29 06:00:00,0.34574913272458907,9ea23099-dd30-4b26-9de7-5d42d5dae87b,46.79055,-109.5157135
2021-11-30 06:00:00,0.41814459509862,9ea23099-dd30-4b26-9de7-5d42d5dae87b,46.79055,-109.5157135
2021-12-01 06:00:00,0.6605400472152522,9ea23099-dd30-4b26-9de7-5d42d5dae87b,46.79055,-109.5157135
2021-12-02 06:00:00,0.42766549194212145,9ea23099-dd30-4b26-9de7-5d42d5dae87b,46.79055,-109.5157135
2021-12-03 06:00:00,0.2714372930159137,9ea23099-dd30-4b26-9de7-5d42d5dae87b,46.79055,-109.5157135
2021-12-04 06:00:00,0.28191637709892575,9ea23099-dd30-4b26-9de7-5d42d5dae87b,46.79055,-109.5157135
2021-12-05 06:00:00,0.06143728112444955,9ea23099-dd30-4b26-9de7-5d42d5dae87b,46.79055,-109.5157135
2021-12-06 06:00:00,0.08143728049893825,9ea23099-dd30-4b26-9de7-5d42d5dae87b,46.79055,-109.5157135
2021-12-07 06:00:00,0.12431184382207092,9ea23099-dd30-4b26-9de7-5d42d5dae87b,46.79055,-109.5157135
2021-12-08 06:00:00,0.1747909429830333,9ea23099-dd30-4b26-9de7-5d42d5dae87b,46.79055,-109.5157135
2021-12-09 06:00:00,0.0938327561038504,9ea23099-dd30-4b26-9de7-5d42d5dae87b,46.79055,-109.5157135
2021-12-10 06:00:00,0.08383275073943236,9ea23099-dd30-4b26-9de7-5d42d5dae87b,46.79055,-109.5157135
2021-12-11 06:00:00,0.21479093463838303,9ea23099-dd30-4b26-9de7-5d42d5dae87b,46.79055,-109.5157135
2021-12-12 06:00:00,0.2657491196115672,9ea23099-dd30-4b26-9de7-5d42d5dae87b,46.79055,-109.5157135
2021-12-13 06:00:00,0.2743118575900689,9ea23099-dd30-4b26-9de7-5d42d5dae87b,46.79055,-109.5157135
2021-12-14 06:00:00,0.2652700259918119,9ea23099-dd30-4b26-9de7-5d42d5dae87b,46.79055,-109.5157135
2021-12-15 06:00:00,0.031916375682471826,9ea23099-dd30-4b26-9de7-5d42d5dae87b,46.79055,-109.5157135
2021-12-16 06:00:00,0.09191637948311163,9ea23099-dd30-4b26-9de7-5d42d5dae87b,46.79055,-109.5157135
2021-12-17 06:00:00,0.011437281974321974,9ea23099-dd30-4b26-9de7-5d42d5dae87b,46.79055,-109.5157135
2021-12-18 06:00:00,0.21335365235130543,9ea23099-dd30-4b26-9de7-5d42d5dae87b,46.79055,-109.5157135
2021-12-19 06:00:00,0.10335366004097961,9ea23099-dd30-4b26-9de7-5d42d5dae87b,46.79055,-109.5157135
2021-12-20 06:00:00,0.11143728169103116,9ea23099-dd30-4b26-9de7-5d42d5dae87b,46.79055,-109.5157135
2021-12-21 06:00:00,0.21527002825813837,9ea23099-dd30-4b26-9de7-5d42d5dae87b,46.79055,-109.5157135
2021-12-22 06:00:00,0.2652700259918119,9ea23099-dd30-4b26-9de7-5d42d5dae87b,46.79055,-109.5157135
2021-12-23 06:00:00,0.19383275085729168,9ea23099-dd30-4b26-9de7-5d42d5dae87b,46.79055,-109.5157135
2021-12-24 06:00:00,0.11952090334108273,9ea23099-dd30-4b26-9de7-5d42d5dae87b,46.79055,-109.5157135
2021-12-25 06:00:00,0.11904180936437447,9ea23099-dd30-4b26-9de7-5d42d5dae87b,46.79055,-109.5157135
2021-12-26 06:00:00,0.029520905263501273,9ea23099-dd30-4b26-9de7-5d42d5dae87b,46.79055,-109.5157135
2021-12-27 06:00:00,0.08047909254552178,9ea23099-dd30-4b26-9de7-5d42d5dae87b,46.79055,-109.5157135
2021-12-28 06:00:00,0.07095818860839259,9ea23099-dd30-4b26-9de7-5d42d5dae87b,46.79055,-109.5157135
2021-12-29 06:00:00,0.05191637718732037,9ea23099-dd30-4b26-9de7-5d42d5dae87b,46.79055,-109.5157135
2021-12-30 06:00:00,0.06191637510115779,9ea23099-dd30-4b26-9de7-5d42d5dae87b,46.79055,-109.5157135
