date,mod10a1_ndsi,cell_id,latitude,longitude
2020-01-01,3008,2ccaf21c-7683-449f-a90b-abd7c8b06bcf,36.437242499999996,-118.6156465
2020-01-02,2226,2ccaf21c-7683-449f-a90b-abd7c8b06bcf,36.437242499999996,-118.6156465
2020-01-03,3909,2ccaf21c-7683-449f-a90b-abd7c8b06bcf,36.437242499999996,-118.6156465
2020-01-04,4653,2ccaf21c-7683-449f-a90b-abd7c8b06bcf,36.437242499999996,-118.6156465
2020-01-05,5263,2ccaf21c-7683-449f-a90b-abd7c8b06bcf,36.437242499999996,-118.6156465
2020-01-06,5489,2ccaf21c-7683-449f-a90b-abd7c8b06bcf,36.437242499999996,-118.6156465
2020-01-07,5051,2ccaf21c-7683-449f-a90b-abd7c8b06bcf,36.437242499999996,-118.6156465
2020-01-08,6246,2ccaf21c-7683-449f-a90b-abd7c8b06bcf,36.437242499999996,-118.6156465
2020-01-09,4660,2ccaf21c-7683-449f-a90b-abd7c8b06bcf,36.437242499999996,-118.6156465
2020-01-10,5462,2ccaf21c-7683-449f-a90b-abd7c8b06bcf,36.437242499999996,-118.6156465
2020-01-11,5341,2ccaf21c-7683-449f-a90b-abd7c8b06bcf,36.437242499999996,-118.6156465
2020-01-12,4596,2ccaf21c-7683-449f-a90b-abd7c8b06bcf,36.437242499999996,-118.6156465
2020-01-13,6244,2ccaf21c-7683-449f-a90b-abd7c8b06bcf,36.437242499999996,-118.6156465
2020-01-14,3244,2ccaf21c-7683-449f-a90b-abd7c8b06bcf,36.437242499999996,-118.6156465
2020-01-15,5913,2ccaf21c-7683-449f-a90b-abd7c8b06bcf,36.437242499999996,-118.6156465
2020-01-16,-896,2ccaf21c-7683-449f-a90b-abd7c8b06bcf,36.437242499999996,-118.6156465
2020-01-17,5079,2ccaf21c-7683-449f-a90b-abd7c8b06bcf,36.437242499999996,-118.6156465
2020-01-18,753,2ccaf21c-7683-449f-a90b-abd7c8b06bcf,36.437242499999996,-118.6156465
2020-01-19,3894,2ccaf21c-7683-449f-a90b-abd7c8b06bcf,36.437242499999996,-118.6156465
2020-01-20,2799,2ccaf21c-7683-449f-a90b-abd7c8b06bcf,36.437242499999996,-118.6156465
2020-01-21,4110,2ccaf21c-7683-449f-a90b-abd7c8b06bcf,36.437242499999996,-118.6156465
2020-01-22,5057,2ccaf21c-7683-449f-a90b-abd7c8b06bcf,36.437242499999996,-118.6156465
2020-01-23,4600,2ccaf21c-7683-449f-a90b-abd7c8b06bcf,36.437242499999996,-118.6156465
2020-01-24,4481,2ccaf21c-7683-449f-a90b-abd7c8b06bcf,36.437242499999996,-118.6156465
2020-01-25,2027,2ccaf21c-7683-449f-a90b-abd7c8b06bcf,36.437242499999996,-118.6156465
2020-01-26,2852,2ccaf21c-7683-449f-a90b-abd7c8b06bcf,36.437242499999996,-118.6156465
2020-01-27,3948,2ccaf21c-7683-449f-a90b-abd7c8b06bcf,36.437242499999996,-118.6156465
2020-01-28,3111,2ccaf21c-7683-449f-a90b-abd7c8b06bcf,36.437242499999996,-118.6156465
2020-01-29,5047,2ccaf21c-7683-449f-a90b-abd7c8b06bcf,36.437242499999996,-118.6156465
2020-01-30,3608,2ccaf21c-7683-449f-a90b-abd7c8b06bcf,36.437242499999996,-118.6156465
2020-01-31,5992,2ccaf21c-7683-449f-a90b-abd7c8b06bcf,36.437242499999996,-118.6156465
2020-02-01,5179,2ccaf21c-7683-449f-a90b-abd7c8b06bcf,36.437242499999996,-118.6156465
2020-02-02,5714,2ccaf21c-7683-449f-a90b-abd7c8b06bcf,36.437242499999996,-118.6156465
2020-02-03,4794,2ccaf21c-7683-449f-a90b-abd7c8b06bcf,36.437242499999996,-118.6156465
2020-02-04,4622,2ccaf21c-7683-449f-a90b-abd7c8b06bcf,36.437242499999996,-118.6156465
2020-02-05,3075,2ccaf21c-7683-449f-a90b-abd7c8b06bcf,36.437242499999996,-118.6156465
2020-02-06,4397,2ccaf21c-7683-449f-a90b-abd7c8b06bcf,36.437242499999996,-118.6156465
2020-02-07,6789,2ccaf21c-7683-449f-a90b-abd7c8b06bcf,36.437242499999996,-118.6156465
2020-02-08,3064,2ccaf21c-7683-449f-a90b-abd7c8b06bcf,36.437242499999996,-118.6156465
2020-02-09,5839,2ccaf21c-7683-449f-a90b-abd7c8b06bcf,36.437242499999996,-118.6156465
2020-02-10,4733,2ccaf21c-7683-449f-a90b-abd7c8b06bcf,36.437242499999996,-118.6156465
2020-02-11,6318,2ccaf21c-7683-449f-a90b-abd7c8b06bcf,36.437242499999996,-118.6156465
2020-02-12,4689,2ccaf21c-7683-449f-a90b-abd7c8b06bcf,36.437242499999996,-118.6156465
2020-02-13,3435,2ccaf21c-7683-449f-a90b-abd7c8b06bcf,36.437242499999996,-118.6156465
2020-02-14,5303,2ccaf21c-7683-449f-a90b-abd7c8b06bcf,36.437242499999996,-118.6156465
2020-02-15,3433,2ccaf21c-7683-449f-a90b-abd7c8b06bcf,36.437242499999996,-118.6156465
2020-02-16,6188,2ccaf21c-7683-449f-a90b-abd7c8b06bcf,36.437242499999996,-118.6156465
2020-02-17,4828,2ccaf21c-7683-449f-a90b-abd7c8b06bcf,36.437242499999996,-118.6156465
2020-02-18,6283,2ccaf21c-7683-449f-a90b-abd7c8b06bcf,36.437242499999996,-118.6156465
2020-02-19,5557,2ccaf21c-7683-449f-a90b-abd7c8b06bcf,36.437242499999996,-118.6156465
2020-02-20,3814,2ccaf21c-7683-449f-a90b-abd7c8b06bcf,36.437242499999996,-118.6156465
2020-02-21,548,2ccaf21c-7683-449f-a90b-abd7c8b06bcf,36.437242499999996,-118.6156465
2020-02-22,5315,2ccaf21c-7683-449f-a90b-abd7c8b06bcf,36.437242499999996,-118.6156465
2020-02-23,7501,2ccaf21c-7683-449f-a90b-abd7c8b06bcf,36.437242499999996,-118.6156465
2020-02-24,4796,2ccaf21c-7683-449f-a90b-abd7c8b06bcf,36.437242499999996,-118.6156465
2020-02-25,6964,2ccaf21c-7683-449f-a90b-abd7c8b06bcf,36.437242499999996,-118.6156465
2020-02-26,5728,2ccaf21c-7683-449f-a90b-abd7c8b06bcf,36.437242499999996,-118.6156465
2020-02-27,5785,2ccaf21c-7683-449f-a90b-abd7c8b06bcf,36.437242499999996,-118.6156465
2020-02-28,4680,2ccaf21c-7683-449f-a90b-abd7c8b06bcf,36.437242499999996,-118.6156465
2020-02-29,2560,2ccaf21c-7683-449f-a90b-abd7c8b06bcf,36.437242499999996,-118.6156465
2020-03-01,1082,2ccaf21c-7683-449f-a90b-abd7c8b06bcf,36.437242499999996,-118.6156465
2020-03-02,4400,2ccaf21c-7683-449f-a90b-abd7c8b06bcf,36.437242499999996,-118.6156465
2020-03-03,6752,2ccaf21c-7683-449f-a90b-abd7c8b06bcf,36.437242499999996,-118.6156465
2020-03-04,3907,2ccaf21c-7683-449f-a90b-abd7c8b06bcf,36.437242499999996,-118.6156465
2020-03-05,5523,2ccaf21c-7683-449f-a90b-abd7c8b06bcf,36.437242499999996,-118.6156465
2020-03-06,3846,2ccaf21c-7683-449f-a90b-abd7c8b06bcf,36.437242499999996,-118.6156465
2020-03-07,3275,2ccaf21c-7683-449f-a90b-abd7c8b06bcf,36.437242499999996,-118.6156465
2020-03-08,5416,2ccaf21c-7683-449f-a90b-abd7c8b06bcf,36.437242499999996,-118.6156465
2020-03-09,1365,2ccaf21c-7683-449f-a90b-abd7c8b06bcf,36.437242499999996,-118.6156465
2020-03-10,3014,2ccaf21c-7683-449f-a90b-abd7c8b06bcf,36.437242499999996,-118.6156465
2020-03-11,4629,2ccaf21c-7683-449f-a90b-abd7c8b06bcf,36.437242499999996,-118.6156465
2020-03-12,3582,2ccaf21c-7683-449f-a90b-abd7c8b06bcf,36.437242499999996,-118.6156465
2020-03-13,1967,2ccaf21c-7683-449f-a90b-abd7c8b06bcf,36.437242499999996,-118.6156465
2020-03-14,1403,2ccaf21c-7683-449f-a90b-abd7c8b06bcf,36.437242499999996,-118.6156465
2020-03-15,949,2ccaf21c-7683-449f-a90b-abd7c8b06bcf,36.437242499999996,-118.6156465
2020-03-16,1674,2ccaf21c-7683-449f-a90b-abd7c8b06bcf,36.437242499999996,-118.6156465
2020-03-17,2104,2ccaf21c-7683-449f-a90b-abd7c8b06bcf,36.437242499999996,-118.6156465
2020-03-18,4799,2ccaf21c-7683-449f-a90b-abd7c8b06bcf,36.437242499999996,-118.6156465
2020-03-19,4487,2ccaf21c-7683-449f-a90b-abd7c8b06bcf,36.437242499999996,-118.6156465
2020-03-20,6255,2ccaf21c-7683-449f-a90b-abd7c8b06bcf,36.437242499999996,-118.6156465
2020-03-21,901,2ccaf21c-7683-449f-a90b-abd7c8b06bcf,36.437242499999996,-118.6156465
2020-03-22,1764,2ccaf21c-7683-449f-a90b-abd7c8b06bcf,36.437242499999996,-118.6156465
2020-03-23,6493,2ccaf21c-7683-449f-a90b-abd7c8b06bcf,36.437242499999996,-118.6156465
2020-03-24,1698,2ccaf21c-7683-449f-a90b-abd7c8b06bcf,36.437242499999996,-118.6156465
2020-03-25,996,2ccaf21c-7683-449f-a90b-abd7c8b06bcf,36.437242499999996,-118.6156465
2020-03-26,4566,2ccaf21c-7683-449f-a90b-abd7c8b06bcf,36.437242499999996,-118.6156465
2020-03-27,5220,2ccaf21c-7683-449f-a90b-abd7c8b06bcf,36.437242499999996,-118.6156465
2020-03-28,4116,2ccaf21c-7683-449f-a90b-abd7c8b06bcf,36.437242499999996,-118.6156465
2020-03-29,1150,2ccaf21c-7683-449f-a90b-abd7c8b06bcf,36.437242499999996,-118.6156465
2020-03-30,6261,2ccaf21c-7683-449f-a90b-abd7c8b06bcf,36.437242499999996,-118.6156465
2020-03-31,6635,2ccaf21c-7683-449f-a90b-abd7c8b06bcf,36.437242499999996,-118.6156465
2020-04-01,5659,2ccaf21c-7683-449f-a90b-abd7c8b06bcf,36.437242499999996,-118.6156465
2020-04-02,7406,2ccaf21c-7683-449f-a90b-abd7c8b06bcf,36.437242499999996,-118.6156465
2020-04-03,4200,2ccaf21c-7683-449f-a90b-abd7c8b06bcf,36.437242499999996,-118.6156465
2020-04-04,7790,2ccaf21c-7683-449f-a90b-abd7c8b06bcf,36.437242499999996,-118.6156465
2020-04-05,3718,2ccaf21c-7683-449f-a90b-abd7c8b06bcf,36.437242499999996,-118.6156465
2020-04-06,4963,2ccaf21c-7683-449f-a90b-abd7c8b06bcf,36.437242499999996,-118.6156465
2020-04-07,5910,2ccaf21c-7683-449f-a90b-abd7c8b06bcf,36.437242499999996,-118.6156465
2020-04-08,4088,2ccaf21c-7683-449f-a90b-abd7c8b06bcf,36.437242499999996,-118.6156465
2020-04-09,3186,2ccaf21c-7683-449f-a90b-abd7c8b06bcf,36.437242499999996,-118.6156465
2020-04-10,5635,2ccaf21c-7683-449f-a90b-abd7c8b06bcf,36.437242499999996,-118.6156465
2020-04-11,7065,2ccaf21c-7683-449f-a90b-abd7c8b06bcf,36.437242499999996,-118.6156465
2020-04-12,1904,2ccaf21c-7683-449f-a90b-abd7c8b06bcf,36.437242499999996,-118.6156465
2020-04-13,6664,2ccaf21c-7683-449f-a90b-abd7c8b06bcf,36.437242499999996,-118.6156465
2020-04-14,1374,2ccaf21c-7683-449f-a90b-abd7c8b06bcf,36.437242499999996,-118.6156465
2020-04-15,6670,2ccaf21c-7683-449f-a90b-abd7c8b06bcf,36.437242499999996,-118.6156465
2020-04-16,6315,2ccaf21c-7683-449f-a90b-abd7c8b06bcf,36.437242499999996,-118.6156465
2020-04-17,6033,2ccaf21c-7683-449f-a90b-abd7c8b06bcf,36.437242499999996,-118.6156465
2020-04-18,941,2ccaf21c-7683-449f-a90b-abd7c8b06bcf,36.437242499999996,-118.6156465
2020-04-19,2607,2ccaf21c-7683-449f-a90b-abd7c8b06bcf,36.437242499999996,-118.6156465
2020-04-20,6345,2ccaf21c-7683-449f-a90b-abd7c8b06bcf,36.437242499999996,-118.6156465
2020-04-21,539,2ccaf21c-7683-449f-a90b-abd7c8b06bcf,36.437242499999996,-118.6156465
2020-04-22,7562,2ccaf21c-7683-449f-a90b-abd7c8b06bcf,36.437242499999996,-118.6156465
2020-04-23,6064,2ccaf21c-7683-449f-a90b-abd7c8b06bcf,36.437242499999996,-118.6156465
2020-04-24,4687,2ccaf21c-7683-449f-a90b-abd7c8b06bcf,36.437242499999996,-118.6156465
2020-04-25,7136,2ccaf21c-7683-449f-a90b-abd7c8b06bcf,36.437242499999996,-118.6156465
2020-04-26,3840,2ccaf21c-7683-449f-a90b-abd7c8b06bcf,36.437242499999996,-118.6156465
2020-04-27,6551,2ccaf21c-7683-449f-a90b-abd7c8b06bcf,36.437242499999996,-118.6156465
2020-04-28,2752,2ccaf21c-7683-449f-a90b-abd7c8b06bcf,36.437242499999996,-118.6156465
2020-04-29,4061,2ccaf21c-7683-449f-a90b-abd7c8b06bcf,36.437242499999996,-118.6156465
2020-04-30,1111,2ccaf21c-7683-449f-a90b-abd7c8b06bcf,36.437242499999996,-118.6156465
2020-05-01,3678,2ccaf21c-7683-449f-a90b-abd7c8b06bcf,36.437242499999996,-118.6156465
2020-05-02,5176,2ccaf21c-7683-449f-a90b-abd7c8b06bcf,36.437242499999996,-118.6156465
2020-05-03,2701,2ccaf21c-7683-449f-a90b-abd7c8b06bcf,36.437242499999996,-118.6156465
2020-05-04,3978,2ccaf21c-7683-449f-a90b-abd7c8b06bcf,36.437242499999996,-118.6156465
2020-05-05,1537,2ccaf21c-7683-449f-a90b-abd7c8b06bcf,36.437242499999996,-118.6156465
2020-05-06,3624,2ccaf21c-7683-449f-a90b-abd7c8b06bcf,36.437242499999996,-118.6156465
2020-05-07,1575,2ccaf21c-7683-449f-a90b-abd7c8b06bcf,36.437242499999996,-118.6156465
2020-05-08,2425,2ccaf21c-7683-449f-a90b-abd7c8b06bcf,36.437242499999996,-118.6156465
2020-05-09,2847,2ccaf21c-7683-449f-a90b-abd7c8b06bcf,36.437242499999996,-118.6156465
2020-05-10,477,2ccaf21c-7683-449f-a90b-abd7c8b06bcf,36.437242499999996,-118.6156465
2020-05-11,1860,2ccaf21c-7683-449f-a90b-abd7c8b06bcf,36.437242499999996,-118.6156465
2020-05-12,-1296,2ccaf21c-7683-449f-a90b-abd7c8b06bcf,36.437242499999996,-118.6156465
2020-05-13,-559,2ccaf21c-7683-449f-a90b-abd7c8b06bcf,36.437242499999996,-118.6156465
2020-05-14,-1258,2ccaf21c-7683-449f-a90b-abd7c8b06bcf,36.437242499999996,-118.6156465
2020-05-15,-603,2ccaf21c-7683-449f-a90b-abd7c8b06bcf,36.437242499999996,-118.6156465
2020-05-16,1126,2ccaf21c-7683-449f-a90b-abd7c8b06bcf,36.437242499999996,-118.6156465
2020-05-17,-2228,2ccaf21c-7683-449f-a90b-abd7c8b06bcf,36.437242499999996,-118.6156465
2020-05-18,2710,2ccaf21c-7683-449f-a90b-abd7c8b06bcf,36.437242499999996,-118.6156465
2020-05-19,6351,2ccaf21c-7683-449f-a90b-abd7c8b06bcf,36.437242499999996,-118.6156465
2020-05-20,1918,2ccaf21c-7683-449f-a90b-abd7c8b06bcf,36.437242499999996,-118.6156465
2020-05-21,2882,2ccaf21c-7683-449f-a90b-abd7c8b06bcf,36.437242499999996,-118.6156465
2020-05-22,3899,2ccaf21c-7683-449f-a90b-abd7c8b06bcf,36.437242499999996,-118.6156465
2020-05-23,1103,2ccaf21c-7683-449f-a90b-abd7c8b06bcf,36.437242499999996,-118.6156465
2020-05-24,-1777,2ccaf21c-7683-449f-a90b-abd7c8b06bcf,36.437242499999996,-118.6156465
2020-05-25,-674,2ccaf21c-7683-449f-a90b-abd7c8b06bcf,36.437242499999996,-118.6156465
2020-05-26,-2526,2ccaf21c-7683-449f-a90b-abd7c8b06bcf,36.437242499999996,-118.6156465
2020-05-27,-1909,2ccaf21c-7683-449f-a90b-abd7c8b06bcf,36.437242499999996,-118.6156465
2020-05-28,-1746,2ccaf21c-7683-449f-a90b-abd7c8b06bcf,36.437242499999996,-118.6156465
2020-05-29,417,2ccaf21c-7683-449f-a90b-abd7c8b06bcf,36.437242499999996,-118.6156465
2020-05-30,3295,2ccaf21c-7683-449f-a90b-abd7c8b06bcf,36.437242499999996,-118.6156465
2020-05-31,-2859,2ccaf21c-7683-449f-a90b-abd7c8b06bcf,36.437242499999996,-118.6156465
2020-06-01,1484,2ccaf21c-7683-449f-a90b-abd7c8b06bcf,36.437242499999996,-118.6156465
2020-06-02,-2781,2ccaf21c-7683-449f-a90b-abd7c8b06bcf,36.437242499999996,-118.6156465
2020-06-03,107,2ccaf21c-7683-449f-a90b-abd7c8b06bcf,36.437242499999996,-118.6156465
2020-06-04,-1383,2ccaf21c-7683-449f-a90b-abd7c8b06bcf,36.437242499999996,-118.6156465
2020-06-05,4455,2ccaf21c-7683-449f-a90b-abd7c8b06bcf,36.437242499999996,-118.6156465
2020-06-06,-426,2ccaf21c-7683-449f-a90b-abd7c8b06bcf,36.437242499999996,-118.6156465
2020-06-07,-2772,2ccaf21c-7683-449f-a90b-abd7c8b06bcf,36.437242499999996,-118.6156465
2020-06-08,-1067,2ccaf21c-7683-449f-a90b-abd7c8b06bcf,36.437242499999996,-118.6156465
2020-06-09,-3450,2ccaf21c-7683-449f-a90b-abd7c8b06bcf,36.437242499999996,-118.6156465
2020-06-10,-921,2ccaf21c-7683-449f-a90b-abd7c8b06bcf,36.437242499999996,-118.6156465
2020-06-11,-2904,2ccaf21c-7683-449f-a90b-abd7c8b06bcf,36.437242499999996,-118.6156465
2020-06-12,-1641,2ccaf21c-7683-449f-a90b-abd7c8b06bcf,36.437242499999996,-118.6156465
2020-06-13,-2031,2ccaf21c-7683-449f-a90b-abd7c8b06bcf,36.437242499999996,-118.6156465
2020-06-14,-2800,2ccaf21c-7683-449f-a90b-abd7c8b06bcf,36.437242499999996,-118.6156465
2020-06-15,-1843,2ccaf21c-7683-449f-a90b-abd7c8b06bcf,36.437242499999996,-118.6156465
2020-06-16,-1452,2ccaf21c-7683-449f-a90b-abd7c8b06bcf,36.437242499999996,-118.6156465
2020-06-17,-1043,2ccaf21c-7683-449f-a90b-abd7c8b06bcf,36.437242499999996,-118.6156465
2020-06-18,-3330,2ccaf21c-7683-449f-a90b-abd7c8b06bcf,36.437242499999996,-118.6156465
2020-06-19,-1905,2ccaf21c-7683-449f-a90b-abd7c8b06bcf,36.437242499999996,-118.6156465
2020-06-20,-2643,2ccaf21c-7683-449f-a90b-abd7c8b06bcf,36.437242499999996,-118.6156465
2020-06-21,-2129,2ccaf21c-7683-449f-a90b-abd7c8b06bcf,36.437242499999996,-118.6156465
2020-06-22,-2187,2ccaf21c-7683-449f-a90b-abd7c8b06bcf,36.437242499999996,-118.6156465
2020-06-23,-2881,2ccaf21c-7683-449f-a90b-abd7c8b06bcf,36.437242499999996,-118.6156465
2020-06-24,3505,2ccaf21c-7683-449f-a90b-abd7c8b06bcf,36.437242499999996,-118.6156465
2020-06-25,-3536,2ccaf21c-7683-449f-a90b-abd7c8b06bcf,36.437242499999996,-118.6156465
2020-06-26,-184,2ccaf21c-7683-449f-a90b-abd7c8b06bcf,36.437242499999996,-118.6156465
2020-06-27,-3036,2ccaf21c-7683-449f-a90b-abd7c8b06bcf,36.437242499999996,-118.6156465
2020-06-28,-1877,2ccaf21c-7683-449f-a90b-abd7c8b06bcf,36.437242499999996,-118.6156465
2020-06-29,-2335,2ccaf21c-7683-449f-a90b-abd7c8b06bcf,36.437242499999996,-118.6156465
2020-06-30,-2561,2ccaf21c-7683-449f-a90b-abd7c8b06bcf,36.437242499999996,-118.6156465
2020-07-01,-1547,2ccaf21c-7683-449f-a90b-abd7c8b06bcf,36.437242499999996,-118.6156465
2020-07-02,-3192,2ccaf21c-7683-449f-a90b-abd7c8b06bcf,36.437242499999996,-118.6156465
2020-07-03,-1125,2ccaf21c-7683-449f-a90b-abd7c8b06bcf,36.437242499999996,-118.6156465
2020-07-04,-3375,2ccaf21c-7683-449f-a90b-abd7c8b06bcf,36.437242499999996,-118.6156465
2020-07-05,-1810,2ccaf21c-7683-449f-a90b-abd7c8b06bcf,36.437242499999996,-118.6156465
2020-07-06,-2380,2ccaf21c-7683-449f-a90b-abd7c8b06bcf,36.437242499999996,-118.6156465
2020-07-07,-2282,2ccaf21c-7683-449f-a90b-abd7c8b06bcf,36.437242499999996,-118.6156465
2020-07-08,-1980,2ccaf21c-7683-449f-a90b-abd7c8b06bcf,36.437242499999996,-118.6156465
2020-07-09,-2878,2ccaf21c-7683-449f-a90b-abd7c8b06bcf,36.437242499999996,-118.6156465
2020-07-10,-653,2ccaf21c-7683-449f-a90b-abd7c8b06bcf,36.437242499999996,-118.6156465
2020-07-11,-3353,2ccaf21c-7683-449f-a90b-abd7c8b06bcf,36.437242499999996,-118.6156465
2020-07-12,-1516,2ccaf21c-7683-449f-a90b-abd7c8b06bcf,36.437242499999996,-118.6156465
2020-07-13,-2881,2ccaf21c-7683-449f-a90b-abd7c8b06bcf,36.437242499999996,-118.6156465
2020-07-14,-2010,2ccaf21c-7683-449f-a90b-abd7c8b06bcf,36.437242499999996,-118.6156465
2020-07-15,-2220,2ccaf21c-7683-449f-a90b-abd7c8b06bcf,36.437242499999996,-118.6156465
2020-07-16,-2353,2ccaf21c-7683-449f-a90b-abd7c8b06bcf,36.437242499999996,-118.6156465
2020-07-17,-1337,2ccaf21c-7683-449f-a90b-abd7c8b06bcf,36.437242499999996,-118.6156465
2020-07-18,-3267,2ccaf21c-7683-449f-a90b-abd7c8b06bcf,36.437242499999996,-118.6156465
2020-07-19,-851,2ccaf21c-7683-449f-a90b-abd7c8b06bcf,36.437242499999996,-118.6156465
2020-07-20,-3210,2ccaf21c-7683-449f-a90b-abd7c8b06bcf,36.437242499999996,-118.6156465
2020-07-21,282,2ccaf21c-7683-449f-a90b-abd7c8b06bcf,36.437242499999996,-118.6156465
2020-07-22,-2666,2ccaf21c-7683-449f-a90b-abd7c8b06bcf,36.437242499999996,-118.6156465
2020-07-23,-1977,2ccaf21c-7683-449f-a90b-abd7c8b06bcf,36.437242499999996,-118.6156465
2020-07-24,-2036,2ccaf21c-7683-449f-a90b-abd7c8b06bcf,36.437242499999996,-118.6156465
2020-07-25,-2754,2ccaf21c-7683-449f-a90b-abd7c8b06bcf,36.437242499999996,-118.6156465
2020-07-26,-575,2ccaf21c-7683-449f-a90b-abd7c8b06bcf,36.437242499999996,-118.6156465
2020-07-27,-3306,2ccaf21c-7683-449f-a90b-abd7c8b06bcf,36.437242499999996,-118.6156465
2020-07-28,-1154,2ccaf21c-7683-449f-a90b-abd7c8b06bcf,36.437242499999996,-118.6156465
2020-07-29,-2751,2ccaf21c-7683-449f-a90b-abd7c8b06bcf,36.437242499999996,-118.6156465
2020-07-30,-1691,2ccaf21c-7683-449f-a90b-abd7c8b06bcf,36.437242499999996,-118.6156465
2020-07-31,-2038,2ccaf21c-7683-449f-a90b-abd7c8b06bcf,36.437242499999996,-118.6156465
2020-08-01,-2504,2ccaf21c-7683-449f-a90b-abd7c8b06bcf,36.437242499999996,-118.6156465
2020-08-02,-1357,2ccaf21c-7683-449f-a90b-abd7c8b06bcf,36.437242499999996,-118.6156465
2020-08-03,-284,2ccaf21c-7683-449f-a90b-abd7c8b06bcf,36.437242499999996,-118.6156465
2020-08-04,-593,2ccaf21c-7683-449f-a90b-abd7c8b06bcf,36.437242499999996,-118.6156465
2020-08-05,-2930,2ccaf21c-7683-449f-a90b-abd7c8b06bcf,36.437242499999996,-118.6156465
2020-08-06,-1260,2ccaf21c-7683-449f-a90b-abd7c8b06bcf,36.437242499999996,-118.6156465
2020-08-07,-1923,2ccaf21c-7683-449f-a90b-abd7c8b06bcf,36.437242499999996,-118.6156465
2020-08-08,-1943,2ccaf21c-7683-449f-a90b-abd7c8b06bcf,36.437242499999996,-118.6156465
2020-08-09,-1288,2ccaf21c-7683-449f-a90b-abd7c8b06bcf,36.437242499999996,-118.6156465
2020-08-10,-1945,2ccaf21c-7683-449f-a90b-abd7c8b06bcf,36.437242499999996,-118.6156465
2020-08-11,-107,2ccaf21c-7683-449f-a90b-abd7c8b06bcf,36.437242499999996,-118.6156465
2020-08-12,-2969,2ccaf21c-7683-449f-a90b-abd7c8b06bcf,36.437242499999996,-118.6156465
2020-08-13,45,2ccaf21c-7683-449f-a90b-abd7c8b06bcf,36.437242499999996,-118.6156465
2020-08-14,1114,2ccaf21c-7683-449f-a90b-abd7c8b06bcf,36.437242499999996,-118.6156465
2020-08-15,-506,2ccaf21c-7683-449f-a90b-abd7c8b06bcf,36.437242499999996,-118.6156465
2020-08-16,280,2ccaf21c-7683-449f-a90b-abd7c8b06bcf,36.437242499999996,-118.6156465
2020-08-17,1293,2ccaf21c-7683-449f-a90b-abd7c8b06bcf,36.437242499999996,-118.6156465
2020-08-18,263,2ccaf21c-7683-449f-a90b-abd7c8b06bcf,36.437242499999996,-118.6156465
2020-08-19,1720,2ccaf21c-7683-449f-a90b-abd7c8b06bcf,36.437242499999996,-118.6156465
2020-08-20,3091,2ccaf21c-7683-449f-a90b-abd7c8b06bcf,36.437242499999996,-118.6156465
2020-08-21,-2446,2ccaf21c-7683-449f-a90b-abd7c8b06bcf,36.437242499999996,-118.6156465
2020-08-22,-157,2ccaf21c-7683-449f-a90b-abd7c8b06bcf,36.437242499999996,-118.6156465
2020-08-23,-656,2ccaf21c-7683-449f-a90b-abd7c8b06bcf,36.437242499999996,-118.6156465
2020-08-24,-1051,2ccaf21c-7683-449f-a90b-abd7c8b06bcf,36.437242499999996,-118.6156465
2020-08-25,-1817,2ccaf21c-7683-449f-a90b-abd7c8b06bcf,36.437242499999996,-118.6156465
2020-08-26,-2378,2ccaf21c-7683-449f-a90b-abd7c8b06bcf,36.437242499999996,-118.6156465
2020-08-27,483,2ccaf21c-7683-449f-a90b-abd7c8b06bcf,36.437242499999996,-118.6156465
2020-08-28,-2721,2ccaf21c-7683-449f-a90b-abd7c8b06bcf,36.437242499999996,-118.6156465
2020-08-29,956,2ccaf21c-7683-449f-a90b-abd7c8b06bcf,36.437242499999996,-118.6156465
2020-08-30,-763,2ccaf21c-7683-449f-a90b-abd7c8b06bcf,36.437242499999996,-118.6156465
2020-08-31,-216,2ccaf21c-7683-449f-a90b-abd7c8b06bcf,36.437242499999996,-118.6156465
2020-09-01,-715,2ccaf21c-7683-449f-a90b-abd7c8b06bcf,36.437242499999996,-118.6156465
2020-09-02,-1019,2ccaf21c-7683-449f-a90b-abd7c8b06bcf,36.437242499999996,-118.6156465
2020-09-03,-1502,2ccaf21c-7683-449f-a90b-abd7c8b06bcf,36.437242499999996,-118.6156465
2020-09-04,-692,2ccaf21c-7683-449f-a90b-abd7c8b06bcf,36.437242499999996,-118.6156465
2020-09-05,3861,2ccaf21c-7683-449f-a90b-abd7c8b06bcf,36.437242499999996,-118.6156465
2020-09-06,-2039,2ccaf21c-7683-449f-a90b-abd7c8b06bcf,36.437242499999996,-118.6156465
2020-09-07,4883,2ccaf21c-7683-449f-a90b-abd7c8b06bcf,36.437242499999996,-118.6156465
2020-09-08,2925,2ccaf21c-7683-449f-a90b-abd7c8b06bcf,36.437242499999996,-118.6156465
2020-09-09,770,2ccaf21c-7683-449f-a90b-abd7c8b06bcf,36.437242499999996,-118.6156465
2020-09-10,1625,2ccaf21c-7683-449f-a90b-abd7c8b06bcf,36.437242499999996,-118.6156465
2020-09-11,1865,2ccaf21c-7683-449f-a90b-abd7c8b06bcf,36.437242499999996,-118.6156465
2020-09-12,2674,2ccaf21c-7683-449f-a90b-abd7c8b06bcf,36.437242499999996,-118.6156465
2020-09-13,-1731,2ccaf21c-7683-449f-a90b-abd7c8b06bcf,36.437242499999996,-118.6156465
2020-09-14,3707,2ccaf21c-7683-449f-a90b-abd7c8b06bcf,36.437242499999996,-118.6156465
2020-09-15,737,2ccaf21c-7683-449f-a90b-abd7c8b06bcf,36.437242499999996,-118.6156465
2020-09-16,4773,2ccaf21c-7683-449f-a90b-abd7c8b06bcf,36.437242499999996,-118.6156465
2020-09-17,2177,2ccaf21c-7683-449f-a90b-abd7c8b06bcf,36.437242499999996,-118.6156465
2020-09-18,2827,2ccaf21c-7683-449f-a90b-abd7c8b06bcf,36.437242499999996,-118.6156465
2020-09-19,-854,2ccaf21c-7683-449f-a90b-abd7c8b06bcf,36.437242499999996,-118.6156465
2020-09-20,1526,2ccaf21c-7683-449f-a90b-abd7c8b06bcf,36.437242499999996,-118.6156465
2020-09-21,5137,2ccaf21c-7683-449f-a90b-abd7c8b06bcf,36.437242499999996,-118.6156465
2020-09-22,-2038,2ccaf21c-7683-449f-a90b-abd7c8b06bcf,36.437242499999996,-118.6156465
2020-09-23,2901,2ccaf21c-7683-449f-a90b-abd7c8b06bcf,36.437242499999996,-118.6156465
2020-09-24,-1527,2ccaf21c-7683-449f-a90b-abd7c8b06bcf,36.437242499999996,-118.6156465
2020-09-25,-992,2ccaf21c-7683-449f-a90b-abd7c8b06bcf,36.437242499999996,-118.6156465
2020-09-26,-900,2ccaf21c-7683-449f-a90b-abd7c8b06bcf,36.437242499999996,-118.6156465
2020-09-27,-821,2ccaf21c-7683-449f-a90b-abd7c8b06bcf,36.437242499999996,-118.6156465
2020-09-28,5101,2ccaf21c-7683-449f-a90b-abd7c8b06bcf,36.437242499999996,-118.6156465
2020-09-29,-1448,2ccaf21c-7683-449f-a90b-abd7c8b06bcf,36.437242499999996,-118.6156465
2020-09-30,3509,2ccaf21c-7683-449f-a90b-abd7c8b06bcf,36.437242499999996,-118.6156465
2020-10-01,-1906,2ccaf21c-7683-449f-a90b-abd7c8b06bcf,36.437242499999996,-118.6156465
2020-10-02,183,2ccaf21c-7683-449f-a90b-abd7c8b06bcf,36.437242499999996,-118.6156465
2020-10-03,-1283,2ccaf21c-7683-449f-a90b-abd7c8b06bcf,36.437242499999996,-118.6156465
2020-10-04,2351,2ccaf21c-7683-449f-a90b-abd7c8b06bcf,36.437242499999996,-118.6156465
2020-10-05,985,2ccaf21c-7683-449f-a90b-abd7c8b06bcf,36.437242499999996,-118.6156465
2020-10-06,744,2ccaf21c-7683-449f-a90b-abd7c8b06bcf,36.437242499999996,-118.6156465
2020-10-07,5017,2ccaf21c-7683-449f-a90b-abd7c8b06bcf,36.437242499999996,-118.6156465
2020-10-08,1560,2ccaf21c-7683-449f-a90b-abd7c8b06bcf,36.437242499999996,-118.6156465
2020-10-09,4768,2ccaf21c-7683-449f-a90b-abd7c8b06bcf,36.437242499999996,-118.6156465
2020-10-10,-683,2ccaf21c-7683-449f-a90b-abd7c8b06bcf,36.437242499999996,-118.6156465
2020-10-11,-1126,2ccaf21c-7683-449f-a90b-abd7c8b06bcf,36.437242499999996,-118.6156465
2020-10-12,-1682,2ccaf21c-7683-449f-a90b-abd7c8b06bcf,36.437242499999996,-118.6156465
2020-10-13,-1307,2ccaf21c-7683-449f-a90b-abd7c8b06bcf,36.437242499999996,-118.6156465
2020-10-14,3148,2ccaf21c-7683-449f-a90b-abd7c8b06bcf,36.437242499999996,-118.6156465
2020-10-15,-938,2ccaf21c-7683-449f-a90b-abd7c8b06bcf,36.437242499999996,-118.6156465
2020-10-16,2716,2ccaf21c-7683-449f-a90b-abd7c8b06bcf,36.437242499999996,-118.6156465
2020-10-17,-1486,2ccaf21c-7683-449f-a90b-abd7c8b06bcf,36.437242499999996,-118.6156465
2020-10-18,27,2ccaf21c-7683-449f-a90b-abd7c8b06bcf,36.437242499999996,-118.6156465
2020-10-19,-1261,2ccaf21c-7683-449f-a90b-abd7c8b06bcf,36.437242499999996,-118.6156465
2020-10-20,-646,2ccaf21c-7683-449f-a90b-abd7c8b06bcf,36.437242499999996,-118.6156465
2020-10-21,839,2ccaf21c-7683-449f-a90b-abd7c8b06bcf,36.437242499999996,-118.6156465
2020-10-22,-1361,2ccaf21c-7683-449f-a90b-abd7c8b06bcf,36.437242499999996,-118.6156465
2020-10-23,1218,2ccaf21c-7683-449f-a90b-abd7c8b06bcf,36.437242499999996,-118.6156465
2020-10-24,-1247,2ccaf21c-7683-449f-a90b-abd7c8b06bcf,36.437242499999996,-118.6156465
2020-10-25,188,2ccaf21c-7683-449f-a90b-abd7c8b06bcf,36.437242499999996,-118.6156465
2020-10-26,-873,2ccaf21c-7683-449f-a90b-abd7c8b06bcf,36.437242499999996,-118.6156465
2020-10-27,-330,2ccaf21c-7683-449f-a90b-abd7c8b06bcf,36.437242499999996,-118.6156465
2020-10-28,-748,2ccaf21c-7683-449f-a90b-abd7c8b06bcf,36.437242499999996,-118.6156465
2020-10-29,-273,2ccaf21c-7683-449f-a90b-abd7c8b06bcf,36.437242499999996,-118.6156465
2020-10-30,919,2ccaf21c-7683-449f-a90b-abd7c8b06bcf,36.437242499999996,-118.6156465
2020-10-31,-873,2ccaf21c-7683-449f-a90b-abd7c8b06bcf,36.437242499999996,-118.6156465
2020-11-01,1073,2ccaf21c-7683-449f-a90b-abd7c8b06bcf,36.437242499999996,-118.6156465
2020-11-02,1244,2ccaf21c-7683-449f-a90b-abd7c8b06bcf,36.437242499999996,-118.6156465
2020-11-03,1600,2ccaf21c-7683-449f-a90b-abd7c8b06bcf,36.437242499999996,-118.6156465
2020-11-04,-439,2ccaf21c-7683-449f-a90b-abd7c8b06bcf,36.437242499999996,-118.6156465
2020-11-05,-124,2ccaf21c-7683-449f-a90b-abd7c8b06bcf,36.437242499999996,-118.6156465
2020-11-06,-514,2ccaf21c-7683-449f-a90b-abd7c8b06bcf,36.437242499999996,-118.6156465
2020-11-07,2823,2ccaf21c-7683-449f-a90b-abd7c8b06bcf,36.437242499999996,-118.6156465
2020-11-08,3517,2ccaf21c-7683-449f-a90b-abd7c8b06bcf,36.437242499999996,-118.6156465
2020-11-09,6806,2ccaf21c-7683-449f-a90b-abd7c8b06bcf,36.437242499999996,-118.6156465
2020-11-10,5724,2ccaf21c-7683-449f-a90b-abd7c8b06bcf,36.437242499999996,-118.6156465
2020-11-11,4072,2ccaf21c-7683-449f-a90b-abd7c8b06bcf,36.437242499999996,-118.6156465
2020-11-12,1405,2ccaf21c-7683-449f-a90b-abd7c8b06bcf,36.437242499999996,-118.6156465
2020-11-13,3105,2ccaf21c-7683-449f-a90b-abd7c8b06bcf,36.437242499999996,-118.6156465
2020-11-14,5633,2ccaf21c-7683-449f-a90b-abd7c8b06bcf,36.437242499999996,-118.6156465
2020-11-15,4781,2ccaf21c-7683-449f-a90b-abd7c8b06bcf,36.437242499999996,-118.6156465
2020-11-16,4197,2ccaf21c-7683-449f-a90b-abd7c8b06bcf,36.437242499999996,-118.6156465
2020-11-17,1553,2ccaf21c-7683-449f-a90b-abd7c8b06bcf,36.437242499999996,-118.6156465
2020-11-18,1790,2ccaf21c-7683-449f-a90b-abd7c8b06bcf,36.437242499999996,-118.6156465
2020-11-19,2746,2ccaf21c-7683-449f-a90b-abd7c8b06bcf,36.437242499999996,-118.6156465
2020-11-20,2906,2ccaf21c-7683-449f-a90b-abd7c8b06bcf,36.437242499999996,-118.6156465
2020-11-21,2497,2ccaf21c-7683-449f-a90b-abd7c8b06bcf,36.437242499999996,-118.6156465
2020-11-22,545,2ccaf21c-7683-449f-a90b-abd7c8b06bcf,36.437242499999996,-118.6156465
2020-11-23,3666,2ccaf21c-7683-449f-a90b-abd7c8b06bcf,36.437242499999996,-118.6156465
2020-11-24,2832,2ccaf21c-7683-449f-a90b-abd7c8b06bcf,36.437242499999996,-118.6156465
2020-11-25,2242,2ccaf21c-7683-449f-a90b-abd7c8b06bcf,36.437242499999996,-118.6156465
2020-11-26,2805,2ccaf21c-7683-449f-a90b-abd7c8b06bcf,36.437242499999996,-118.6156465
2020-11-27,1019,2ccaf21c-7683-449f-a90b-abd7c8b06bcf,36.437242499999996,-118.6156465
2020-11-28,2225,2ccaf21c-7683-449f-a90b-abd7c8b06bcf,36.437242499999996,-118.6156465
2020-11-29,754,2ccaf21c-7683-449f-a90b-abd7c8b06bcf,36.437242499999996,-118.6156465
2020-11-30,3005,2ccaf21c-7683-449f-a90b-abd7c8b06bcf,36.437242499999996,-118.6156465
2020-12-01,2610,2ccaf21c-7683-449f-a90b-abd7c8b06bcf,36.437242499999996,-118.6156465
2020-12-02,2498,2ccaf21c-7683-449f-a90b-abd7c8b06bcf,36.437242499999996,-118.6156465
2020-12-03,2764,2ccaf21c-7683-449f-a90b-abd7c8b06bcf,36.437242499999996,-118.6156465
2020-12-04,1491,2ccaf21c-7683-449f-a90b-abd7c8b06bcf,36.437242499999996,-118.6156465
2020-12-05,2289,2ccaf21c-7683-449f-a90b-abd7c8b06bcf,36.437242499999996,-118.6156465
2020-12-06,860,2ccaf21c-7683-449f-a90b-abd7c8b06bcf,36.437242499999996,-118.6156465
2020-12-07,2088,2ccaf21c-7683-449f-a90b-abd7c8b06bcf,36.437242499999996,-118.6156465
2020-12-08,660,2ccaf21c-7683-449f-a90b-abd7c8b06bcf,36.437242499999996,-118.6156465
2020-12-09,2153,2ccaf21c-7683-449f-a90b-abd7c8b06bcf,36.437242499999996,-118.6156465
2020-12-10,2904,2ccaf21c-7683-449f-a90b-abd7c8b06bcf,36.437242499999996,-118.6156465
2020-12-11,-24,2ccaf21c-7683-449f-a90b-abd7c8b06bcf,36.437242499999996,-118.6156465
2020-12-12,5614,2ccaf21c-7683-449f-a90b-abd7c8b06bcf,36.437242499999996,-118.6156465
2020-12-13,3556,2ccaf21c-7683-449f-a90b-abd7c8b06bcf,36.437242499999996,-118.6156465
2020-12-14,7566,2ccaf21c-7683-449f-a90b-abd7c8b06bcf,36.437242499999996,-118.6156465
2020-12-15,4018,2ccaf21c-7683-449f-a90b-abd7c8b06bcf,36.437242499999996,-118.6156465
2020-12-16,5321,2ccaf21c-7683-449f-a90b-abd7c8b06bcf,36.437242499999996,-118.6156465
2020-12-17,3608,2ccaf21c-7683-449f-a90b-abd7c8b06bcf,36.437242499999996,-118.6156465
2020-12-18,5659,2ccaf21c-7683-449f-a90b-abd7c8b06bcf,36.437242499999996,-118.6156465
2020-12-19,4356,2ccaf21c-7683-449f-a90b-abd7c8b06bcf,36.437242499999996,-118.6156465
2020-12-20,3147,2ccaf21c-7683-449f-a90b-abd7c8b06bcf,36.437242499999996,-118.6156465
2020-12-21,3912,2ccaf21c-7683-449f-a90b-abd7c8b06bcf,36.437242499999996,-118.6156465
2020-12-22,4178,2ccaf21c-7683-449f-a90b-abd7c8b06bcf,36.437242499999996,-118.6156465
2020-12-23,4528,2ccaf21c-7683-449f-a90b-abd7c8b06bcf,36.437242499999996,-118.6156465
2020-12-24,3169,2ccaf21c-7683-449f-a90b-abd7c8b06bcf,36.437242499999996,-118.6156465
2020-12-25,6066,2ccaf21c-7683-449f-a90b-abd7c8b06bcf,36.437242499999996,-118.6156465
2020-12-26,13,2ccaf21c-7683-449f-a90b-abd7c8b06bcf,36.437242499999996,-118.6156465
2020-12-27,3332,2ccaf21c-7683-449f-a90b-abd7c8b06bcf,36.437242499999996,-118.6156465
2020-12-28,3864,2ccaf21c-7683-449f-a90b-abd7c8b06bcf,36.437242499999996,-118.6156465
2020-12-29,5424,2ccaf21c-7683-449f-a90b-abd7c8b06bcf,36.437242499999996,-118.6156465
2020-12-30,2697,2ccaf21c-7683-449f-a90b-abd7c8b06bcf,36.437242499999996,-118.6156465
2020-12-31,3393,2ccaf21c-7683-449f-a90b-abd7c8b06bcf,36.437242499999996,-118.6156465
2021-01-01,5687,2ccaf21c-7683-449f-a90b-abd7c8b06bcf,36.437242499999996,-118.6156465
2021-01-02,1585,2ccaf21c-7683-449f-a90b-abd7c8b06bcf,36.437242499999996,-118.6156465
2021-01-03,3806,2ccaf21c-7683-449f-a90b-abd7c8b06bcf,36.437242499999996,-118.6156465
2021-01-04,2270,2ccaf21c-7683-449f-a90b-abd7c8b06bcf,36.437242499999996,-118.6156465
2021-01-05,3857,2ccaf21c-7683-449f-a90b-abd7c8b06bcf,36.437242499999996,-118.6156465
2021-01-06,2793,2ccaf21c-7683-449f-a90b-abd7c8b06bcf,36.437242499999996,-118.6156465
2021-01-07,3425,2ccaf21c-7683-449f-a90b-abd7c8b06bcf,36.437242499999996,-118.6156465
2021-01-08,5339,2ccaf21c-7683-449f-a90b-abd7c8b06bcf,36.437242499999996,-118.6156465
2021-01-09,2743,2ccaf21c-7683-449f-a90b-abd7c8b06bcf,36.437242499999996,-118.6156465
2021-01-10,5254,2ccaf21c-7683-449f-a90b-abd7c8b06bcf,36.437242499999996,-118.6156465
2021-01-11,2519,2ccaf21c-7683-449f-a90b-abd7c8b06bcf,36.437242499999996,-118.6156465
2021-01-12,4525,2ccaf21c-7683-449f-a90b-abd7c8b06bcf,36.437242499999996,-118.6156465
2021-01-13,2747,2ccaf21c-7683-449f-a90b-abd7c8b06bcf,36.437242499999996,-118.6156465
2021-01-14,2562,2ccaf21c-7683-449f-a90b-abd7c8b06bcf,36.437242499999996,-118.6156465
2021-01-15,4496,2ccaf21c-7683-449f-a90b-abd7c8b06bcf,36.437242499999996,-118.6156465
2021-01-16,2973,2ccaf21c-7683-449f-a90b-abd7c8b06bcf,36.437242499999996,-118.6156465
2021-01-17,6275,2ccaf21c-7683-449f-a90b-abd7c8b06bcf,36.437242499999996,-118.6156465
2021-01-18,2718,2ccaf21c-7683-449f-a90b-abd7c8b06bcf,36.437242499999996,-118.6156465
2021-01-19,4741,2ccaf21c-7683-449f-a90b-abd7c8b06bcf,36.437242499999996,-118.6156465
2021-01-20,2988,2ccaf21c-7683-449f-a90b-abd7c8b06bcf,36.437242499999996,-118.6156465
2021-01-21,4059,2ccaf21c-7683-449f-a90b-abd7c8b06bcf,36.437242499999996,-118.6156465
2021-01-22,403,2ccaf21c-7683-449f-a90b-abd7c8b06bcf,36.437242499999996,-118.6156465
2021-01-23,2010,2ccaf21c-7683-449f-a90b-abd7c8b06bcf,36.437242499999996,-118.6156465
2021-01-24,6820,2ccaf21c-7683-449f-a90b-abd7c8b06bcf,36.437242499999996,-118.6156465
2021-01-25,3666,2ccaf21c-7683-449f-a90b-abd7c8b06bcf,36.437242499999996,-118.6156465
2021-01-26,7288,2ccaf21c-7683-449f-a90b-abd7c8b06bcf,36.437242499999996,-118.6156465
2021-01-27,2213,2ccaf21c-7683-449f-a90b-abd7c8b06bcf,36.437242499999996,-118.6156465
2021-01-28,3392,2ccaf21c-7683-449f-a90b-abd7c8b06bcf,36.437242499999996,-118.6156465
2021-01-29,1361,2ccaf21c-7683-449f-a90b-abd7c8b06bcf,36.437242499999996,-118.6156465
2021-01-30,5881,2ccaf21c-7683-449f-a90b-abd7c8b06bcf,36.437242499999996,-118.6156465
2021-01-31,3683,2ccaf21c-7683-449f-a90b-abd7c8b06bcf,36.437242499999996,-118.6156465
2021-02-01,3934,2ccaf21c-7683-449f-a90b-abd7c8b06bcf,36.437242499999996,-118.6156465
2021-02-02,6461,2ccaf21c-7683-449f-a90b-abd7c8b06bcf,36.437242499999996,-118.6156465
2021-02-03,5924,2ccaf21c-7683-449f-a90b-abd7c8b06bcf,36.437242499999996,-118.6156465
2021-02-04,6261,2ccaf21c-7683-449f-a90b-abd7c8b06bcf,36.437242499999996,-118.6156465
2021-02-05,4783,2ccaf21c-7683-449f-a90b-abd7c8b06bcf,36.437242499999996,-118.6156465
2021-02-06,4954,2ccaf21c-7683-449f-a90b-abd7c8b06bcf,36.437242499999996,-118.6156465
2021-02-07,6727,2ccaf21c-7683-449f-a90b-abd7c8b06bcf,36.437242499999996,-118.6156465
2021-02-08,4147,2ccaf21c-7683-449f-a90b-abd7c8b06bcf,36.437242499999996,-118.6156465
2021-02-09,3524,2ccaf21c-7683-449f-a90b-abd7c8b06bcf,36.437242499999996,-118.6156465
2021-02-10,3598,2ccaf21c-7683-449f-a90b-abd7c8b06bcf,36.437242499999996,-118.6156465
2021-02-11,2663,2ccaf21c-7683-449f-a90b-abd7c8b06bcf,36.437242499999996,-118.6156465
2021-02-12,4549,2ccaf21c-7683-449f-a90b-abd7c8b06bcf,36.437242499999996,-118.6156465
2021-02-13,3415,2ccaf21c-7683-449f-a90b-abd7c8b06bcf,36.437242499999996,-118.6156465
2021-02-14,3695,2ccaf21c-7683-449f-a90b-abd7c8b06bcf,36.437242499999996,-118.6156465
2021-02-15,1488,2ccaf21c-7683-449f-a90b-abd7c8b06bcf,36.437242499999996,-118.6156465
2021-02-16,3284,2ccaf21c-7683-449f-a90b-abd7c8b06bcf,36.437242499999996,-118.6156465
2021-02-17,5016,2ccaf21c-7683-449f-a90b-abd7c8b06bcf,36.437242499999996,-118.6156465
2021-02-19,5746,2ccaf21c-7683-449f-a90b-abd7c8b06bcf,36.437242499999996,-118.6156465
2021-02-20,5100,2ccaf21c-7683-449f-a90b-abd7c8b06bcf,36.437242499999996,-118.6156465
2021-02-21,4063,2ccaf21c-7683-449f-a90b-abd7c8b06bcf,36.437242499999996,-118.6156465
2021-02-22,4435,2ccaf21c-7683-449f-a90b-abd7c8b06bcf,36.437242499999996,-118.6156465
2021-02-23,5644,2ccaf21c-7683-449f-a90b-abd7c8b06bcf,36.437242499999996,-118.6156465
2021-02-24,4799,2ccaf21c-7683-449f-a90b-abd7c8b06bcf,36.437242499999996,-118.6156465
2021-02-25,6981,2ccaf21c-7683-449f-a90b-abd7c8b06bcf,36.437242499999996,-118.6156465
2021-02-26,4313,2ccaf21c-7683-449f-a90b-abd7c8b06bcf,36.437242499999996,-118.6156465
2021-02-27,7263,2ccaf21c-7683-449f-a90b-abd7c8b06bcf,36.437242499999996,-118.6156465
2021-02-28,3453,2ccaf21c-7683-449f-a90b-abd7c8b06bcf,36.437242499999996,-118.6156465
2021-03-01,6170,2ccaf21c-7683-449f-a90b-abd7c8b06bcf,36.437242499999996,-118.6156465
2021-03-02,6118,2ccaf21c-7683-449f-a90b-abd7c8b06bcf,36.437242499999996,-118.6156465
2021-03-03,2801,2ccaf21c-7683-449f-a90b-abd7c8b06bcf,36.437242499999996,-118.6156465
2021-03-04,5196,2ccaf21c-7683-449f-a90b-abd7c8b06bcf,36.437242499999996,-118.6156465
2021-03-05,3490,2ccaf21c-7683-449f-a90b-abd7c8b06bcf,36.437242499999996,-118.6156465
2021-03-06,6413,2ccaf21c-7683-449f-a90b-abd7c8b06bcf,36.437242499999996,-118.6156465
2021-03-07,1882,2ccaf21c-7683-449f-a90b-abd7c8b06bcf,36.437242499999996,-118.6156465
2021-03-08,7182,2ccaf21c-7683-449f-a90b-abd7c8b06bcf,36.437242499999996,-118.6156465
2021-03-09,2154,2ccaf21c-7683-449f-a90b-abd7c8b06bcf,36.437242499999996,-118.6156465
2021-03-10,2786,2ccaf21c-7683-449f-a90b-abd7c8b06bcf,36.437242499999996,-118.6156465
2021-03-11,3402,2ccaf21c-7683-449f-a90b-abd7c8b06bcf,36.437242499999996,-118.6156465
2021-03-12,2196,2ccaf21c-7683-449f-a90b-abd7c8b06bcf,36.437242499999996,-118.6156465
2021-03-13,7249,2ccaf21c-7683-449f-a90b-abd7c8b06bcf,36.437242499999996,-118.6156465
2021-03-14,3111,2ccaf21c-7683-449f-a90b-abd7c8b06bcf,36.437242499999996,-118.6156465
2021-03-15,1773,2ccaf21c-7683-449f-a90b-abd7c8b06bcf,36.437242499999996,-118.6156465
2021-03-16,5367,2ccaf21c-7683-449f-a90b-abd7c8b06bcf,36.437242499999996,-118.6156465
2021-03-17,6091,2ccaf21c-7683-449f-a90b-abd7c8b06bcf,36.437242499999996,-118.6156465
2021-03-18,5512,2ccaf21c-7683-449f-a90b-abd7c8b06bcf,36.437242499999996,-118.6156465
2021-03-19,3233,2ccaf21c-7683-449f-a90b-abd7c8b06bcf,36.437242499999996,-118.6156465
2021-03-20,5274,2ccaf21c-7683-449f-a90b-abd7c8b06bcf,36.437242499999996,-118.6156465
2021-03-21,5039,2ccaf21c-7683-449f-a90b-abd7c8b06bcf,36.437242499999996,-118.6156465
2021-03-22,7029,2ccaf21c-7683-449f-a90b-abd7c8b06bcf,36.437242499999996,-118.6156465
2021-03-23,863,2ccaf21c-7683-449f-a90b-abd7c8b06bcf,36.437242499999996,-118.6156465
2021-03-24,5715,2ccaf21c-7683-449f-a90b-abd7c8b06bcf,36.437242499999996,-118.6156465
2021-03-25,1055,2ccaf21c-7683-449f-a90b-abd7c8b06bcf,36.437242499999996,-118.6156465
2021-03-26,4826,2ccaf21c-7683-449f-a90b-abd7c8b06bcf,36.437242499999996,-118.6156465
2021-03-27,6109,2ccaf21c-7683-449f-a90b-abd7c8b06bcf,36.437242499999996,-118.6156465
2021-03-28,4492,2ccaf21c-7683-449f-a90b-abd7c8b06bcf,36.437242499999996,-118.6156465
2021-03-29,7286,2ccaf21c-7683-449f-a90b-abd7c8b06bcf,36.437242499999996,-118.6156465
2021-03-30,4334,2ccaf21c-7683-449f-a90b-abd7c8b06bcf,36.437242499999996,-118.6156465
2021-03-31,7309,2ccaf21c-7683-449f-a90b-abd7c8b06bcf,36.437242499999996,-118.6156465
2021-04-01,4153,2ccaf21c-7683-449f-a90b-abd7c8b06bcf,36.437242499999996,-118.6156465
2021-04-02,6134,2ccaf21c-7683-449f-a90b-abd7c8b06bcf,36.437242499999996,-118.6156465
2021-04-03,6425,2ccaf21c-7683-449f-a90b-abd7c8b06bcf,36.437242499999996,-118.6156465
2021-04-04,4012,2ccaf21c-7683-449f-a90b-abd7c8b06bcf,36.437242499999996,-118.6156465
2021-04-05,3025,2ccaf21c-7683-449f-a90b-abd7c8b06bcf,36.437242499999996,-118.6156465
2021-04-06,2565,2ccaf21c-7683-449f-a90b-abd7c8b06bcf,36.437242499999996,-118.6156465
2021-04-07,6773,2ccaf21c-7683-449f-a90b-abd7c8b06bcf,36.437242499999996,-118.6156465
2021-04-08,5972,2ccaf21c-7683-449f-a90b-abd7c8b06bcf,36.437242499999996,-118.6156465
2021-04-09,4976,2ccaf21c-7683-449f-a90b-abd7c8b06bcf,36.437242499999996,-118.6156465
2021-04-10,3580,2ccaf21c-7683-449f-a90b-abd7c8b06bcf,36.437242499999996,-118.6156465
2021-04-11,3813,2ccaf21c-7683-449f-a90b-abd7c8b06bcf,36.437242499999996,-118.6156465
2021-04-12,3686,2ccaf21c-7683-449f-a90b-abd7c8b06bcf,36.437242499999996,-118.6156465
2021-04-13,1384,2ccaf21c-7683-449f-a90b-abd7c8b06bcf,36.437242499999996,-118.6156465
2021-04-14,4965,2ccaf21c-7683-449f-a90b-abd7c8b06bcf,36.437242499999996,-118.6156465
2021-04-15,929,2ccaf21c-7683-449f-a90b-abd7c8b06bcf,36.437242499999996,-118.6156465
2021-04-16,5013,2ccaf21c-7683-449f-a90b-abd7c8b06bcf,36.437242499999996,-118.6156465
2021-04-17,508,2ccaf21c-7683-449f-a90b-abd7c8b06bcf,36.437242499999996,-118.6156465
2021-04-18,4065,2ccaf21c-7683-449f-a90b-abd7c8b06bcf,36.437242499999996,-118.6156465
2021-04-19,5198,2ccaf21c-7683-449f-a90b-abd7c8b06bcf,36.437242499999996,-118.6156465
2021-04-20,2089,2ccaf21c-7683-449f-a90b-abd7c8b06bcf,36.437242499999996,-118.6156465
2021-04-21,4799,2ccaf21c-7683-449f-a90b-abd7c8b06bcf,36.437242499999996,-118.6156465
2021-04-22,986,2ccaf21c-7683-449f-a90b-abd7c8b06bcf,36.437242499999996,-118.6156465
2021-04-23,4967,2ccaf21c-7683-449f-a90b-abd7c8b06bcf,36.437242499999996,-118.6156465
2021-04-24,-398,2ccaf21c-7683-449f-a90b-abd7c8b06bcf,36.437242499999996,-118.6156465
2021-04-25,6507,2ccaf21c-7683-449f-a90b-abd7c8b06bcf,36.437242499999996,-118.6156465
2021-04-26,2607,2ccaf21c-7683-449f-a90b-abd7c8b06bcf,36.437242499999996,-118.6156465
2021-04-27,1183,2ccaf21c-7683-449f-a90b-abd7c8b06bcf,36.437242499999996,-118.6156465
2021-04-28,6059,2ccaf21c-7683-449f-a90b-abd7c8b06bcf,36.437242499999996,-118.6156465
2021-04-29,820,2ccaf21c-7683-449f-a90b-abd7c8b06bcf,36.437242499999996,-118.6156465
2021-04-30,3533,2ccaf21c-7683-449f-a90b-abd7c8b06bcf,36.437242499999996,-118.6156465
2021-05-01,-117,2ccaf21c-7683-449f-a90b-abd7c8b06bcf,36.437242499999996,-118.6156465
2021-05-02,1237,2ccaf21c-7683-449f-a90b-abd7c8b06bcf,36.437242499999996,-118.6156465
2021-05-03,1513,2ccaf21c-7683-449f-a90b-abd7c8b06bcf,36.437242499999996,-118.6156465
2021-05-04,-29,2ccaf21c-7683-449f-a90b-abd7c8b06bcf,36.437242499999996,-118.6156465
2021-05-05,660,2ccaf21c-7683-449f-a90b-abd7c8b06bcf,36.437242499999996,-118.6156465
2021-05-06,-1025,2ccaf21c-7683-449f-a90b-abd7c8b06bcf,36.437242499999996,-118.6156465
2021-05-07,-156,2ccaf21c-7683-449f-a90b-abd7c8b06bcf,36.437242499999996,-118.6156465
2021-05-08,-1366,2ccaf21c-7683-449f-a90b-abd7c8b06bcf,36.437242499999996,-118.6156465
2021-05-09,-846,2ccaf21c-7683-449f-a90b-abd7c8b06bcf,36.437242499999996,-118.6156465
2021-05-10,-310,2ccaf21c-7683-449f-a90b-abd7c8b06bcf,36.437242499999996,-118.6156465
2021-05-11,-2632,2ccaf21c-7683-449f-a90b-abd7c8b06bcf,36.437242499999996,-118.6156465
2021-05-12,-580,2ccaf21c-7683-449f-a90b-abd7c8b06bcf,36.437242499999996,-118.6156465
2021-05-13,-2654,2ccaf21c-7683-449f-a90b-abd7c8b06bcf,36.437242499999996,-118.6156465
2021-05-14,-1580,2ccaf21c-7683-449f-a90b-abd7c8b06bcf,36.437242499999996,-118.6156465
2021-05-15,-2112,2ccaf21c-7683-449f-a90b-abd7c8b06bcf,36.437242499999996,-118.6156465
2021-05-16,4981,2ccaf21c-7683-449f-a90b-abd7c8b06bcf,36.437242499999996,-118.6156465
2021-05-17,-1317,2ccaf21c-7683-449f-a90b-abd7c8b06bcf,36.437242499999996,-118.6156465
2021-05-18,-3112,2ccaf21c-7683-449f-a90b-abd7c8b06bcf,36.437242499999996,-118.6156465
2021-05-19,-840,2ccaf21c-7683-449f-a90b-abd7c8b06bcf,36.437242499999996,-118.6156465
2021-05-20,-3085,2ccaf21c-7683-449f-a90b-abd7c8b06bcf,36.437242499999996,-118.6156465
2021-05-21,5307,2ccaf21c-7683-449f-a90b-abd7c8b06bcf,36.437242499999996,-118.6156465
2021-05-22,-470,2ccaf21c-7683-449f-a90b-abd7c8b06bcf,36.437242499999996,-118.6156465
2021-05-23,998,2ccaf21c-7683-449f-a90b-abd7c8b06bcf,36.437242499999996,-118.6156465
2021-05-24,-1631,2ccaf21c-7683-449f-a90b-abd7c8b06bcf,36.437242499999996,-118.6156465
2021-05-25,-2888,2ccaf21c-7683-449f-a90b-abd7c8b06bcf,36.437242499999996,-118.6156465
2021-05-26,-786,2ccaf21c-7683-449f-a90b-abd7c8b06bcf,36.437242499999996,-118.6156465
2021-05-27,-3427,2ccaf21c-7683-449f-a90b-abd7c8b06bcf,36.437242499999996,-118.6156465
2021-05-28,-1066,2ccaf21c-7683-449f-a90b-abd7c8b06bcf,36.437242499999996,-118.6156465
2021-05-29,2436,2ccaf21c-7683-449f-a90b-abd7c8b06bcf,36.437242499999996,-118.6156465
2021-05-30,-1849,2ccaf21c-7683-449f-a90b-abd7c8b06bcf,36.437242499999996,-118.6156465
2021-05-31,-2166,2ccaf21c-7683-449f-a90b-abd7c8b06bcf,36.437242499999996,-118.6156465
2021-06-01,-2427,2ccaf21c-7683-449f-a90b-abd7c8b06bcf,36.437242499999996,-118.6156465
2021-06-02,-2065,2ccaf21c-7683-449f-a90b-abd7c8b06bcf,36.437242499999996,-118.6156465
2021-06-03,5625,2ccaf21c-7683-449f-a90b-abd7c8b06bcf,36.437242499999996,-118.6156465
2021-06-04,-1008,2ccaf21c-7683-449f-a90b-abd7c8b06bcf,36.437242499999996,-118.6156465
2021-06-05,-3305,2ccaf21c-7683-449f-a90b-abd7c8b06bcf,36.437242499999996,-118.6156465
2021-06-06,-1928,2ccaf21c-7683-449f-a90b-abd7c8b06bcf,36.437242499999996,-118.6156465
2021-06-07,2541,2ccaf21c-7683-449f-a90b-abd7c8b06bcf,36.437242499999996,-118.6156465
2021-06-08,-2395,2ccaf21c-7683-449f-a90b-abd7c8b06bcf,36.437242499999996,-118.6156465
2021-06-09,-2248,2ccaf21c-7683-449f-a90b-abd7c8b06bcf,36.437242499999996,-118.6156465
2021-06-10,-2838,2ccaf21c-7683-449f-a90b-abd7c8b06bcf,36.437242499999996,-118.6156465
2021-06-11,-820,2ccaf21c-7683-449f-a90b-abd7c8b06bcf,36.437242499999996,-118.6156465
2021-06-12,-3343,2ccaf21c-7683-449f-a90b-abd7c8b06bcf,36.437242499999996,-118.6156465
2021-06-13,-924,2ccaf21c-7683-449f-a90b-abd7c8b06bcf,36.437242499999996,-118.6156465
2021-06-14,-3157,2ccaf21c-7683-449f-a90b-abd7c8b06bcf,36.437242499999996,-118.6156465
2021-06-15,-1649,2ccaf21c-7683-449f-a90b-abd7c8b06bcf,36.437242499999996,-118.6156465
2021-06-16,-322,2ccaf21c-7683-449f-a90b-abd7c8b06bcf,36.437242499999996,-118.6156465
2021-06-17,1845,2ccaf21c-7683-449f-a90b-abd7c8b06bcf,36.437242499999996,-118.6156465
2021-06-18,-672,2ccaf21c-7683-449f-a90b-abd7c8b06bcf,36.437242499999996,-118.6156465
2021-06-19,-681,2ccaf21c-7683-449f-a90b-abd7c8b06bcf,36.437242499999996,-118.6156465
2021-06-20,-560,2ccaf21c-7683-449f-a90b-abd7c8b06bcf,36.437242499999996,-118.6156465
2021-06-21,-3390,2ccaf21c-7683-449f-a90b-abd7c8b06bcf,36.437242499999996,-118.6156465
2021-06-22,-2110,2ccaf21c-7683-449f-a90b-abd7c8b06bcf,36.437242499999996,-118.6156465
2021-06-23,-2271,2ccaf21c-7683-449f-a90b-abd7c8b06bcf,36.437242499999996,-118.6156465
2021-06-24,-2401,2ccaf21c-7683-449f-a90b-abd7c8b06bcf,36.437242499999996,-118.6156465
2021-06-25,-2197,2ccaf21c-7683-449f-a90b-abd7c8b06bcf,36.437242499999996,-118.6156465
2021-06-26,-2916,2ccaf21c-7683-449f-a90b-abd7c8b06bcf,36.437242499999996,-118.6156465
2021-06-27,-732,2ccaf21c-7683-449f-a90b-abd7c8b06bcf,36.437242499999996,-118.6156465
2021-06-28,-66,2ccaf21c-7683-449f-a90b-abd7c8b06bcf,36.437242499999996,-118.6156465
2021-06-29,4376,2ccaf21c-7683-449f-a90b-abd7c8b06bcf,36.437242499999996,-118.6156465
2021-06-30,609,2ccaf21c-7683-449f-a90b-abd7c8b06bcf,36.437242499999996,-118.6156465
2021-07-01,-2160,2ccaf21c-7683-449f-a90b-abd7c8b06bcf,36.437242499999996,-118.6156465
2021-07-02,-2592,2ccaf21c-7683-449f-a90b-abd7c8b06bcf,36.437242499999996,-118.6156465
2021-07-03,-2703,2ccaf21c-7683-449f-a90b-abd7c8b06bcf,36.437242499999996,-118.6156465
2021-07-04,-2058,2ccaf21c-7683-449f-a90b-abd7c8b06bcf,36.437242499999996,-118.6156465
2021-07-05,-2973,2ccaf21c-7683-449f-a90b-abd7c8b06bcf,36.437242499999996,-118.6156465
2021-07-06,-875,2ccaf21c-7683-449f-a90b-abd7c8b06bcf,36.437242499999996,-118.6156465
2021-07-07,-1251,2ccaf21c-7683-449f-a90b-abd7c8b06bcf,36.437242499999996,-118.6156465
2021-07-08,-997,2ccaf21c-7683-449f-a90b-abd7c8b06bcf,36.437242499999996,-118.6156465
2021-07-09,-2332,2ccaf21c-7683-449f-a90b-abd7c8b06bcf,36.437242499999996,-118.6156465
2021-07-10,-1579,2ccaf21c-7683-449f-a90b-abd7c8b06bcf,36.437242499999996,-118.6156465
2021-07-11,736,2ccaf21c-7683-449f-a90b-abd7c8b06bcf,36.437242499999996,-118.6156465
2021-07-12,-2363,2ccaf21c-7683-449f-a90b-abd7c8b06bcf,36.437242499999996,-118.6156465
2021-07-13,352,2ccaf21c-7683-449f-a90b-abd7c8b06bcf,36.437242499999996,-118.6156465
2021-07-14,-3396,2ccaf21c-7683-449f-a90b-abd7c8b06bcf,36.437242499999996,-118.6156465
2021-07-15,-258,2ccaf21c-7683-449f-a90b-abd7c8b06bcf,36.437242499999996,-118.6156465
2021-07-16,-2907,2ccaf21c-7683-449f-a90b-abd7c8b06bcf,36.437242499999996,-118.6156465
2021-07-17,-930,2ccaf21c-7683-449f-a90b-abd7c8b06bcf,36.437242499999996,-118.6156465
2021-07-18,998,2ccaf21c-7683-449f-a90b-abd7c8b06bcf,36.437242499999996,-118.6156465
2021-07-19,-439,2ccaf21c-7683-449f-a90b-abd7c8b06bcf,36.437242499999996,-118.6156465
2021-07-20,-878,2ccaf21c-7683-449f-a90b-abd7c8b06bcf,36.437242499999996,-118.6156465
2021-07-21,-1698,2ccaf21c-7683-449f-a90b-abd7c8b06bcf,36.437242499999996,-118.6156465
2021-07-22,-143,2ccaf21c-7683-449f-a90b-abd7c8b06bcf,36.437242499999996,-118.6156465
2021-07-23,-3047,2ccaf21c-7683-449f-a90b-abd7c8b06bcf,36.437242499999996,-118.6156465
2021-07-24,-18,2ccaf21c-7683-449f-a90b-abd7c8b06bcf,36.437242499999996,-118.6156465
2021-07-25,-283,2ccaf21c-7683-449f-a90b-abd7c8b06bcf,36.437242499999996,-118.6156465
2021-07-26,1777,2ccaf21c-7683-449f-a90b-abd7c8b06bcf,36.437242499999996,-118.6156465
2021-07-27,-2494,2ccaf21c-7683-449f-a90b-abd7c8b06bcf,36.437242499999996,-118.6156465
2021-07-28,-1705,2ccaf21c-7683-449f-a90b-abd7c8b06bcf,36.437242499999996,-118.6156465
2021-07-29,1076,2ccaf21c-7683-449f-a90b-abd7c8b06bcf,36.437242499999996,-118.6156465
2021-07-30,1567,2ccaf21c-7683-449f-a90b-abd7c8b06bcf,36.437242499999996,-118.6156465
2021-07-31,1677,2ccaf21c-7683-449f-a90b-abd7c8b06bcf,36.437242499999996,-118.6156465
2021-08-01,-1269,2ccaf21c-7683-449f-a90b-abd7c8b06bcf,36.437242499999996,-118.6156465
2021-08-02,-1885,2ccaf21c-7683-449f-a90b-abd7c8b06bcf,36.437242499999996,-118.6156465
2021-08-03,-2252,2ccaf21c-7683-449f-a90b-abd7c8b06bcf,36.437242499999996,-118.6156465
2021-08-04,114,2ccaf21c-7683-449f-a90b-abd7c8b06bcf,36.437242499999996,-118.6156465
2021-08-05,-1904,2ccaf21c-7683-449f-a90b-abd7c8b06bcf,36.437242499999996,-118.6156465
2021-08-06,-3228,2ccaf21c-7683-449f-a90b-abd7c8b06bcf,36.437242499999996,-118.6156465
2021-08-07,-873,2ccaf21c-7683-449f-a90b-abd7c8b06bcf,36.437242499999996,-118.6156465
2021-08-08,-3216,2ccaf21c-7683-449f-a90b-abd7c8b06bcf,36.437242499999996,-118.6156465
2021-08-09,-350,2ccaf21c-7683-449f-a90b-abd7c8b06bcf,36.437242499999996,-118.6156465
2021-08-10,-2672,2ccaf21c-7683-449f-a90b-abd7c8b06bcf,36.437242499999996,-118.6156465
2021-08-11,-1918,2ccaf21c-7683-449f-a90b-abd7c8b06bcf,36.437242499999996,-118.6156465
2021-08-12,-1068,2ccaf21c-7683-449f-a90b-abd7c8b06bcf,36.437242499999996,-118.6156465
2021-08-13,-1950,2ccaf21c-7683-449f-a90b-abd7c8b06bcf,36.437242499999996,-118.6156465
2021-08-14,-518,2ccaf21c-7683-449f-a90b-abd7c8b06bcf,36.437242499999996,-118.6156465
2021-08-15,-813,2ccaf21c-7683-449f-a90b-abd7c8b06bcf,36.437242499999996,-118.6156465
2021-08-16,1654,2ccaf21c-7683-449f-a90b-abd7c8b06bcf,36.437242499999996,-118.6156465
2021-08-17,-2710,2ccaf21c-7683-449f-a90b-abd7c8b06bcf,36.437242499999996,-118.6156465
2021-08-18,-1602,2ccaf21c-7683-449f-a90b-abd7c8b06bcf,36.437242499999996,-118.6156465
2021-08-19,-1472,2ccaf21c-7683-449f-a90b-abd7c8b06bcf,36.437242499999996,-118.6156465
2021-08-20,-1046,2ccaf21c-7683-449f-a90b-abd7c8b06bcf,36.437242499999996,-118.6156465
2021-08-21,-1454,2ccaf21c-7683-449f-a90b-abd7c8b06bcf,36.437242499999996,-118.6156465
2021-08-22,-1280,2ccaf21c-7683-449f-a90b-abd7c8b06bcf,36.437242499999996,-118.6156465
2021-08-23,2739,2ccaf21c-7683-449f-a90b-abd7c8b06bcf,36.437242499999996,-118.6156465
2021-08-24,-2945,2ccaf21c-7683-449f-a90b-abd7c8b06bcf,36.437242499999996,-118.6156465
2021-08-25,-1166,2ccaf21c-7683-449f-a90b-abd7c8b06bcf,36.437242499999996,-118.6156465
2021-08-26,-2541,2ccaf21c-7683-449f-a90b-abd7c8b06bcf,36.437242499999996,-118.6156465
2021-08-27,443,2ccaf21c-7683-449f-a90b-abd7c8b06bcf,36.437242499999996,-118.6156465
2021-08-28,1712,2ccaf21c-7683-449f-a90b-abd7c8b06bcf,36.437242499999996,-118.6156465
2021-08-29,-2114,2ccaf21c-7683-449f-a90b-abd7c8b06bcf,36.437242499999996,-118.6156465
2021-08-30,-374,2ccaf21c-7683-449f-a90b-abd7c8b06bcf,36.437242499999996,-118.6156465
2021-08-31,-2731,2ccaf21c-7683-449f-a90b-abd7c8b06bcf,36.437242499999996,-118.6156465
2021-09-01,-761,2ccaf21c-7683-449f-a90b-abd7c8b06bcf,36.437242499999996,-118.6156465
2021-09-02,-2178,2ccaf21c-7683-449f-a90b-abd7c8b06bcf,36.437242499999996,-118.6156465
2021-09-03,-920,2ccaf21c-7683-449f-a90b-abd7c8b06bcf,36.437242499999996,-118.6156465
2021-09-04,-1956,2ccaf21c-7683-449f-a90b-abd7c8b06bcf,36.437242499999996,-118.6156465
2021-09-05,-2321,2ccaf21c-7683-449f-a90b-abd7c8b06bcf,36.437242499999996,-118.6156465
2021-09-06,-1595,2ccaf21c-7683-449f-a90b-abd7c8b06bcf,36.437242499999996,-118.6156465
2021-09-07,-2568,2ccaf21c-7683-449f-a90b-abd7c8b06bcf,36.437242499999996,-118.6156465
2021-09-08,-774,2ccaf21c-7683-449f-a90b-abd7c8b06bcf,36.437242499999996,-118.6156465
2021-09-09,-1691,2ccaf21c-7683-449f-a90b-abd7c8b06bcf,36.437242499999996,-118.6156465
2021-09-10,840,2ccaf21c-7683-449f-a90b-abd7c8b06bcf,36.437242499999996,-118.6156465
2021-09-11,-2075,2ccaf21c-7683-449f-a90b-abd7c8b06bcf,36.437242499999996,-118.6156465
2021-09-12,1828,2ccaf21c-7683-449f-a90b-abd7c8b06bcf,36.437242499999996,-118.6156465
2021-09-13,-464,2ccaf21c-7683-449f-a90b-abd7c8b06bcf,36.437242499999996,-118.6156465
2021-09-14,2837,2ccaf21c-7683-449f-a90b-abd7c8b06bcf,36.437242499999996,-118.6156465
2021-09-15,4100,2ccaf21c-7683-449f-a90b-abd7c8b06bcf,36.437242499999996,-118.6156465
2021-09-16,2564,2ccaf21c-7683-449f-a90b-abd7c8b06bcf,36.437242499999996,-118.6156465
2021-09-17,4074,2ccaf21c-7683-449f-a90b-abd7c8b06bcf,36.437242499999996,-118.6156465
2021-09-18,-1990,2ccaf21c-7683-449f-a90b-abd7c8b06bcf,36.437242499999996,-118.6156465
2021-09-19,4401,2ccaf21c-7683-449f-a90b-abd7c8b06bcf,36.437242499999996,-118.6156465
2021-09-20,-1245,2ccaf21c-7683-449f-a90b-abd7c8b06bcf,36.437242499999996,-118.6156465
2021-09-21,3833,2ccaf21c-7683-449f-a90b-abd7c8b06bcf,36.437242499999996,-118.6156465
2021-09-23,1902,2ccaf21c-7683-449f-a90b-abd7c8b06bcf,36.437242499999996,-118.6156465
2021-09-24,4957,2ccaf21c-7683-449f-a90b-abd7c8b06bcf,36.437242499999996,-118.6156465
2021-09-25,1891,2ccaf21c-7683-449f-a90b-abd7c8b06bcf,36.437242499999996,-118.6156465
2021-09-26,3386,2ccaf21c-7683-449f-a90b-abd7c8b06bcf,36.437242499999996,-118.6156465
2021-09-27,3094,2ccaf21c-7683-449f-a90b-abd7c8b06bcf,36.437242499999996,-118.6156465
2021-09-28,1456,2ccaf21c-7683-449f-a90b-abd7c8b06bcf,36.437242499999996,-118.6156465
2021-09-29,-311,2ccaf21c-7683-449f-a90b-abd7c8b06bcf,36.437242499999996,-118.6156465
2021-09-30,1623,2ccaf21c-7683-449f-a90b-abd7c8b06bcf,36.437242499999996,-118.6156465
2021-10-01,4158,2ccaf21c-7683-449f-a90b-abd7c8b06bcf,36.437242499999996,-118.6156465
2021-10-02,3688,2ccaf21c-7683-449f-a90b-abd7c8b06bcf,36.437242499999996,-118.6156465
2021-10-03,4045,2ccaf21c-7683-449f-a90b-abd7c8b06bcf,36.437242499999996,-118.6156465
2021-10-04,268,2ccaf21c-7683-449f-a90b-abd7c8b06bcf,36.437242499999996,-118.6156465
2021-10-05,490,2ccaf21c-7683-449f-a90b-abd7c8b06bcf,36.437242499999996,-118.6156465
2021-10-06,3050,2ccaf21c-7683-449f-a90b-abd7c8b06bcf,36.437242499999996,-118.6156465
2021-10-07,2059,2ccaf21c-7683-449f-a90b-abd7c8b06bcf,36.437242499999996,-118.6156465
2021-10-08,3395,2ccaf21c-7683-449f-a90b-abd7c8b06bcf,36.437242499999996,-118.6156465
2021-10-09,2358,2ccaf21c-7683-449f-a90b-abd7c8b06bcf,36.437242499999996,-118.6156465
2021-10-10,1637,2ccaf21c-7683-449f-a90b-abd7c8b06bcf,36.437242499999996,-118.6156465
2021-10-11,2443,2ccaf21c-7683-449f-a90b-abd7c8b06bcf,36.437242499999996,-118.6156465
2021-10-12,1920,2ccaf21c-7683-449f-a90b-abd7c8b06bcf,36.437242499999996,-118.6156465
2021-10-13,-507,2ccaf21c-7683-449f-a90b-abd7c8b06bcf,36.437242499999996,-118.6156465
2021-10-14,-336,2ccaf21c-7683-449f-a90b-abd7c8b06bcf,36.437242499999996,-118.6156465
2021-10-15,-1566,2ccaf21c-7683-449f-a90b-abd7c8b06bcf,36.437242499999996,-118.6156465
2021-10-16,-782,2ccaf21c-7683-449f-a90b-abd7c8b06bcf,36.437242499999996,-118.6156465
2021-10-17,446,2ccaf21c-7683-449f-a90b-abd7c8b06bcf,36.437242499999996,-118.6156465
2021-10-18,5408,2ccaf21c-7683-449f-a90b-abd7c8b06bcf,36.437242499999996,-118.6156465
2021-10-19,3361,2ccaf21c-7683-449f-a90b-abd7c8b06bcf,36.437242499999996,-118.6156465
2021-10-20,1088,2ccaf21c-7683-449f-a90b-abd7c8b06bcf,36.437242499999996,-118.6156465
2021-10-21,1644,2ccaf21c-7683-449f-a90b-abd7c8b06bcf,36.437242499999996,-118.6156465
2021-10-22,-855,2ccaf21c-7683-449f-a90b-abd7c8b06bcf,36.437242499999996,-118.6156465
2021-10-23,-311,2ccaf21c-7683-449f-a90b-abd7c8b06bcf,36.437242499999996,-118.6156465
2021-10-24,2962,2ccaf21c-7683-449f-a90b-abd7c8b06bcf,36.437242499999996,-118.6156465
2021-10-25,5320,2ccaf21c-7683-449f-a90b-abd7c8b06bcf,36.437242499999996,-118.6156465
2021-10-26,6894,2ccaf21c-7683-449f-a90b-abd7c8b06bcf,36.437242499999996,-118.6156465
2021-10-27,5474,2ccaf21c-7683-449f-a90b-abd7c8b06bcf,36.437242499999996,-118.6156465
2021-10-28,3276,2ccaf21c-7683-449f-a90b-abd7c8b06bcf,36.437242499999996,-118.6156465
2021-10-29,1406,2ccaf21c-7683-449f-a90b-abd7c8b06bcf,36.437242499999996,-118.6156465
2021-10-30,1674,2ccaf21c-7683-449f-a90b-abd7c8b06bcf,36.437242499999996,-118.6156465
2021-10-31,651,2ccaf21c-7683-449f-a90b-abd7c8b06bcf,36.437242499999996,-118.6156465
2021-11-01,20,2ccaf21c-7683-449f-a90b-abd7c8b06bcf,36.437242499999996,-118.6156465
2021-11-02,1918,2ccaf21c-7683-449f-a90b-abd7c8b06bcf,36.437242499999996,-118.6156465
2021-11-03,92,2ccaf21c-7683-449f-a90b-abd7c8b06bcf,36.437242499999996,-118.6156465
2021-11-04,1271,2ccaf21c-7683-449f-a90b-abd7c8b06bcf,36.437242499999996,-118.6156465
2021-11-05,59,2ccaf21c-7683-449f-a90b-abd7c8b06bcf,36.437242499999996,-118.6156465
2021-11-06,380,2ccaf21c-7683-449f-a90b-abd7c8b06bcf,36.437242499999996,-118.6156465
2021-11-07,-117,2ccaf21c-7683-449f-a90b-abd7c8b06bcf,36.437242499999996,-118.6156465
2021-11-08,447,2ccaf21c-7683-449f-a90b-abd7c8b06bcf,36.437242499999996,-118.6156465
2021-11-09,2040,2ccaf21c-7683-449f-a90b-abd7c8b06bcf,36.437242499999996,-118.6156465
2021-11-10,3794,2ccaf21c-7683-449f-a90b-abd7c8b06bcf,36.437242499999996,-118.6156465
2021-11-11,1511,2ccaf21c-7683-449f-a90b-abd7c8b06bcf,36.437242499999996,-118.6156465
2021-11-12,1405,2ccaf21c-7683-449f-a90b-abd7c8b06bcf,36.437242499999996,-118.6156465
2021-11-13,1173,2ccaf21c-7683-449f-a90b-abd7c8b06bcf,36.437242499999996,-118.6156465
2021-11-14,103,2ccaf21c-7683-449f-a90b-abd7c8b06bcf,36.437242499999996,-118.6156465
2021-11-15,938,2ccaf21c-7683-449f-a90b-abd7c8b06bcf,36.437242499999996,-118.6156465
2021-11-16,-463,2ccaf21c-7683-449f-a90b-abd7c8b06bcf,36.437242499999996,-118.6156465
2021-11-17,695,2ccaf21c-7683-449f-a90b-abd7c8b06bcf,36.437242499999996,-118.6156465
2021-11-18,728,2ccaf21c-7683-449f-a90b-abd7c8b06bcf,36.437242499999996,-118.6156465
2021-11-19,1388,2ccaf21c-7683-449f-a90b-abd7c8b06bcf,36.437242499999996,-118.6156465
2021-11-20,1344,2ccaf21c-7683-449f-a90b-abd7c8b06bcf,36.437242499999996,-118.6156465
2021-11-21,427,2ccaf21c-7683-449f-a90b-abd7c8b06bcf,36.437242499999996,-118.6156465
2021-11-22,1416,2ccaf21c-7683-449f-a90b-abd7c8b06bcf,36.437242499999996,-118.6156465
2021-11-23,632,2ccaf21c-7683-449f-a90b-abd7c8b06bcf,36.437242499999996,-118.6156465
2021-11-24,557,2ccaf21c-7683-449f-a90b-abd7c8b06bcf,36.437242499999996,-118.6156465
2021-11-25,638,2ccaf21c-7683-449f-a90b-abd7c8b06bcf,36.437242499999996,-118.6156465
2021-11-26,1280,2ccaf21c-7683-449f-a90b-abd7c8b06bcf,36.437242499999996,-118.6156465
2021-11-27,1638,2ccaf21c-7683-449f-a90b-abd7c8b06bcf,36.437242499999996,-118.6156465
2021-11-28,868,2ccaf21c-7683-449f-a90b-abd7c8b06bcf,36.437242499999996,-118.6156465
2021-11-29,1674,2ccaf21c-7683-449f-a90b-abd7c8b06bcf,36.437242499999996,-118.6156465
2021-11-30,527,2ccaf21c-7683-449f-a90b-abd7c8b06bcf,36.437242499999996,-118.6156465
2021-12-01,1243,2ccaf21c-7683-449f-a90b-abd7c8b06bcf,36.437242499999996,-118.6156465
2021-12-02,377,2ccaf21c-7683-449f-a90b-abd7c8b06bcf,36.437242499999996,-118.6156465
2021-12-03,838,2ccaf21c-7683-449f-a90b-abd7c8b06bcf,36.437242499999996,-118.6156465
2021-12-04,1847,2ccaf21c-7683-449f-a90b-abd7c8b06bcf,36.437242499999996,-118.6156465
2021-12-05,528,2ccaf21c-7683-449f-a90b-abd7c8b06bcf,36.437242499999996,-118.6156465
2021-12-06,711,2ccaf21c-7683-449f-a90b-abd7c8b06bcf,36.437242499999996,-118.6156465
2021-12-07,-916,2ccaf21c-7683-449f-a90b-abd7c8b06bcf,36.437242499999996,-118.6156465
2021-12-08,2704,2ccaf21c-7683-449f-a90b-abd7c8b06bcf,36.437242499999996,-118.6156465
2021-12-09,3976,2ccaf21c-7683-449f-a90b-abd7c8b06bcf,36.437242499999996,-118.6156465
2021-12-10,6518,2ccaf21c-7683-449f-a90b-abd7c8b06bcf,36.437242499999996,-118.6156465
2021-12-11,2758,2ccaf21c-7683-449f-a90b-abd7c8b06bcf,36.437242499999996,-118.6156465
2021-12-12,4003,2ccaf21c-7683-449f-a90b-abd7c8b06bcf,36.437242499999996,-118.6156465
2021-12-13,3627,2ccaf21c-7683-449f-a90b-abd7c8b06bcf,36.437242499999996,-118.6156465
2021-12-14,5135,2ccaf21c-7683-449f-a90b-abd7c8b06bcf,36.437242499999996,-118.6156465
2021-12-15,5229,2ccaf21c-7683-449f-a90b-abd7c8b06bcf,36.437242499999996,-118.6156465
2021-12-16,5031,2ccaf21c-7683-449f-a90b-abd7c8b06bcf,36.437242499999996,-118.6156465
2021-12-17,6772,2ccaf21c-7683-449f-a90b-abd7c8b06bcf,36.437242499999996,-118.6156465
2021-12-18,5943,2ccaf21c-7683-449f-a90b-abd7c8b06bcf,36.437242499999996,-118.6156465
2021-12-19,5799,2ccaf21c-7683-449f-a90b-abd7c8b06bcf,36.437242499999996,-118.6156465
2021-12-20,2067,2ccaf21c-7683-449f-a90b-abd7c8b06bcf,36.437242499999996,-118.6156465
2021-12-21,6473,2ccaf21c-7683-449f-a90b-abd7c8b06bcf,36.437242499999996,-118.6156465
2021-12-22,576,2ccaf21c-7683-449f-a90b-abd7c8b06bcf,36.437242499999996,-118.6156465
2021-12-23,5202,2ccaf21c-7683-449f-a90b-abd7c8b06bcf,36.437242499999996,-118.6156465
2021-12-24,2724,2ccaf21c-7683-449f-a90b-abd7c8b06bcf,36.437242499999996,-118.6156465
2021-12-25,6988,2ccaf21c-7683-449f-a90b-abd7c8b06bcf,36.437242499999996,-118.6156465
2021-12-26,7121,2ccaf21c-7683-449f-a90b-abd7c8b06bcf,36.437242499999996,-118.6156465
2021-12-27,1582,2ccaf21c-7683-449f-a90b-abd7c8b06bcf,36.437242499999996,-118.6156465
2021-12-28,4709,2ccaf21c-7683-449f-a90b-abd7c8b06bcf,36.437242499999996,-118.6156465
2021-12-29,2011,2ccaf21c-7683-449f-a90b-abd7c8b06bcf,36.437242499999996,-118.6156465
2021-12-30,6937,2ccaf21c-7683-449f-a90b-abd7c8b06bcf,36.437242499999996,-118.6156465
