date,mod10a1_ndsi,cell_id,latitude,longitude
2020-01-01,2362,f4abc8d8-5b2c-412c-8743-488d6262bc75,37.5421925,-119.1546365
2020-01-02,1645,f4abc8d8-5b2c-412c-8743-488d6262bc75,37.5421925,-119.1546365
2020-01-03,-306,f4abc8d8-5b2c-412c-8743-488d6262bc75,37.5421925,-119.1546365
2020-01-04,51,f4abc8d8-5b2c-412c-8743-488d6262bc75,37.5421925,-119.1546365
2020-01-05,-627,f4abc8d8-5b2c-412c-8743-488d6262bc75,37.5421925,-119.1546365
2020-01-06,1118,f4abc8d8-5b2c-412c-8743-488d6262bc75,37.5421925,-119.1546365
2020-01-07,-1477,f4abc8d8-5b2c-412c-8743-488d6262bc75,37.5421925,-119.1546365
2020-01-08,-1305,f4abc8d8-5b2c-412c-8743-488d6262bc75,37.5421925,-119.1546365
2020-01-09,3503,f4abc8d8-5b2c-412c-8743-488d6262bc75,37.5421925,-119.1546365
2020-01-10,-2417,f4abc8d8-5b2c-412c-8743-488d6262bc75,37.5421925,-119.1546365
2020-01-11,-1090,f4abc8d8-5b2c-412c-8743-488d6262bc75,37.5421925,-119.1546365
2020-01-12,344,f4abc8d8-5b2c-412c-8743-488d6262bc75,37.5421925,-119.1546365
2020-01-13,-233,f4abc8d8-5b2c-412c-8743-488d6262bc75,37.5421925,-119.1546365
2020-01-14,-2681,f4abc8d8-5b2c-412c-8743-488d6262bc75,37.5421925,-119.1546365
2020-01-15,-402,f4abc8d8-5b2c-412c-8743-488d6262bc75,37.5421925,-119.1546365
2020-01-16,-98,f4abc8d8-5b2c-412c-8743-488d6262bc75,37.5421925,-119.1546365
2020-01-17,5201,f4abc8d8-5b2c-412c-8743-488d6262bc75,37.5421925,-119.1546365
2020-01-18,3558,f4abc8d8-5b2c-412c-8743-488d6262bc75,37.5421925,-119.1546365
2020-01-19,3104,f4abc8d8-5b2c-412c-8743-488d6262bc75,37.5421925,-119.1546365
2020-01-20,1561,f4abc8d8-5b2c-412c-8743-488d6262bc75,37.5421925,-119.1546365
2020-01-21,62,f4abc8d8-5b2c-412c-8743-488d6262bc75,37.5421925,-119.1546365
2020-01-22,-1543,f4abc8d8-5b2c-412c-8743-488d6262bc75,37.5421925,-119.1546365
2020-01-23,2473,f4abc8d8-5b2c-412c-8743-488d6262bc75,37.5421925,-119.1546365
2020-01-24,589,f4abc8d8-5b2c-412c-8743-488d6262bc75,37.5421925,-119.1546365
2020-01-25,307,f4abc8d8-5b2c-412c-8743-488d6262bc75,37.5421925,-119.1546365
2020-01-26,3913,f4abc8d8-5b2c-412c-8743-488d6262bc75,37.5421925,-119.1546365
2020-01-27,-110,f4abc8d8-5b2c-412c-8743-488d6262bc75,37.5421925,-119.1546365
2020-01-28,146,f4abc8d8-5b2c-412c-8743-488d6262bc75,37.5421925,-119.1546365
2020-01-29,403,f4abc8d8-5b2c-412c-8743-488d6262bc75,37.5421925,-119.1546365
2020-01-30,-497,f4abc8d8-5b2c-412c-8743-488d6262bc75,37.5421925,-119.1546365
2020-01-31,-2590,f4abc8d8-5b2c-412c-8743-488d6262bc75,37.5421925,-119.1546365
2020-02-01,-634,f4abc8d8-5b2c-412c-8743-488d6262bc75,37.5421925,-119.1546365
2020-02-02,-1605,f4abc8d8-5b2c-412c-8743-488d6262bc75,37.5421925,-119.1546365
2020-02-03,-2177,f4abc8d8-5b2c-412c-8743-488d6262bc75,37.5421925,-119.1546365
2020-02-04,-3530,f4abc8d8-5b2c-412c-8743-488d6262bc75,37.5421925,-119.1546365
2020-02-05,-54,f4abc8d8-5b2c-412c-8743-488d6262bc75,37.5421925,-119.1546365
2020-02-06,-3255,f4abc8d8-5b2c-412c-8743-488d6262bc75,37.5421925,-119.1546365
2020-02-07,-3726,f4abc8d8-5b2c-412c-8743-488d6262bc75,37.5421925,-119.1546365
2020-02-08,24,f4abc8d8-5b2c-412c-8743-488d6262bc75,37.5421925,-119.1546365
2020-02-09,-1555,f4abc8d8-5b2c-412c-8743-488d6262bc75,37.5421925,-119.1546365
2020-02-10,-1600,f4abc8d8-5b2c-412c-8743-488d6262bc75,37.5421925,-119.1546365
2020-02-11,-3352,f4abc8d8-5b2c-412c-8743-488d6262bc75,37.5421925,-119.1546365
2020-02-12,-3092,f4abc8d8-5b2c-412c-8743-488d6262bc75,37.5421925,-119.1546365
2020-02-13,-3653,f4abc8d8-5b2c-412c-8743-488d6262bc75,37.5421925,-119.1546365
2020-02-14,-3798,f4abc8d8-5b2c-412c-8743-488d6262bc75,37.5421925,-119.1546365
2020-02-15,883,f4abc8d8-5b2c-412c-8743-488d6262bc75,37.5421925,-119.1546365
2020-02-16,-3788,f4abc8d8-5b2c-412c-8743-488d6262bc75,37.5421925,-119.1546365
2020-02-17,-900,f4abc8d8-5b2c-412c-8743-488d6262bc75,37.5421925,-119.1546365
2020-02-18,-2109,f4abc8d8-5b2c-412c-8743-488d6262bc75,37.5421925,-119.1546365
2020-02-19,-2608,f4abc8d8-5b2c-412c-8743-488d6262bc75,37.5421925,-119.1546365
2020-02-20,-3603,f4abc8d8-5b2c-412c-8743-488d6262bc75,37.5421925,-119.1546365
2020-02-21,1374,f4abc8d8-5b2c-412c-8743-488d6262bc75,37.5421925,-119.1546365
2020-02-22,1435,f4abc8d8-5b2c-412c-8743-488d6262bc75,37.5421925,-119.1546365
2020-02-23,-3975,f4abc8d8-5b2c-412c-8743-488d6262bc75,37.5421925,-119.1546365
2020-02-24,-2927,f4abc8d8-5b2c-412c-8743-488d6262bc75,37.5421925,-119.1546365
2020-02-25,-3872,f4abc8d8-5b2c-412c-8743-488d6262bc75,37.5421925,-119.1546365
2020-02-26,-2347,f4abc8d8-5b2c-412c-8743-488d6262bc75,37.5421925,-119.1546365
2020-02-27,-3940,f4abc8d8-5b2c-412c-8743-488d6262bc75,37.5421925,-119.1546365
2020-02-28,-2260,f4abc8d8-5b2c-412c-8743-488d6262bc75,37.5421925,-119.1546365
2020-02-29,830,f4abc8d8-5b2c-412c-8743-488d6262bc75,37.5421925,-119.1546365
2020-03-01,3457,f4abc8d8-5b2c-412c-8743-488d6262bc75,37.5421925,-119.1546365
2020-03-02,1229,f4abc8d8-5b2c-412c-8743-488d6262bc75,37.5421925,-119.1546365
2020-03-03,-2941,f4abc8d8-5b2c-412c-8743-488d6262bc75,37.5421925,-119.1546365
2020-03-04,-1229,f4abc8d8-5b2c-412c-8743-488d6262bc75,37.5421925,-119.1546365
2020-03-05,-1223,f4abc8d8-5b2c-412c-8743-488d6262bc75,37.5421925,-119.1546365
2020-03-06,-1971,f4abc8d8-5b2c-412c-8743-488d6262bc75,37.5421925,-119.1546365
2020-03-07,4779,f4abc8d8-5b2c-412c-8743-488d6262bc75,37.5421925,-119.1546365
2020-03-08,-3173,f4abc8d8-5b2c-412c-8743-488d6262bc75,37.5421925,-119.1546365
2020-03-09,434,f4abc8d8-5b2c-412c-8743-488d6262bc75,37.5421925,-119.1546365
2020-03-10,1652,f4abc8d8-5b2c-412c-8743-488d6262bc75,37.5421925,-119.1546365
2020-03-11,-1609,f4abc8d8-5b2c-412c-8743-488d6262bc75,37.5421925,-119.1546365
2020-03-12,-3989,f4abc8d8-5b2c-412c-8743-488d6262bc75,37.5421925,-119.1546365
2020-03-13,1253,f4abc8d8-5b2c-412c-8743-488d6262bc75,37.5421925,-119.1546365
2020-03-14,1755,f4abc8d8-5b2c-412c-8743-488d6262bc75,37.5421925,-119.1546365
2020-03-15,2211,f4abc8d8-5b2c-412c-8743-488d6262bc75,37.5421925,-119.1546365
2020-03-16,2488,f4abc8d8-5b2c-412c-8743-488d6262bc75,37.5421925,-119.1546365
2020-03-17,7380,f4abc8d8-5b2c-412c-8743-488d6262bc75,37.5421925,-119.1546365
2020-03-18,5160,f4abc8d8-5b2c-412c-8743-488d6262bc75,37.5421925,-119.1546365
2020-03-19,5861,f4abc8d8-5b2c-412c-8743-488d6262bc75,37.5421925,-119.1546365
2020-03-20,5511,f4abc8d8-5b2c-412c-8743-488d6262bc75,37.5421925,-119.1546365
2020-03-21,4661,f4abc8d8-5b2c-412c-8743-488d6262bc75,37.5421925,-119.1546365
2020-03-22,821,f4abc8d8-5b2c-412c-8743-488d6262bc75,37.5421925,-119.1546365
2020-03-23,924,f4abc8d8-5b2c-412c-8743-488d6262bc75,37.5421925,-119.1546365
2020-03-24,1716,f4abc8d8-5b2c-412c-8743-488d6262bc75,37.5421925,-119.1546365
2020-03-25,3661,f4abc8d8-5b2c-412c-8743-488d6262bc75,37.5421925,-119.1546365
2020-03-26,5737,f4abc8d8-5b2c-412c-8743-488d6262bc75,37.5421925,-119.1546365
2020-03-27,3119,f4abc8d8-5b2c-412c-8743-488d6262bc75,37.5421925,-119.1546365
2020-03-28,5165,f4abc8d8-5b2c-412c-8743-488d6262bc75,37.5421925,-119.1546365
2020-03-29,3948,f4abc8d8-5b2c-412c-8743-488d6262bc75,37.5421925,-119.1546365
2020-03-30,3136,f4abc8d8-5b2c-412c-8743-488d6262bc75,37.5421925,-119.1546365
2020-03-31,2037,f4abc8d8-5b2c-412c-8743-488d6262bc75,37.5421925,-119.1546365
2020-04-01,-2242,f4abc8d8-5b2c-412c-8743-488d6262bc75,37.5421925,-119.1546365
2020-04-02,56,f4abc8d8-5b2c-412c-8743-488d6262bc75,37.5421925,-119.1546365
2020-04-03,973,f4abc8d8-5b2c-412c-8743-488d6262bc75,37.5421925,-119.1546365
2020-04-04,-84,f4abc8d8-5b2c-412c-8743-488d6262bc75,37.5421925,-119.1546365
2020-04-05,3923,f4abc8d8-5b2c-412c-8743-488d6262bc75,37.5421925,-119.1546365
2020-04-06,6593,f4abc8d8-5b2c-412c-8743-488d6262bc75,37.5421925,-119.1546365
2020-04-07,6713,f4abc8d8-5b2c-412c-8743-488d6262bc75,37.5421925,-119.1546365
2020-04-08,6502,f4abc8d8-5b2c-412c-8743-488d6262bc75,37.5421925,-119.1546365
2020-04-09,4512,f4abc8d8-5b2c-412c-8743-488d6262bc75,37.5421925,-119.1546365
2020-04-10,1947,f4abc8d8-5b2c-412c-8743-488d6262bc75,37.5421925,-119.1546365
2020-04-11,6069,f4abc8d8-5b2c-412c-8743-488d6262bc75,37.5421925,-119.1546365
2020-04-12,1142,f4abc8d8-5b2c-412c-8743-488d6262bc75,37.5421925,-119.1546365
2020-04-13,-1985,f4abc8d8-5b2c-412c-8743-488d6262bc75,37.5421925,-119.1546365
2020-04-14,-1268,f4abc8d8-5b2c-412c-8743-488d6262bc75,37.5421925,-119.1546365
2020-04-15,-3182,f4abc8d8-5b2c-412c-8743-488d6262bc75,37.5421925,-119.1546365
2020-04-16,2359,f4abc8d8-5b2c-412c-8743-488d6262bc75,37.5421925,-119.1546365
2020-04-17,1657,f4abc8d8-5b2c-412c-8743-488d6262bc75,37.5421925,-119.1546365
2020-04-18,-929,f4abc8d8-5b2c-412c-8743-488d6262bc75,37.5421925,-119.1546365
2020-04-19,-2805,f4abc8d8-5b2c-412c-8743-488d6262bc75,37.5421925,-119.1546365
2020-04-21,973,f4abc8d8-5b2c-412c-8743-488d6262bc75,37.5421925,-119.1546365
2020-04-22,-3769,f4abc8d8-5b2c-412c-8743-488d6262bc75,37.5421925,-119.1546365
2020-04-23,-2193,f4abc8d8-5b2c-412c-8743-488d6262bc75,37.5421925,-119.1546365
2020-04-24,-3623,f4abc8d8-5b2c-412c-8743-488d6262bc75,37.5421925,-119.1546365
2020-04-25,-2763,f4abc8d8-5b2c-412c-8743-488d6262bc75,37.5421925,-119.1546365
2020-04-26,-2448,f4abc8d8-5b2c-412c-8743-488d6262bc75,37.5421925,-119.1546365
2020-04-27,-1756,f4abc8d8-5b2c-412c-8743-488d6262bc75,37.5421925,-119.1546365
2020-04-28,-1930,f4abc8d8-5b2c-412c-8743-488d6262bc75,37.5421925,-119.1546365
2020-04-29,-1190,f4abc8d8-5b2c-412c-8743-488d6262bc75,37.5421925,-119.1546365
2020-04-30,-548,f4abc8d8-5b2c-412c-8743-488d6262bc75,37.5421925,-119.1546365
2020-05-01,-3944,f4abc8d8-5b2c-412c-8743-488d6262bc75,37.5421925,-119.1546365
2020-05-02,-3296,f4abc8d8-5b2c-412c-8743-488d6262bc75,37.5421925,-119.1546365
2020-05-03,-3469,f4abc8d8-5b2c-412c-8743-488d6262bc75,37.5421925,-119.1546365
2020-05-04,-3914,f4abc8d8-5b2c-412c-8743-488d6262bc75,37.5421925,-119.1546365
2020-05-05,-3075,f4abc8d8-5b2c-412c-8743-488d6262bc75,37.5421925,-119.1546365
2020-05-06,-697,f4abc8d8-5b2c-412c-8743-488d6262bc75,37.5421925,-119.1546365
2020-05-07,-13,f4abc8d8-5b2c-412c-8743-488d6262bc75,37.5421925,-119.1546365
2020-05-08,-3906,f4abc8d8-5b2c-412c-8743-488d6262bc75,37.5421925,-119.1546365
2020-05-09,-3173,f4abc8d8-5b2c-412c-8743-488d6262bc75,37.5421925,-119.1546365
2020-05-10,-3529,f4abc8d8-5b2c-412c-8743-488d6262bc75,37.5421925,-119.1546365
2020-05-11,-3793,f4abc8d8-5b2c-412c-8743-488d6262bc75,37.5421925,-119.1546365
2020-05-12,-3066,f4abc8d8-5b2c-412c-8743-488d6262bc75,37.5421925,-119.1546365
2020-05-13,-3342,f4abc8d8-5b2c-412c-8743-488d6262bc75,37.5421925,-119.1546365
2020-05-14,1151,f4abc8d8-5b2c-412c-8743-488d6262bc75,37.5421925,-119.1546365
2020-05-15,-4233,f4abc8d8-5b2c-412c-8743-488d6262bc75,37.5421925,-119.1546365
2020-05-16,-2241,f4abc8d8-5b2c-412c-8743-488d6262bc75,37.5421925,-119.1546365
2020-05-17,497,f4abc8d8-5b2c-412c-8743-488d6262bc75,37.5421925,-119.1546365
2020-05-18,614,f4abc8d8-5b2c-412c-8743-488d6262bc75,37.5421925,-119.1546365
2020-05-19,2601,f4abc8d8-5b2c-412c-8743-488d6262bc75,37.5421925,-119.1546365
2020-05-20,-3322,f4abc8d8-5b2c-412c-8743-488d6262bc75,37.5421925,-119.1546365
2020-05-21,-3053,f4abc8d8-5b2c-412c-8743-488d6262bc75,37.5421925,-119.1546365
2020-05-22,-4046,f4abc8d8-5b2c-412c-8743-488d6262bc75,37.5421925,-119.1546365
2020-05-23,-2471,f4abc8d8-5b2c-412c-8743-488d6262bc75,37.5421925,-119.1546365
2020-05-24,-4125,f4abc8d8-5b2c-412c-8743-488d6262bc75,37.5421925,-119.1546365
2020-05-25,-3355,f4abc8d8-5b2c-412c-8743-488d6262bc75,37.5421925,-119.1546365
2020-05-26,-3662,f4abc8d8-5b2c-412c-8743-488d6262bc75,37.5421925,-119.1546365
2020-05-27,-3670,f4abc8d8-5b2c-412c-8743-488d6262bc75,37.5421925,-119.1546365
2020-05-28,-3348,f4abc8d8-5b2c-412c-8743-488d6262bc75,37.5421925,-119.1546365
2020-05-29,-4012,f4abc8d8-5b2c-412c-8743-488d6262bc75,37.5421925,-119.1546365
2020-05-30,-2077,f4abc8d8-5b2c-412c-8743-488d6262bc75,37.5421925,-119.1546365
2020-05-31,-3944,f4abc8d8-5b2c-412c-8743-488d6262bc75,37.5421925,-119.1546365
2020-06-01,4909,f4abc8d8-5b2c-412c-8743-488d6262bc75,37.5421925,-119.1546365
2020-06-02,-3449,f4abc8d8-5b2c-412c-8743-488d6262bc75,37.5421925,-119.1546365
2020-06-03,-3446,f4abc8d8-5b2c-412c-8743-488d6262bc75,37.5421925,-119.1546365
2020-06-04,-3701,f4abc8d8-5b2c-412c-8743-488d6262bc75,37.5421925,-119.1546365
2020-06-05,4048,f4abc8d8-5b2c-412c-8743-488d6262bc75,37.5421925,-119.1546365
2020-06-06,-1186,f4abc8d8-5b2c-412c-8743-488d6262bc75,37.5421925,-119.1546365
2020-06-07,-3949,f4abc8d8-5b2c-412c-8743-488d6262bc75,37.5421925,-119.1546365
2020-06-08,-3081,f4abc8d8-5b2c-412c-8743-488d6262bc75,37.5421925,-119.1546365
2020-06-09,-3873,f4abc8d8-5b2c-412c-8743-488d6262bc75,37.5421925,-119.1546365
2020-06-10,-3511,f4abc8d8-5b2c-412c-8743-488d6262bc75,37.5421925,-119.1546365
2020-06-11,-3847,f4abc8d8-5b2c-412c-8743-488d6262bc75,37.5421925,-119.1546365
2020-06-12,-683,f4abc8d8-5b2c-412c-8743-488d6262bc75,37.5421925,-119.1546365
2020-06-13,-1041,f4abc8d8-5b2c-412c-8743-488d6262bc75,37.5421925,-119.1546365
2020-06-14,-3579,f4abc8d8-5b2c-412c-8743-488d6262bc75,37.5421925,-119.1546365
2020-06-15,1432,f4abc8d8-5b2c-412c-8743-488d6262bc75,37.5421925,-119.1546365
2020-06-16,-4019,f4abc8d8-5b2c-412c-8743-488d6262bc75,37.5421925,-119.1546365
2020-06-17,-3077,f4abc8d8-5b2c-412c-8743-488d6262bc75,37.5421925,-119.1546365
2020-06-18,-4135,f4abc8d8-5b2c-412c-8743-488d6262bc75,37.5421925,-119.1546365
2020-06-19,-3574,f4abc8d8-5b2c-412c-8743-488d6262bc75,37.5421925,-119.1546365
2020-06-20,-3540,f4abc8d8-5b2c-412c-8743-488d6262bc75,37.5421925,-119.1546365
2020-06-21,-3448,f4abc8d8-5b2c-412c-8743-488d6262bc75,37.5421925,-119.1546365
2020-06-22,-3241,f4abc8d8-5b2c-412c-8743-488d6262bc75,37.5421925,-119.1546365
2020-06-23,-4040,f4abc8d8-5b2c-412c-8743-488d6262bc75,37.5421925,-119.1546365
2020-06-24,-2891,f4abc8d8-5b2c-412c-8743-488d6262bc75,37.5421925,-119.1546365
2020-06-25,-4035,f4abc8d8-5b2c-412c-8743-488d6262bc75,37.5421925,-119.1546365
2020-06-26,-634,f4abc8d8-5b2c-412c-8743-488d6262bc75,37.5421925,-119.1546365
2020-06-27,-3882,f4abc8d8-5b2c-412c-8743-488d6262bc75,37.5421925,-119.1546365
2020-06-28,-3422,f4abc8d8-5b2c-412c-8743-488d6262bc75,37.5421925,-119.1546365
2020-06-29,-3604,f4abc8d8-5b2c-412c-8743-488d6262bc75,37.5421925,-119.1546365
2020-06-30,-3790,f4abc8d8-5b2c-412c-8743-488d6262bc75,37.5421925,-119.1546365
2020-07-01,-2564,f4abc8d8-5b2c-412c-8743-488d6262bc75,37.5421925,-119.1546365
2020-07-02,-4026,f4abc8d8-5b2c-412c-8743-488d6262bc75,37.5421925,-119.1546365
2020-07-03,-3316,f4abc8d8-5b2c-412c-8743-488d6262bc75,37.5421925,-119.1546365
2020-07-04,-4049,f4abc8d8-5b2c-412c-8743-488d6262bc75,37.5421925,-119.1546365
2020-07-05,-3681,f4abc8d8-5b2c-412c-8743-488d6262bc75,37.5421925,-119.1546365
2020-07-06,-3779,f4abc8d8-5b2c-412c-8743-488d6262bc75,37.5421925,-119.1546365
2020-07-07,-4056,f4abc8d8-5b2c-412c-8743-488d6262bc75,37.5421925,-119.1546365
2020-07-08,-3271,f4abc8d8-5b2c-412c-8743-488d6262bc75,37.5421925,-119.1546365
2020-07-09,-4022,f4abc8d8-5b2c-412c-8743-488d6262bc75,37.5421925,-119.1546365
2020-07-10,-2576,f4abc8d8-5b2c-412c-8743-488d6262bc75,37.5421925,-119.1546365
2020-07-11,-3901,f4abc8d8-5b2c-412c-8743-488d6262bc75,37.5421925,-119.1546365
2020-07-12,-3256,f4abc8d8-5b2c-412c-8743-488d6262bc75,37.5421925,-119.1546365
2020-07-13,-3809,f4abc8d8-5b2c-412c-8743-488d6262bc75,37.5421925,-119.1546365
2020-07-14,-3850,f4abc8d8-5b2c-412c-8743-488d6262bc75,37.5421925,-119.1546365
2020-07-15,-3553,f4abc8d8-5b2c-412c-8743-488d6262bc75,37.5421925,-119.1546365
2020-07-16,-3885,f4abc8d8-5b2c-412c-8743-488d6262bc75,37.5421925,-119.1546365
2020-07-17,-2781,f4abc8d8-5b2c-412c-8743-488d6262bc75,37.5421925,-119.1546365
2020-07-18,-4229,f4abc8d8-5b2c-412c-8743-488d6262bc75,37.5421925,-119.1546365
2020-07-19,-2160,f4abc8d8-5b2c-412c-8743-488d6262bc75,37.5421925,-119.1546365
2020-07-20,-3811,f4abc8d8-5b2c-412c-8743-488d6262bc75,37.5421925,-119.1546365
2020-07-21,-2809,f4abc8d8-5b2c-412c-8743-488d6262bc75,37.5421925,-119.1546365
2020-07-22,-3804,f4abc8d8-5b2c-412c-8743-488d6262bc75,37.5421925,-119.1546365
2020-07-23,-3782,f4abc8d8-5b2c-412c-8743-488d6262bc75,37.5421925,-119.1546365
2020-07-24,-3154,f4abc8d8-5b2c-412c-8743-488d6262bc75,37.5421925,-119.1546365
2020-07-25,-4259,f4abc8d8-5b2c-412c-8743-488d6262bc75,37.5421925,-119.1546365
2020-07-26,-2650,f4abc8d8-5b2c-412c-8743-488d6262bc75,37.5421925,-119.1546365
2020-07-27,-4120,f4abc8d8-5b2c-412c-8743-488d6262bc75,37.5421925,-119.1546365
2020-07-28,-3666,f4abc8d8-5b2c-412c-8743-488d6262bc75,37.5421925,-119.1546365
2020-07-29,-3785,f4abc8d8-5b2c-412c-8743-488d6262bc75,37.5421925,-119.1546365
2020-07-30,-3933,f4abc8d8-5b2c-412c-8743-488d6262bc75,37.5421925,-119.1546365
2020-07-31,-3604,f4abc8d8-5b2c-412c-8743-488d6262bc75,37.5421925,-119.1546365
2020-08-01,-4113,f4abc8d8-5b2c-412c-8743-488d6262bc75,37.5421925,-119.1546365
2020-08-02,-2590,f4abc8d8-5b2c-412c-8743-488d6262bc75,37.5421925,-119.1546365
2020-08-03,-4309,f4abc8d8-5b2c-412c-8743-488d6262bc75,37.5421925,-119.1546365
2020-08-04,-3227,f4abc8d8-5b2c-412c-8743-488d6262bc75,37.5421925,-119.1546365
2020-08-05,-4183,f4abc8d8-5b2c-412c-8743-488d6262bc75,37.5421925,-119.1546365
2020-08-06,-3648,f4abc8d8-5b2c-412c-8743-488d6262bc75,37.5421925,-119.1546365
2020-08-07,-3671,f4abc8d8-5b2c-412c-8743-488d6262bc75,37.5421925,-119.1546365
2020-08-08,-4046,f4abc8d8-5b2c-412c-8743-488d6262bc75,37.5421925,-119.1546365
2020-08-09,-3371,f4abc8d8-5b2c-412c-8743-488d6262bc75,37.5421925,-119.1546365
2020-08-10,-4188,f4abc8d8-5b2c-412c-8743-488d6262bc75,37.5421925,-119.1546365
2020-08-11,-2444,f4abc8d8-5b2c-412c-8743-488d6262bc75,37.5421925,-119.1546365
2020-08-12,-4299,f4abc8d8-5b2c-412c-8743-488d6262bc75,37.5421925,-119.1546365
2020-08-13,647,f4abc8d8-5b2c-412c-8743-488d6262bc75,37.5421925,-119.1546365
2020-08-14,-2692,f4abc8d8-5b2c-412c-8743-488d6262bc75,37.5421925,-119.1546365
2020-08-15,988,f4abc8d8-5b2c-412c-8743-488d6262bc75,37.5421925,-119.1546365
2020-08-16,-2679,f4abc8d8-5b2c-412c-8743-488d6262bc75,37.5421925,-119.1546365
2020-08-17,1220,f4abc8d8-5b2c-412c-8743-488d6262bc75,37.5421925,-119.1546365
2020-08-18,-404,f4abc8d8-5b2c-412c-8743-488d6262bc75,37.5421925,-119.1546365
2020-08-19,-3776,f4abc8d8-5b2c-412c-8743-488d6262bc75,37.5421925,-119.1546365
2020-08-20,523,f4abc8d8-5b2c-412c-8743-488d6262bc75,37.5421925,-119.1546365
2020-08-21,-4121,f4abc8d8-5b2c-412c-8743-488d6262bc75,37.5421925,-119.1546365
2020-08-22,-3346,f4abc8d8-5b2c-412c-8743-488d6262bc75,37.5421925,-119.1546365
2020-08-23,-562,f4abc8d8-5b2c-412c-8743-488d6262bc75,37.5421925,-119.1546365
2020-08-24,-1878,f4abc8d8-5b2c-412c-8743-488d6262bc75,37.5421925,-119.1546365
2020-08-25,-3006,f4abc8d8-5b2c-412c-8743-488d6262bc75,37.5421925,-119.1546365
2020-08-26,-4105,f4abc8d8-5b2c-412c-8743-488d6262bc75,37.5421925,-119.1546365
2020-08-27,-2668,f4abc8d8-5b2c-412c-8743-488d6262bc75,37.5421925,-119.1546365
2020-08-28,-4066,f4abc8d8-5b2c-412c-8743-488d6262bc75,37.5421925,-119.1546365
2020-08-29,-2790,f4abc8d8-5b2c-412c-8743-488d6262bc75,37.5421925,-119.1546365
2020-08-30,-3706,f4abc8d8-5b2c-412c-8743-488d6262bc75,37.5421925,-119.1546365
2020-08-31,-2665,f4abc8d8-5b2c-412c-8743-488d6262bc75,37.5421925,-119.1546365
2020-09-01,-3455,f4abc8d8-5b2c-412c-8743-488d6262bc75,37.5421925,-119.1546365
2020-09-02,-3950,f4abc8d8-5b2c-412c-8743-488d6262bc75,37.5421925,-119.1546365
2020-09-03,-2533,f4abc8d8-5b2c-412c-8743-488d6262bc75,37.5421925,-119.1546365
2020-09-04,-4089,f4abc8d8-5b2c-412c-8743-488d6262bc75,37.5421925,-119.1546365
2020-09-05,1681,f4abc8d8-5b2c-412c-8743-488d6262bc75,37.5421925,-119.1546365
2020-09-06,1739,f4abc8d8-5b2c-412c-8743-488d6262bc75,37.5421925,-119.1546365
2020-09-07,-489,f4abc8d8-5b2c-412c-8743-488d6262bc75,37.5421925,-119.1546365
2020-09-08,-2895,f4abc8d8-5b2c-412c-8743-488d6262bc75,37.5421925,-119.1546365
2020-09-09,1222,f4abc8d8-5b2c-412c-8743-488d6262bc75,37.5421925,-119.1546365
2020-09-10,674,f4abc8d8-5b2c-412c-8743-488d6262bc75,37.5421925,-119.1546365
2020-09-11,45,f4abc8d8-5b2c-412c-8743-488d6262bc75,37.5421925,-119.1546365
2020-09-12,1830,f4abc8d8-5b2c-412c-8743-488d6262bc75,37.5421925,-119.1546365
2020-09-13,1210,f4abc8d8-5b2c-412c-8743-488d6262bc75,37.5421925,-119.1546365
2020-09-14,3006,f4abc8d8-5b2c-412c-8743-488d6262bc75,37.5421925,-119.1546365
2020-09-15,1104,f4abc8d8-5b2c-412c-8743-488d6262bc75,37.5421925,-119.1546365
2020-09-16,2755,f4abc8d8-5b2c-412c-8743-488d6262bc75,37.5421925,-119.1546365
2020-09-17,1177,f4abc8d8-5b2c-412c-8743-488d6262bc75,37.5421925,-119.1546365
2020-09-18,194,f4abc8d8-5b2c-412c-8743-488d6262bc75,37.5421925,-119.1546365
2020-09-19,2800,f4abc8d8-5b2c-412c-8743-488d6262bc75,37.5421925,-119.1546365
2020-09-20,1131,f4abc8d8-5b2c-412c-8743-488d6262bc75,37.5421925,-119.1546365
2020-09-21,2776,f4abc8d8-5b2c-412c-8743-488d6262bc75,37.5421925,-119.1546365
2020-09-22,-1251,f4abc8d8-5b2c-412c-8743-488d6262bc75,37.5421925,-119.1546365
2020-09-23,2340,f4abc8d8-5b2c-412c-8743-488d6262bc75,37.5421925,-119.1546365
2020-09-24,-459,f4abc8d8-5b2c-412c-8743-488d6262bc75,37.5421925,-119.1546365
2020-09-25,638,f4abc8d8-5b2c-412c-8743-488d6262bc75,37.5421925,-119.1546365
2020-09-26,-215,f4abc8d8-5b2c-412c-8743-488d6262bc75,37.5421925,-119.1546365
2020-09-27,-3500,f4abc8d8-5b2c-412c-8743-488d6262bc75,37.5421925,-119.1546365
2020-09-28,-2271,f4abc8d8-5b2c-412c-8743-488d6262bc75,37.5421925,-119.1546365
2020-09-29,24,f4abc8d8-5b2c-412c-8743-488d6262bc75,37.5421925,-119.1546365
2020-09-30,-1242,f4abc8d8-5b2c-412c-8743-488d6262bc75,37.5421925,-119.1546365
2020-10-01,-3857,f4abc8d8-5b2c-412c-8743-488d6262bc75,37.5421925,-119.1546365
2020-10-02,-3429,f4abc8d8-5b2c-412c-8743-488d6262bc75,37.5421925,-119.1546365
2020-10-03,-2177,f4abc8d8-5b2c-412c-8743-488d6262bc75,37.5421925,-119.1546365
2020-10-04,-2353,f4abc8d8-5b2c-412c-8743-488d6262bc75,37.5421925,-119.1546365
2020-10-05,3288,f4abc8d8-5b2c-412c-8743-488d6262bc75,37.5421925,-119.1546365
2020-10-06,-1713,f4abc8d8-5b2c-412c-8743-488d6262bc75,37.5421925,-119.1546365
2020-10-07,2783,f4abc8d8-5b2c-412c-8743-488d6262bc75,37.5421925,-119.1546365
2020-10-08,2656,f4abc8d8-5b2c-412c-8743-488d6262bc75,37.5421925,-119.1546365
2020-10-09,2278,f4abc8d8-5b2c-412c-8743-488d6262bc75,37.5421925,-119.1546365
2020-10-10,-741,f4abc8d8-5b2c-412c-8743-488d6262bc75,37.5421925,-119.1546365
2020-10-11,2200,f4abc8d8-5b2c-412c-8743-488d6262bc75,37.5421925,-119.1546365
2020-10-12,1030,f4abc8d8-5b2c-412c-8743-488d6262bc75,37.5421925,-119.1546365
2020-10-13,1744,f4abc8d8-5b2c-412c-8743-488d6262bc75,37.5421925,-119.1546365
2020-10-14,1772,f4abc8d8-5b2c-412c-8743-488d6262bc75,37.5421925,-119.1546365
2020-10-15,979,f4abc8d8-5b2c-412c-8743-488d6262bc75,37.5421925,-119.1546365
2020-10-16,2316,f4abc8d8-5b2c-412c-8743-488d6262bc75,37.5421925,-119.1546365
2020-10-17,1741,f4abc8d8-5b2c-412c-8743-488d6262bc75,37.5421925,-119.1546365
2020-10-18,970,f4abc8d8-5b2c-412c-8743-488d6262bc75,37.5421925,-119.1546365
2020-10-19,-89,f4abc8d8-5b2c-412c-8743-488d6262bc75,37.5421925,-119.1546365
2020-10-20,778,f4abc8d8-5b2c-412c-8743-488d6262bc75,37.5421925,-119.1546365
2020-10-21,1012,f4abc8d8-5b2c-412c-8743-488d6262bc75,37.5421925,-119.1546365
2020-10-22,-751,f4abc8d8-5b2c-412c-8743-488d6262bc75,37.5421925,-119.1546365
2020-10-23,2143,f4abc8d8-5b2c-412c-8743-488d6262bc75,37.5421925,-119.1546365
2020-10-24,-1974,f4abc8d8-5b2c-412c-8743-488d6262bc75,37.5421925,-119.1546365
2020-10-25,-580,f4abc8d8-5b2c-412c-8743-488d6262bc75,37.5421925,-119.1546365
2020-10-26,-1350,f4abc8d8-5b2c-412c-8743-488d6262bc75,37.5421925,-119.1546365
2020-10-27,-1703,f4abc8d8-5b2c-412c-8743-488d6262bc75,37.5421925,-119.1546365
2020-10-28,-2581,f4abc8d8-5b2c-412c-8743-488d6262bc75,37.5421925,-119.1546365
2020-10-29,-2139,f4abc8d8-5b2c-412c-8743-488d6262bc75,37.5421925,-119.1546365
2020-10-30,2031,f4abc8d8-5b2c-412c-8743-488d6262bc75,37.5421925,-119.1546365
2020-10-31,-3747,f4abc8d8-5b2c-412c-8743-488d6262bc75,37.5421925,-119.1546365
2020-11-01,451,f4abc8d8-5b2c-412c-8743-488d6262bc75,37.5421925,-119.1546365
2020-11-02,-329,f4abc8d8-5b2c-412c-8743-488d6262bc75,37.5421925,-119.1546365
2020-11-03,-136,f4abc8d8-5b2c-412c-8743-488d6262bc75,37.5421925,-119.1546365
2020-11-04,-1606,f4abc8d8-5b2c-412c-8743-488d6262bc75,37.5421925,-119.1546365
2020-11-05,-2750,f4abc8d8-5b2c-412c-8743-488d6262bc75,37.5421925,-119.1546365
2020-11-06,723,f4abc8d8-5b2c-412c-8743-488d6262bc75,37.5421925,-119.1546365
2020-11-07,560,f4abc8d8-5b2c-412c-8743-488d6262bc75,37.5421925,-119.1546365
2020-11-08,1240,f4abc8d8-5b2c-412c-8743-488d6262bc75,37.5421925,-119.1546365
2020-11-09,5149,f4abc8d8-5b2c-412c-8743-488d6262bc75,37.5421925,-119.1546365
2020-11-10,4566,f4abc8d8-5b2c-412c-8743-488d6262bc75,37.5421925,-119.1546365
2020-11-11,970,f4abc8d8-5b2c-412c-8743-488d6262bc75,37.5421925,-119.1546365
2020-11-12,79,f4abc8d8-5b2c-412c-8743-488d6262bc75,37.5421925,-119.1546365
2020-11-13,1245,f4abc8d8-5b2c-412c-8743-488d6262bc75,37.5421925,-119.1546365
2020-11-14,-2399,f4abc8d8-5b2c-412c-8743-488d6262bc75,37.5421925,-119.1546365
2020-11-15,-662,f4abc8d8-5b2c-412c-8743-488d6262bc75,37.5421925,-119.1546365
2020-11-16,-4004,f4abc8d8-5b2c-412c-8743-488d6262bc75,37.5421925,-119.1546365
2020-11-17,936,f4abc8d8-5b2c-412c-8743-488d6262bc75,37.5421925,-119.1546365
2020-11-18,3272,f4abc8d8-5b2c-412c-8743-488d6262bc75,37.5421925,-119.1546365
2020-11-19,-1906,f4abc8d8-5b2c-412c-8743-488d6262bc75,37.5421925,-119.1546365
2020-11-20,-963,f4abc8d8-5b2c-412c-8743-488d6262bc75,37.5421925,-119.1546365
2020-11-21,-3386,f4abc8d8-5b2c-412c-8743-488d6262bc75,37.5421925,-119.1546365
2020-11-22,-3025,f4abc8d8-5b2c-412c-8743-488d6262bc75,37.5421925,-119.1546365
2020-11-23,-4066,f4abc8d8-5b2c-412c-8743-488d6262bc75,37.5421925,-119.1546365
2020-11-24,-2251,f4abc8d8-5b2c-412c-8743-488d6262bc75,37.5421925,-119.1546365
2020-11-25,-3785,f4abc8d8-5b2c-412c-8743-488d6262bc75,37.5421925,-119.1546365
2020-11-26,-3384,f4abc8d8-5b2c-412c-8743-488d6262bc75,37.5421925,-119.1546365
2020-11-27,-3757,f4abc8d8-5b2c-412c-8743-488d6262bc75,37.5421925,-119.1546365
2020-11-28,-3862,f4abc8d8-5b2c-412c-8743-488d6262bc75,37.5421925,-119.1546365
2020-11-29,-3203,f4abc8d8-5b2c-412c-8743-488d6262bc75,37.5421925,-119.1546365
2020-11-30,-3866,f4abc8d8-5b2c-412c-8743-488d6262bc75,37.5421925,-119.1546365
2020-12-01,-1835,f4abc8d8-5b2c-412c-8743-488d6262bc75,37.5421925,-119.1546365
2020-12-02,-3918,f4abc8d8-5b2c-412c-8743-488d6262bc75,37.5421925,-119.1546365
2020-12-03,-3177,f4abc8d8-5b2c-412c-8743-488d6262bc75,37.5421925,-119.1546365
2020-12-04,-3630,f4abc8d8-5b2c-412c-8743-488d6262bc75,37.5421925,-119.1546365
2020-12-05,-3544,f4abc8d8-5b2c-412c-8743-488d6262bc75,37.5421925,-119.1546365
2020-12-06,-1660,f4abc8d8-5b2c-412c-8743-488d6262bc75,37.5421925,-119.1546365
2020-12-07,-4106,f4abc8d8-5b2c-412c-8743-488d6262bc75,37.5421925,-119.1546365
2020-12-08,-1065,f4abc8d8-5b2c-412c-8743-488d6262bc75,37.5421925,-119.1546365
2020-12-09,-4104,f4abc8d8-5b2c-412c-8743-488d6262bc75,37.5421925,-119.1546365
2020-12-10,-2543,f4abc8d8-5b2c-412c-8743-488d6262bc75,37.5421925,-119.1546365
2020-12-11,-2207,f4abc8d8-5b2c-412c-8743-488d6262bc75,37.5421925,-119.1546365
2020-12-12,1103,f4abc8d8-5b2c-412c-8743-488d6262bc75,37.5421925,-119.1546365
2020-12-13,4312,f4abc8d8-5b2c-412c-8743-488d6262bc75,37.5421925,-119.1546365
2020-12-14,6889,f4abc8d8-5b2c-412c-8743-488d6262bc75,37.5421925,-119.1546365
2020-12-15,-150,f4abc8d8-5b2c-412c-8743-488d6262bc75,37.5421925,-119.1546365
2020-12-16,4133,f4abc8d8-5b2c-412c-8743-488d6262bc75,37.5421925,-119.1546365
2020-12-17,1579,f4abc8d8-5b2c-412c-8743-488d6262bc75,37.5421925,-119.1546365
2020-12-18,5806,f4abc8d8-5b2c-412c-8743-488d6262bc75,37.5421925,-119.1546365
2020-12-19,4047,f4abc8d8-5b2c-412c-8743-488d6262bc75,37.5421925,-119.1546365
2020-12-20,946,f4abc8d8-5b2c-412c-8743-488d6262bc75,37.5421925,-119.1546365
2020-12-21,37,f4abc8d8-5b2c-412c-8743-488d6262bc75,37.5421925,-119.1546365
2020-12-22,-477,f4abc8d8-5b2c-412c-8743-488d6262bc75,37.5421925,-119.1546365
2020-12-23,656,f4abc8d8-5b2c-412c-8743-488d6262bc75,37.5421925,-119.1546365
2020-12-24,2315,f4abc8d8-5b2c-412c-8743-488d6262bc75,37.5421925,-119.1546365
2020-12-25,4845,f4abc8d8-5b2c-412c-8743-488d6262bc75,37.5421925,-119.1546365
2020-12-26,3226,f4abc8d8-5b2c-412c-8743-488d6262bc75,37.5421925,-119.1546365
2020-12-27,3005,f4abc8d8-5b2c-412c-8743-488d6262bc75,37.5421925,-119.1546365
2020-12-28,2626,f4abc8d8-5b2c-412c-8743-488d6262bc75,37.5421925,-119.1546365
2020-12-29,-438,f4abc8d8-5b2c-412c-8743-488d6262bc75,37.5421925,-119.1546365
2020-12-30,3314,f4abc8d8-5b2c-412c-8743-488d6262bc75,37.5421925,-119.1546365
2020-12-31,-2792,f4abc8d8-5b2c-412c-8743-488d6262bc75,37.5421925,-119.1546365
2021-01-01,-1926,f4abc8d8-5b2c-412c-8743-488d6262bc75,37.5421925,-119.1546365
2021-01-02,1894,f4abc8d8-5b2c-412c-8743-488d6262bc75,37.5421925,-119.1546365
2021-01-03,695,f4abc8d8-5b2c-412c-8743-488d6262bc75,37.5421925,-119.1546365
2021-01-04,-402,f4abc8d8-5b2c-412c-8743-488d6262bc75,37.5421925,-119.1546365
2021-01-05,-2618,f4abc8d8-5b2c-412c-8743-488d6262bc75,37.5421925,-119.1546365
2021-01-06,-737,f4abc8d8-5b2c-412c-8743-488d6262bc75,37.5421925,-119.1546365
2021-01-07,1679,f4abc8d8-5b2c-412c-8743-488d6262bc75,37.5421925,-119.1546365
2021-01-08,-2963,f4abc8d8-5b2c-412c-8743-488d6262bc75,37.5421925,-119.1546365
2021-01-09,-1825,f4abc8d8-5b2c-412c-8743-488d6262bc75,37.5421925,-119.1546365
2021-01-10,-3341,f4abc8d8-5b2c-412c-8743-488d6262bc75,37.5421925,-119.1546365
2021-01-11,-801,f4abc8d8-5b2c-412c-8743-488d6262bc75,37.5421925,-119.1546365
2021-01-12,4183,f4abc8d8-5b2c-412c-8743-488d6262bc75,37.5421925,-119.1546365
2021-01-13,-1584,f4abc8d8-5b2c-412c-8743-488d6262bc75,37.5421925,-119.1546365
2021-01-14,-2530,f4abc8d8-5b2c-412c-8743-488d6262bc75,37.5421925,-119.1546365
2021-01-15,-3086,f4abc8d8-5b2c-412c-8743-488d6262bc75,37.5421925,-119.1546365
2021-01-16,-3023,f4abc8d8-5b2c-412c-8743-488d6262bc75,37.5421925,-119.1546365
2021-01-17,-3912,f4abc8d8-5b2c-412c-8743-488d6262bc75,37.5421925,-119.1546365
2021-01-18,-1765,f4abc8d8-5b2c-412c-8743-488d6262bc75,37.5421925,-119.1546365
2021-01-19,-3949,f4abc8d8-5b2c-412c-8743-488d6262bc75,37.5421925,-119.1546365
2021-01-20,-2981,f4abc8d8-5b2c-412c-8743-488d6262bc75,37.5421925,-119.1546365
2021-01-21,-3473,f4abc8d8-5b2c-412c-8743-488d6262bc75,37.5421925,-119.1546365
2021-01-22,2237,f4abc8d8-5b2c-412c-8743-488d6262bc75,37.5421925,-119.1546365
2021-01-23,-1467,f4abc8d8-5b2c-412c-8743-488d6262bc75,37.5421925,-119.1546365
2021-01-24,-2806,f4abc8d8-5b2c-412c-8743-488d6262bc75,37.5421925,-119.1546365
2021-01-25,2850,f4abc8d8-5b2c-412c-8743-488d6262bc75,37.5421925,-119.1546365
2021-01-26,5408,f4abc8d8-5b2c-412c-8743-488d6262bc75,37.5421925,-119.1546365
2021-01-27,3771,f4abc8d8-5b2c-412c-8743-488d6262bc75,37.5421925,-119.1546365
2021-01-28,4405,f4abc8d8-5b2c-412c-8743-488d6262bc75,37.5421925,-119.1546365
2021-01-29,2147,f4abc8d8-5b2c-412c-8743-488d6262bc75,37.5421925,-119.1546365
2021-01-30,7440,f4abc8d8-5b2c-412c-8743-488d6262bc75,37.5421925,-119.1546365
2021-01-31,5280,f4abc8d8-5b2c-412c-8743-488d6262bc75,37.5421925,-119.1546365
2021-02-01,4738,f4abc8d8-5b2c-412c-8743-488d6262bc75,37.5421925,-119.1546365
2021-02-02,8444,f4abc8d8-5b2c-412c-8743-488d6262bc75,37.5421925,-119.1546365
2021-02-03,1542,f4abc8d8-5b2c-412c-8743-488d6262bc75,37.5421925,-119.1546365
2021-02-04,8093,f4abc8d8-5b2c-412c-8743-488d6262bc75,37.5421925,-119.1546365
2021-02-05,6947,f4abc8d8-5b2c-412c-8743-488d6262bc75,37.5421925,-119.1546365
2021-02-06,7494,f4abc8d8-5b2c-412c-8743-488d6262bc75,37.5421925,-119.1546365
2021-02-07,7295,f4abc8d8-5b2c-412c-8743-488d6262bc75,37.5421925,-119.1546365
2021-02-08,4473,f4abc8d8-5b2c-412c-8743-488d6262bc75,37.5421925,-119.1546365
2021-02-09,1808,f4abc8d8-5b2c-412c-8743-488d6262bc75,37.5421925,-119.1546365
2021-02-10,3058,f4abc8d8-5b2c-412c-8743-488d6262bc75,37.5421925,-119.1546365
2021-02-11,2946,f4abc8d8-5b2c-412c-8743-488d6262bc75,37.5421925,-119.1546365
2021-02-12,6507,f4abc8d8-5b2c-412c-8743-488d6262bc75,37.5421925,-119.1546365
2021-02-13,3793,f4abc8d8-5b2c-412c-8743-488d6262bc75,37.5421925,-119.1546365
2021-02-14,3269,f4abc8d8-5b2c-412c-8743-488d6262bc75,37.5421925,-119.1546365
2021-02-15,1730,f4abc8d8-5b2c-412c-8743-488d6262bc75,37.5421925,-119.1546365
2021-02-16,6692,f4abc8d8-5b2c-412c-8743-488d6262bc75,37.5421925,-119.1546365
2021-02-17,5075,f4abc8d8-5b2c-412c-8743-488d6262bc75,37.5421925,-119.1546365
2021-02-19,4884,f4abc8d8-5b2c-412c-8743-488d6262bc75,37.5421925,-119.1546365
2021-02-20,4481,f4abc8d8-5b2c-412c-8743-488d6262bc75,37.5421925,-119.1546365
2021-02-21,5088,f4abc8d8-5b2c-412c-8743-488d6262bc75,37.5421925,-119.1546365
2021-02-22,1062,f4abc8d8-5b2c-412c-8743-488d6262bc75,37.5421925,-119.1546365
2021-02-23,4017,f4abc8d8-5b2c-412c-8743-488d6262bc75,37.5421925,-119.1546365
2021-02-24,3534,f4abc8d8-5b2c-412c-8743-488d6262bc75,37.5421925,-119.1546365
2021-02-25,3691,f4abc8d8-5b2c-412c-8743-488d6262bc75,37.5421925,-119.1546365
2021-02-26,3334,f4abc8d8-5b2c-412c-8743-488d6262bc75,37.5421925,-119.1546365
2021-02-27,68,f4abc8d8-5b2c-412c-8743-488d6262bc75,37.5421925,-119.1546365
2021-02-28,3022,f4abc8d8-5b2c-412c-8743-488d6262bc75,37.5421925,-119.1546365
2021-03-01,-1314,f4abc8d8-5b2c-412c-8743-488d6262bc75,37.5421925,-119.1546365
2021-03-02,1844,f4abc8d8-5b2c-412c-8743-488d6262bc75,37.5421925,-119.1546365
2021-03-03,2193,f4abc8d8-5b2c-412c-8743-488d6262bc75,37.5421925,-119.1546365
2021-03-04,627,f4abc8d8-5b2c-412c-8743-488d6262bc75,37.5421925,-119.1546365
2021-03-05,-1204,f4abc8d8-5b2c-412c-8743-488d6262bc75,37.5421925,-119.1546365
2021-03-06,-1073,f4abc8d8-5b2c-412c-8743-488d6262bc75,37.5421925,-119.1546365
2021-03-07,2754,f4abc8d8-5b2c-412c-8743-488d6262bc75,37.5421925,-119.1546365
2021-03-08,797,f4abc8d8-5b2c-412c-8743-488d6262bc75,37.5421925,-119.1546365
2021-03-09,2969,f4abc8d8-5b2c-412c-8743-488d6262bc75,37.5421925,-119.1546365
2021-03-10,4774,f4abc8d8-5b2c-412c-8743-488d6262bc75,37.5421925,-119.1546365
2021-03-11,3552,f4abc8d8-5b2c-412c-8743-488d6262bc75,37.5421925,-119.1546365
2021-03-12,3254,f4abc8d8-5b2c-412c-8743-488d6262bc75,37.5421925,-119.1546365
2021-03-13,4246,f4abc8d8-5b2c-412c-8743-488d6262bc75,37.5421925,-119.1546365
2021-03-14,3332,f4abc8d8-5b2c-412c-8743-488d6262bc75,37.5421925,-119.1546365
2021-03-15,4863,f4abc8d8-5b2c-412c-8743-488d6262bc75,37.5421925,-119.1546365
2021-03-16,3323,f4abc8d8-5b2c-412c-8743-488d6262bc75,37.5421925,-119.1546365
2021-03-17,-179,f4abc8d8-5b2c-412c-8743-488d6262bc75,37.5421925,-119.1546365
2021-03-18,1450,f4abc8d8-5b2c-412c-8743-488d6262bc75,37.5421925,-119.1546365
2021-03-19,5184,f4abc8d8-5b2c-412c-8743-488d6262bc75,37.5421925,-119.1546365
2021-03-20,2790,f4abc8d8-5b2c-412c-8743-488d6262bc75,37.5421925,-119.1546365
2021-03-21,-799,f4abc8d8-5b2c-412c-8743-488d6262bc75,37.5421925,-119.1546365
2021-03-22,1125,f4abc8d8-5b2c-412c-8743-488d6262bc75,37.5421925,-119.1546365
2021-03-23,89,f4abc8d8-5b2c-412c-8743-488d6262bc75,37.5421925,-119.1546365
2021-03-24,-885,f4abc8d8-5b2c-412c-8743-488d6262bc75,37.5421925,-119.1546365
2021-03-25,-251,f4abc8d8-5b2c-412c-8743-488d6262bc75,37.5421925,-119.1546365
2021-03-26,-2384,f4abc8d8-5b2c-412c-8743-488d6262bc75,37.5421925,-119.1546365
2021-03-27,-2572,f4abc8d8-5b2c-412c-8743-488d6262bc75,37.5421925,-119.1546365
2021-03-28,-2479,f4abc8d8-5b2c-412c-8743-488d6262bc75,37.5421925,-119.1546365
2021-03-29,-3348,f4abc8d8-5b2c-412c-8743-488d6262bc75,37.5421925,-119.1546365
2021-03-30,-102,f4abc8d8-5b2c-412c-8743-488d6262bc75,37.5421925,-119.1546365
2021-03-31,-3686,f4abc8d8-5b2c-412c-8743-488d6262bc75,37.5421925,-119.1546365
2021-04-01,-1550,f4abc8d8-5b2c-412c-8743-488d6262bc75,37.5421925,-119.1546365
2021-04-02,-3735,f4abc8d8-5b2c-412c-8743-488d6262bc75,37.5421925,-119.1546365
2021-04-03,-3198,f4abc8d8-5b2c-412c-8743-488d6262bc75,37.5421925,-119.1546365
2021-04-04,-2226,f4abc8d8-5b2c-412c-8743-488d6262bc75,37.5421925,-119.1546365
2021-04-05,-3490,f4abc8d8-5b2c-412c-8743-488d6262bc75,37.5421925,-119.1546365
2021-04-06,-3075,f4abc8d8-5b2c-412c-8743-488d6262bc75,37.5421925,-119.1546365
2021-04-07,-3653,f4abc8d8-5b2c-412c-8743-488d6262bc75,37.5421925,-119.1546365
2021-04-08,-1619,f4abc8d8-5b2c-412c-8743-488d6262bc75,37.5421925,-119.1546365
2021-04-09,-3749,f4abc8d8-5b2c-412c-8743-488d6262bc75,37.5421925,-119.1546365
2021-04-10,-3177,f4abc8d8-5b2c-412c-8743-488d6262bc75,37.5421925,-119.1546365
2021-04-11,-3718,f4abc8d8-5b2c-412c-8743-488d6262bc75,37.5421925,-119.1546365
2021-04-12,-3578,f4abc8d8-5b2c-412c-8743-488d6262bc75,37.5421925,-119.1546365
2021-04-13,-3269,f4abc8d8-5b2c-412c-8743-488d6262bc75,37.5421925,-119.1546365
2021-04-14,947,f4abc8d8-5b2c-412c-8743-488d6262bc75,37.5421925,-119.1546365
2021-04-15,-2055,f4abc8d8-5b2c-412c-8743-488d6262bc75,37.5421925,-119.1546365
2021-04-16,-1383,f4abc8d8-5b2c-412c-8743-488d6262bc75,37.5421925,-119.1546365
2021-04-17,-2529,f4abc8d8-5b2c-412c-8743-488d6262bc75,37.5421925,-119.1546365
2021-04-18,-3822,f4abc8d8-5b2c-412c-8743-488d6262bc75,37.5421925,-119.1546365
2021-04-19,-3450,f4abc8d8-5b2c-412c-8743-488d6262bc75,37.5421925,-119.1546365
2021-04-20,-47,f4abc8d8-5b2c-412c-8743-488d6262bc75,37.5421925,-119.1546365
2021-04-21,-524,f4abc8d8-5b2c-412c-8743-488d6262bc75,37.5421925,-119.1546365
2021-04-22,481,f4abc8d8-5b2c-412c-8743-488d6262bc75,37.5421925,-119.1546365
2021-04-23,-3887,f4abc8d8-5b2c-412c-8743-488d6262bc75,37.5421925,-119.1546365
2021-04-24,290,f4abc8d8-5b2c-412c-8743-488d6262bc75,37.5421925,-119.1546365
2021-04-25,6717,f4abc8d8-5b2c-412c-8743-488d6262bc75,37.5421925,-119.1546365
2021-04-26,2335,f4abc8d8-5b2c-412c-8743-488d6262bc75,37.5421925,-119.1546365
2021-04-27,-3436,f4abc8d8-5b2c-412c-8743-488d6262bc75,37.5421925,-119.1546365
2021-04-28,-3538,f4abc8d8-5b2c-412c-8743-488d6262bc75,37.5421925,-119.1546365
2021-04-29,-3198,f4abc8d8-5b2c-412c-8743-488d6262bc75,37.5421925,-119.1546365
2021-04-30,-4085,f4abc8d8-5b2c-412c-8743-488d6262bc75,37.5421925,-119.1546365
2021-05-01,-1688,f4abc8d8-5b2c-412c-8743-488d6262bc75,37.5421925,-119.1546365
2021-05-02,-4073,f4abc8d8-5b2c-412c-8743-488d6262bc75,37.5421925,-119.1546365
2021-05-03,-3109,f4abc8d8-5b2c-412c-8743-488d6262bc75,37.5421925,-119.1546365
2021-05-04,-3838,f4abc8d8-5b2c-412c-8743-488d6262bc75,37.5421925,-119.1546365
2021-05-05,-3578,f4abc8d8-5b2c-412c-8743-488d6262bc75,37.5421925,-119.1546365
2021-05-06,-3575,f4abc8d8-5b2c-412c-8743-488d6262bc75,37.5421925,-119.1546365
2021-05-07,-3901,f4abc8d8-5b2c-412c-8743-488d6262bc75,37.5421925,-119.1546365
2021-05-08,-3306,f4abc8d8-5b2c-412c-8743-488d6262bc75,37.5421925,-119.1546365
2021-05-09,-3854,f4abc8d8-5b2c-412c-8743-488d6262bc75,37.5421925,-119.1546365
2021-05-10,-2803,f4abc8d8-5b2c-412c-8743-488d6262bc75,37.5421925,-119.1546365
2021-05-11,-4021,f4abc8d8-5b2c-412c-8743-488d6262bc75,37.5421925,-119.1546365
2021-05-12,-3365,f4abc8d8-5b2c-412c-8743-488d6262bc75,37.5421925,-119.1546365
2021-05-13,-3764,f4abc8d8-5b2c-412c-8743-488d6262bc75,37.5421925,-119.1546365
2021-05-14,-3669,f4abc8d8-5b2c-412c-8743-488d6262bc75,37.5421925,-119.1546365
2021-05-15,-3585,f4abc8d8-5b2c-412c-8743-488d6262bc75,37.5421925,-119.1546365
2021-05-16,-3797,f4abc8d8-5b2c-412c-8743-488d6262bc75,37.5421925,-119.1546365
2021-05-17,174,f4abc8d8-5b2c-412c-8743-488d6262bc75,37.5421925,-119.1546365
2021-05-18,-3961,f4abc8d8-5b2c-412c-8743-488d6262bc75,37.5421925,-119.1546365
2021-05-19,-3273,f4abc8d8-5b2c-412c-8743-488d6262bc75,37.5421925,-119.1546365
2021-05-20,-4150,f4abc8d8-5b2c-412c-8743-488d6262bc75,37.5421925,-119.1546365
2021-05-21,4307,f4abc8d8-5b2c-412c-8743-488d6262bc75,37.5421925,-119.1546365
2021-05-22,-275,f4abc8d8-5b2c-412c-8743-488d6262bc75,37.5421925,-119.1546365
2021-05-23,-3177,f4abc8d8-5b2c-412c-8743-488d6262bc75,37.5421925,-119.1546365
2021-05-24,-3506,f4abc8d8-5b2c-412c-8743-488d6262bc75,37.5421925,-119.1546365
2021-05-25,-910,f4abc8d8-5b2c-412c-8743-488d6262bc75,37.5421925,-119.1546365
2021-05-26,-2913,f4abc8d8-5b2c-412c-8743-488d6262bc75,37.5421925,-119.1546365
2021-05-27,-4163,f4abc8d8-5b2c-412c-8743-488d6262bc75,37.5421925,-119.1546365
2021-05-28,-3343,f4abc8d8-5b2c-412c-8743-488d6262bc75,37.5421925,-119.1546365
2021-05-29,-3747,f4abc8d8-5b2c-412c-8743-488d6262bc75,37.5421925,-119.1546365
2021-05-30,-3874,f4abc8d8-5b2c-412c-8743-488d6262bc75,37.5421925,-119.1546365
2021-05-31,-3585,f4abc8d8-5b2c-412c-8743-488d6262bc75,37.5421925,-119.1546365
2021-06-01,-3790,f4abc8d8-5b2c-412c-8743-488d6262bc75,37.5421925,-119.1546365
2021-06-02,-397,f4abc8d8-5b2c-412c-8743-488d6262bc75,37.5421925,-119.1546365
2021-06-03,4995,f4abc8d8-5b2c-412c-8743-488d6262bc75,37.5421925,-119.1546365
2021-06-04,-2892,f4abc8d8-5b2c-412c-8743-488d6262bc75,37.5421925,-119.1546365
2021-06-05,-4033,f4abc8d8-5b2c-412c-8743-488d6262bc75,37.5421925,-119.1546365
2021-06-06,-3693,f4abc8d8-5b2c-412c-8743-488d6262bc75,37.5421925,-119.1546365
2021-06-07,-2713,f4abc8d8-5b2c-412c-8743-488d6262bc75,37.5421925,-119.1546365
2021-06-08,-3879,f4abc8d8-5b2c-412c-8743-488d6262bc75,37.5421925,-119.1546365
2021-06-09,-2865,f4abc8d8-5b2c-412c-8743-488d6262bc75,37.5421925,-119.1546365
2021-06-10,-4179,f4abc8d8-5b2c-412c-8743-488d6262bc75,37.5421925,-119.1546365
2021-06-11,-3345,f4abc8d8-5b2c-412c-8743-488d6262bc75,37.5421925,-119.1546365
2021-06-12,-4128,f4abc8d8-5b2c-412c-8743-488d6262bc75,37.5421925,-119.1546365
2021-06-13,-3275,f4abc8d8-5b2c-412c-8743-488d6262bc75,37.5421925,-119.1546365
2021-06-14,-3986,f4abc8d8-5b2c-412c-8743-488d6262bc75,37.5421925,-119.1546365
2021-06-15,-3816,f4abc8d8-5b2c-412c-8743-488d6262bc75,37.5421925,-119.1546365
2021-06-16,3506,f4abc8d8-5b2c-412c-8743-488d6262bc75,37.5421925,-119.1546365
2021-06-17,-3712,f4abc8d8-5b2c-412c-8743-488d6262bc75,37.5421925,-119.1546365
2021-06-18,-2036,f4abc8d8-5b2c-412c-8743-488d6262bc75,37.5421925,-119.1546365
2021-06-19,-4064,f4abc8d8-5b2c-412c-8743-488d6262bc75,37.5421925,-119.1546365
2021-06-20,-2693,f4abc8d8-5b2c-412c-8743-488d6262bc75,37.5421925,-119.1546365
2021-06-21,-3856,f4abc8d8-5b2c-412c-8743-488d6262bc75,37.5421925,-119.1546365
2021-06-22,-3690,f4abc8d8-5b2c-412c-8743-488d6262bc75,37.5421925,-119.1546365
2021-06-23,-3765,f4abc8d8-5b2c-412c-8743-488d6262bc75,37.5421925,-119.1546365
2021-06-24,-3327,f4abc8d8-5b2c-412c-8743-488d6262bc75,37.5421925,-119.1546365
2021-06-25,-3284,f4abc8d8-5b2c-412c-8743-488d6262bc75,37.5421925,-119.1546365
2021-06-26,-4011,f4abc8d8-5b2c-412c-8743-488d6262bc75,37.5421925,-119.1546365
2021-06-27,-2633,f4abc8d8-5b2c-412c-8743-488d6262bc75,37.5421925,-119.1546365
2021-06-28,-4017,f4abc8d8-5b2c-412c-8743-488d6262bc75,37.5421925,-119.1546365
2021-06-29,5206,f4abc8d8-5b2c-412c-8743-488d6262bc75,37.5421925,-119.1546365
2021-06-30,-3796,f4abc8d8-5b2c-412c-8743-488d6262bc75,37.5421925,-119.1546365
2021-07-01,-3650,f4abc8d8-5b2c-412c-8743-488d6262bc75,37.5421925,-119.1546365
2021-07-02,-3662,f4abc8d8-5b2c-412c-8743-488d6262bc75,37.5421925,-119.1546365
2021-07-03,3378,f4abc8d8-5b2c-412c-8743-488d6262bc75,37.5421925,-119.1546365
2021-07-04,-2675,f4abc8d8-5b2c-412c-8743-488d6262bc75,37.5421925,-119.1546365
2021-07-05,-4100,f4abc8d8-5b2c-412c-8743-488d6262bc75,37.5421925,-119.1546365
2021-07-06,-3241,f4abc8d8-5b2c-412c-8743-488d6262bc75,37.5421925,-119.1546365
2021-07-07,-4101,f4abc8d8-5b2c-412c-8743-488d6262bc75,37.5421925,-119.1546365
2021-07-08,-3609,f4abc8d8-5b2c-412c-8743-488d6262bc75,37.5421925,-119.1546365
2021-07-09,-3633,f4abc8d8-5b2c-412c-8743-488d6262bc75,37.5421925,-119.1546365
2021-07-10,-3673,f4abc8d8-5b2c-412c-8743-488d6262bc75,37.5421925,-119.1546365
2021-07-11,-1397,f4abc8d8-5b2c-412c-8743-488d6262bc75,37.5421925,-119.1546365
2021-07-12,-3961,f4abc8d8-5b2c-412c-8743-488d6262bc75,37.5421925,-119.1546365
2021-07-13,-1238,f4abc8d8-5b2c-412c-8743-488d6262bc75,37.5421925,-119.1546365
2021-07-14,-4118,f4abc8d8-5b2c-412c-8743-488d6262bc75,37.5421925,-119.1546365
2021-07-15,-3528,f4abc8d8-5b2c-412c-8743-488d6262bc75,37.5421925,-119.1546365
2021-07-16,-3953,f4abc8d8-5b2c-412c-8743-488d6262bc75,37.5421925,-119.1546365
2021-07-17,-3786,f4abc8d8-5b2c-412c-8743-488d6262bc75,37.5421925,-119.1546365
2021-07-18,121,f4abc8d8-5b2c-412c-8743-488d6262bc75,37.5421925,-119.1546365
2021-07-19,5972,f4abc8d8-5b2c-412c-8743-488d6262bc75,37.5421925,-119.1546365
2021-07-20,-2261,f4abc8d8-5b2c-412c-8743-488d6262bc75,37.5421925,-119.1546365
2021-07-21,-4189,f4abc8d8-5b2c-412c-8743-488d6262bc75,37.5421925,-119.1546365
2021-07-22,-866,f4abc8d8-5b2c-412c-8743-488d6262bc75,37.5421925,-119.1546365
2021-07-23,-3743,f4abc8d8-5b2c-412c-8743-488d6262bc75,37.5421925,-119.1546365
2021-07-24,-3044,f4abc8d8-5b2c-412c-8743-488d6262bc75,37.5421925,-119.1546365
2021-07-25,-3231,f4abc8d8-5b2c-412c-8743-488d6262bc75,37.5421925,-119.1546365
2021-07-26,387,f4abc8d8-5b2c-412c-8743-488d6262bc75,37.5421925,-119.1546365
2021-07-27,-3476,f4abc8d8-5b2c-412c-8743-488d6262bc75,37.5421925,-119.1546365
2021-07-28,-3840,f4abc8d8-5b2c-412c-8743-488d6262bc75,37.5421925,-119.1546365
2021-07-29,1517,f4abc8d8-5b2c-412c-8743-488d6262bc75,37.5421925,-119.1546365
2021-07-30,-4171,f4abc8d8-5b2c-412c-8743-488d6262bc75,37.5421925,-119.1546365
2021-07-31,3281,f4abc8d8-5b2c-412c-8743-488d6262bc75,37.5421925,-119.1546365
2021-08-01,-3943,f4abc8d8-5b2c-412c-8743-488d6262bc75,37.5421925,-119.1546365
2021-08-02,-3763,f4abc8d8-5b2c-412c-8743-488d6262bc75,37.5421925,-119.1546365
2021-08-03,-3695,f4abc8d8-5b2c-412c-8743-488d6262bc75,37.5421925,-119.1546365
2021-08-04,-4012,f4abc8d8-5b2c-412c-8743-488d6262bc75,37.5421925,-119.1546365
2021-08-05,-2854,f4abc8d8-5b2c-412c-8743-488d6262bc75,37.5421925,-119.1546365
2021-08-06,-4139,f4abc8d8-5b2c-412c-8743-488d6262bc75,37.5421925,-119.1546365
2021-08-07,-2791,f4abc8d8-5b2c-412c-8743-488d6262bc75,37.5421925,-119.1546365
2021-08-08,-4043,f4abc8d8-5b2c-412c-8743-488d6262bc75,37.5421925,-119.1546365
2021-08-09,-3473,f4abc8d8-5b2c-412c-8743-488d6262bc75,37.5421925,-119.1546365
2021-08-10,-3729,f4abc8d8-5b2c-412c-8743-488d6262bc75,37.5421925,-119.1546365
2021-08-11,-3165,f4abc8d8-5b2c-412c-8743-488d6262bc75,37.5421925,-119.1546365
2021-08-12,-3282,f4abc8d8-5b2c-412c-8743-488d6262bc75,37.5421925,-119.1546365
2021-08-13,-3948,f4abc8d8-5b2c-412c-8743-488d6262bc75,37.5421925,-119.1546365
2021-08-14,-1002,f4abc8d8-5b2c-412c-8743-488d6262bc75,37.5421925,-119.1546365
2021-08-15,-3653,f4abc8d8-5b2c-412c-8743-488d6262bc75,37.5421925,-119.1546365
2021-08-17,-3819,f4abc8d8-5b2c-412c-8743-488d6262bc75,37.5421925,-119.1546365
2021-08-18,-3717,f4abc8d8-5b2c-412c-8743-488d6262bc75,37.5421925,-119.1546365
2021-08-19,-3045,f4abc8d8-5b2c-412c-8743-488d6262bc75,37.5421925,-119.1546365
2021-08-20,-2614,f4abc8d8-5b2c-412c-8743-488d6262bc75,37.5421925,-119.1546365
2021-08-21,-221,f4abc8d8-5b2c-412c-8743-488d6262bc75,37.5421925,-119.1546365
2021-08-22,-4072,f4abc8d8-5b2c-412c-8743-488d6262bc75,37.5421925,-119.1546365
2021-08-23,-1111,f4abc8d8-5b2c-412c-8743-488d6262bc75,37.5421925,-119.1546365
2021-08-24,-4031,f4abc8d8-5b2c-412c-8743-488d6262bc75,37.5421925,-119.1546365
2021-08-25,-3487,f4abc8d8-5b2c-412c-8743-488d6262bc75,37.5421925,-119.1546365
2021-08-26,-3832,f4abc8d8-5b2c-412c-8743-488d6262bc75,37.5421925,-119.1546365
2021-08-27,-3787,f4abc8d8-5b2c-412c-8743-488d6262bc75,37.5421925,-119.1546365
2021-08-28,-2925,f4abc8d8-5b2c-412c-8743-488d6262bc75,37.5421925,-119.1546365
2021-08-29,-4072,f4abc8d8-5b2c-412c-8743-488d6262bc75,37.5421925,-119.1546365
2021-08-30,-2898,f4abc8d8-5b2c-412c-8743-488d6262bc75,37.5421925,-119.1546365
2021-08-31,-4061,f4abc8d8-5b2c-412c-8743-488d6262bc75,37.5421925,-119.1546365
2021-09-01,-3520,f4abc8d8-5b2c-412c-8743-488d6262bc75,37.5421925,-119.1546365
2021-09-02,-4064,f4abc8d8-5b2c-412c-8743-488d6262bc75,37.5421925,-119.1546365
2021-09-03,-3595,f4abc8d8-5b2c-412c-8743-488d6262bc75,37.5421925,-119.1546365
2021-09-04,-3572,f4abc8d8-5b2c-412c-8743-488d6262bc75,37.5421925,-119.1546365
2021-09-05,-4095,f4abc8d8-5b2c-412c-8743-488d6262bc75,37.5421925,-119.1546365
2021-09-06,-2893,f4abc8d8-5b2c-412c-8743-488d6262bc75,37.5421925,-119.1546365
2021-09-07,-4044,f4abc8d8-5b2c-412c-8743-488d6262bc75,37.5421925,-119.1546365
2021-09-08,-3101,f4abc8d8-5b2c-412c-8743-488d6262bc75,37.5421925,-119.1546365
2021-09-09,-3974,f4abc8d8-5b2c-412c-8743-488d6262bc75,37.5421925,-119.1546365
2021-09-10,795,f4abc8d8-5b2c-412c-8743-488d6262bc75,37.5421925,-119.1546365
2021-09-11,-3810,f4abc8d8-5b2c-412c-8743-488d6262bc75,37.5421925,-119.1546365
2021-09-12,-3918,f4abc8d8-5b2c-412c-8743-488d6262bc75,37.5421925,-119.1546365
2021-09-13,-3418,f4abc8d8-5b2c-412c-8743-488d6262bc75,37.5421925,-119.1546365
2021-09-14,-4032,f4abc8d8-5b2c-412c-8743-488d6262bc75,37.5421925,-119.1546365
2021-09-15,-1392,f4abc8d8-5b2c-412c-8743-488d6262bc75,37.5421925,-119.1546365
2021-09-16,-2890,f4abc8d8-5b2c-412c-8743-488d6262bc75,37.5421925,-119.1546365
2021-09-17,785,f4abc8d8-5b2c-412c-8743-488d6262bc75,37.5421925,-119.1546365
2021-09-18,-3055,f4abc8d8-5b2c-412c-8743-488d6262bc75,37.5421925,-119.1546365
2021-09-19,-4002,f4abc8d8-5b2c-412c-8743-488d6262bc75,37.5421925,-119.1546365
2021-09-20,-3723,f4abc8d8-5b2c-412c-8743-488d6262bc75,37.5421925,-119.1546365
2021-09-21,-1508,f4abc8d8-5b2c-412c-8743-488d6262bc75,37.5421925,-119.1546365
2021-09-23,-3567,f4abc8d8-5b2c-412c-8743-488d6262bc75,37.5421925,-119.1546365
2021-09-24,-378,f4abc8d8-5b2c-412c-8743-488d6262bc75,37.5421925,-119.1546365
2021-09-25,-3784,f4abc8d8-5b2c-412c-8743-488d6262bc75,37.5421925,-119.1546365
2021-09-26,-1465,f4abc8d8-5b2c-412c-8743-488d6262bc75,37.5421925,-119.1546365
2021-09-27,-3633,f4abc8d8-5b2c-412c-8743-488d6262bc75,37.5421925,-119.1546365
2021-09-28,-4040,f4abc8d8-5b2c-412c-8743-488d6262bc75,37.5421925,-119.1546365
2021-09-29,-3373,f4abc8d8-5b2c-412c-8743-488d6262bc75,37.5421925,-119.1546365
2021-09-30,-3895,f4abc8d8-5b2c-412c-8743-488d6262bc75,37.5421925,-119.1546365
2021-10-01,1482,f4abc8d8-5b2c-412c-8743-488d6262bc75,37.5421925,-119.1546365
2021-10-02,-2030,f4abc8d8-5b2c-412c-8743-488d6262bc75,37.5421925,-119.1546365
2021-10-03,-1546,f4abc8d8-5b2c-412c-8743-488d6262bc75,37.5421925,-119.1546365
2021-10-04,248,f4abc8d8-5b2c-412c-8743-488d6262bc75,37.5421925,-119.1546365
2021-10-05,228,f4abc8d8-5b2c-412c-8743-488d6262bc75,37.5421925,-119.1546365
2021-10-06,98,f4abc8d8-5b2c-412c-8743-488d6262bc75,37.5421925,-119.1546365
2021-10-07,-744,f4abc8d8-5b2c-412c-8743-488d6262bc75,37.5421925,-119.1546365
2021-10-08,3793,f4abc8d8-5b2c-412c-8743-488d6262bc75,37.5421925,-119.1546365
2021-10-09,-3790,f4abc8d8-5b2c-412c-8743-488d6262bc75,37.5421925,-119.1546365
2021-10-10,-3074,f4abc8d8-5b2c-412c-8743-488d6262bc75,37.5421925,-119.1546365
2021-10-11,673,f4abc8d8-5b2c-412c-8743-488d6262bc75,37.5421925,-119.1546365
2021-10-12,-3514,f4abc8d8-5b2c-412c-8743-488d6262bc75,37.5421925,-119.1546365
2021-10-13,-3632,f4abc8d8-5b2c-412c-8743-488d6262bc75,37.5421925,-119.1546365
2021-10-14,-3957,f4abc8d8-5b2c-412c-8743-488d6262bc75,37.5421925,-119.1546365
2021-10-15,-3368,f4abc8d8-5b2c-412c-8743-488d6262bc75,37.5421925,-119.1546365
2021-10-16,-4220,f4abc8d8-5b2c-412c-8743-488d6262bc75,37.5421925,-119.1546365
2021-10-17,960,f4abc8d8-5b2c-412c-8743-488d6262bc75,37.5421925,-119.1546365
2021-10-18,277,f4abc8d8-5b2c-412c-8743-488d6262bc75,37.5421925,-119.1546365
2021-10-19,-3093,f4abc8d8-5b2c-412c-8743-488d6262bc75,37.5421925,-119.1546365
2021-10-20,504,f4abc8d8-5b2c-412c-8743-488d6262bc75,37.5421925,-119.1546365
2021-10-21,-3382,f4abc8d8-5b2c-412c-8743-488d6262bc75,37.5421925,-119.1546365
2021-10-22,1862,f4abc8d8-5b2c-412c-8743-488d6262bc75,37.5421925,-119.1546365
2021-10-23,869,f4abc8d8-5b2c-412c-8743-488d6262bc75,37.5421925,-119.1546365
2021-10-24,2581,f4abc8d8-5b2c-412c-8743-488d6262bc75,37.5421925,-119.1546365
2021-10-25,5414,f4abc8d8-5b2c-412c-8743-488d6262bc75,37.5421925,-119.1546365
2021-10-26,5974,f4abc8d8-5b2c-412c-8743-488d6262bc75,37.5421925,-119.1546365
2021-10-27,-154,f4abc8d8-5b2c-412c-8743-488d6262bc75,37.5421925,-119.1546365
2021-10-28,-3381,f4abc8d8-5b2c-412c-8743-488d6262bc75,37.5421925,-119.1546365
2021-10-29,-3653,f4abc8d8-5b2c-412c-8743-488d6262bc75,37.5421925,-119.1546365
2021-10-30,-3768,f4abc8d8-5b2c-412c-8743-488d6262bc75,37.5421925,-119.1546365
2021-10-31,-3199,f4abc8d8-5b2c-412c-8743-488d6262bc75,37.5421925,-119.1546365
2021-11-01,5148,f4abc8d8-5b2c-412c-8743-488d6262bc75,37.5421925,-119.1546365
2021-11-02,-2177,f4abc8d8-5b2c-412c-8743-488d6262bc75,37.5421925,-119.1546365
2021-11-03,-3965,f4abc8d8-5b2c-412c-8743-488d6262bc75,37.5421925,-119.1546365
2021-11-04,-2864,f4abc8d8-5b2c-412c-8743-488d6262bc75,37.5421925,-119.1546365
2021-11-05,-3917,f4abc8d8-5b2c-412c-8743-488d6262bc75,37.5421925,-119.1546365
2021-11-06,-1720,f4abc8d8-5b2c-412c-8743-488d6262bc75,37.5421925,-119.1546365
2021-11-07,-21,f4abc8d8-5b2c-412c-8743-488d6262bc75,37.5421925,-119.1546365
2021-11-08,-3440,f4abc8d8-5b2c-412c-8743-488d6262bc75,37.5421925,-119.1546365
2021-11-09,2395,f4abc8d8-5b2c-412c-8743-488d6262bc75,37.5421925,-119.1546365
2021-11-10,2195,f4abc8d8-5b2c-412c-8743-488d6262bc75,37.5421925,-119.1546365
2021-11-11,-2449,f4abc8d8-5b2c-412c-8743-488d6262bc75,37.5421925,-119.1546365
2021-11-12,-3802,f4abc8d8-5b2c-412c-8743-488d6262bc75,37.5421925,-119.1546365
2021-11-13,-3499,f4abc8d8-5b2c-412c-8743-488d6262bc75,37.5421925,-119.1546365
2021-11-14,-3688,f4abc8d8-5b2c-412c-8743-488d6262bc75,37.5421925,-119.1546365
2021-11-15,832,f4abc8d8-5b2c-412c-8743-488d6262bc75,37.5421925,-119.1546365
2021-11-16,-3381,f4abc8d8-5b2c-412c-8743-488d6262bc75,37.5421925,-119.1546365
2021-11-17,-3910,f4abc8d8-5b2c-412c-8743-488d6262bc75,37.5421925,-119.1546365
2021-11-18,1385,f4abc8d8-5b2c-412c-8743-488d6262bc75,37.5421925,-119.1546365
2021-11-19,-3098,f4abc8d8-5b2c-412c-8743-488d6262bc75,37.5421925,-119.1546365
2021-11-20,-3040,f4abc8d8-5b2c-412c-8743-488d6262bc75,37.5421925,-119.1546365
2021-11-21,-3744,f4abc8d8-5b2c-412c-8743-488d6262bc75,37.5421925,-119.1546365
2021-11-22,-3721,f4abc8d8-5b2c-412c-8743-488d6262bc75,37.5421925,-119.1546365
2021-11-23,-3668,f4abc8d8-5b2c-412c-8743-488d6262bc75,37.5421925,-119.1546365
2021-11-24,-3826,f4abc8d8-5b2c-412c-8743-488d6262bc75,37.5421925,-119.1546365
2021-11-25,-3156,f4abc8d8-5b2c-412c-8743-488d6262bc75,37.5421925,-119.1546365
2021-11-26,-2788,f4abc8d8-5b2c-412c-8743-488d6262bc75,37.5421925,-119.1546365
2021-11-27,-2523,f4abc8d8-5b2c-412c-8743-488d6262bc75,37.5421925,-119.1546365
2021-11-28,-3816,f4abc8d8-5b2c-412c-8743-488d6262bc75,37.5421925,-119.1546365
2021-11-29,-3418,f4abc8d8-5b2c-412c-8743-488d6262bc75,37.5421925,-119.1546365
2021-11-30,-3688,f4abc8d8-5b2c-412c-8743-488d6262bc75,37.5421925,-119.1546365
2021-12-01,-3770,f4abc8d8-5b2c-412c-8743-488d6262bc75,37.5421925,-119.1546365
2021-12-02,-3331,f4abc8d8-5b2c-412c-8743-488d6262bc75,37.5421925,-119.1546365
2021-12-03,-3042,f4abc8d8-5b2c-412c-8743-488d6262bc75,37.5421925,-119.1546365
2021-12-04,-2037,f4abc8d8-5b2c-412c-8743-488d6262bc75,37.5421925,-119.1546365
2021-12-05,-3502,f4abc8d8-5b2c-412c-8743-488d6262bc75,37.5421925,-119.1546365
2021-12-06,1614,f4abc8d8-5b2c-412c-8743-488d6262bc75,37.5421925,-119.1546365
2021-12-07,-3474,f4abc8d8-5b2c-412c-8743-488d6262bc75,37.5421925,-119.1546365
2021-12-08,-3490,f4abc8d8-5b2c-412c-8743-488d6262bc75,37.5421925,-119.1546365
2021-12-09,1784,f4abc8d8-5b2c-412c-8743-488d6262bc75,37.5421925,-119.1546365
2021-12-10,7129,f4abc8d8-5b2c-412c-8743-488d6262bc75,37.5421925,-119.1546365
2021-12-11,2334,f4abc8d8-5b2c-412c-8743-488d6262bc75,37.5421925,-119.1546365
2021-12-12,2445,f4abc8d8-5b2c-412c-8743-488d6262bc75,37.5421925,-119.1546365
2021-12-13,1836,f4abc8d8-5b2c-412c-8743-488d6262bc75,37.5421925,-119.1546365
2021-12-14,6011,f4abc8d8-5b2c-412c-8743-488d6262bc75,37.5421925,-119.1546365
2021-12-15,6850,f4abc8d8-5b2c-412c-8743-488d6262bc75,37.5421925,-119.1546365
2021-12-16,4204,f4abc8d8-5b2c-412c-8743-488d6262bc75,37.5421925,-119.1546365
2021-12-17,6947,f4abc8d8-5b2c-412c-8743-488d6262bc75,37.5421925,-119.1546365
2021-12-18,6369,f4abc8d8-5b2c-412c-8743-488d6262bc75,37.5421925,-119.1546365
2021-12-19,8120,f4abc8d8-5b2c-412c-8743-488d6262bc75,37.5421925,-119.1546365
2021-12-20,5159,f4abc8d8-5b2c-412c-8743-488d6262bc75,37.5421925,-119.1546365
2021-12-21,7642,f4abc8d8-5b2c-412c-8743-488d6262bc75,37.5421925,-119.1546365
2021-12-22,3094,f4abc8d8-5b2c-412c-8743-488d6262bc75,37.5421925,-119.1546365
2021-12-23,3769,f4abc8d8-5b2c-412c-8743-488d6262bc75,37.5421925,-119.1546365
2021-12-24,2300,f4abc8d8-5b2c-412c-8743-488d6262bc75,37.5421925,-119.1546365
2021-12-25,1194,f4abc8d8-5b2c-412c-8743-488d6262bc75,37.5421925,-119.1546365
2021-12-26,5999,f4abc8d8-5b2c-412c-8743-488d6262bc75,37.5421925,-119.1546365
2021-12-27,3403,f4abc8d8-5b2c-412c-8743-488d6262bc75,37.5421925,-119.1546365
2021-12-28,6204,f4abc8d8-5b2c-412c-8743-488d6262bc75,37.5421925,-119.1546365
2021-12-29,2549,f4abc8d8-5b2c-412c-8743-488d6262bc75,37.5421925,-119.1546365
2021-12-30,7570,f4abc8d8-5b2c-412c-8743-488d6262bc75,37.5421925,-119.1546365
