date,mod10a1_ndsi,cell_id,latitude,longitude
2013-01-01,3224.116397134081,184ff116-78b4-442d-b468-ecc5849a9171,37.7910725,-107.9706105
2013-01-02,6143.467330831341,184ff116-78b4-442d-b468-ecc5849a9171,37.7910725,-107.9706105
2013-01-03,7055.190419651992,184ff116-78b4-442d-b468-ecc5849a9171,37.7910725,-107.9706105
2013-01-04,5505.757743659728,184ff116-78b4-442d-b468-ecc5849a9171,37.7910725,-107.9706105
2013-01-05,6289.170176276579,184ff116-78b4-442d-b468-ecc5849a9171,37.7910725,-107.9706105
2013-01-06,5128.169302854537,184ff116-78b4-442d-b468-ecc5849a9171,37.7910725,-107.9706105
2013-01-07,6153.422904583191,184ff116-78b4-442d-b468-ecc5849a9171,37.7910725,-107.9706105
2013-01-08,6502.723143409528,184ff116-78b4-442d-b468-ecc5849a9171,37.7910725,-107.9706105
2013-01-09,5822.017814170362,184ff116-78b4-442d-b468-ecc5849a9171,37.7910725,-107.9706105
2013-01-10,5560.392735130215,184ff116-78b4-442d-b468-ecc5849a9171,37.7910725,-107.9706105
2013-01-11,2688.4357784601366,184ff116-78b4-442d-b468-ecc5849a9171,37.7910725,-107.9706105
2013-01-12,4555.869064028204,184ff116-78b4-442d-b468-ecc5849a9171,37.7910725,-107.9706105
2013-01-13,2547.9585897873308,184ff116-78b4-442d-b468-ecc5849a9171,37.7910725,-107.9706105
2013-01-14,3943.5231434095313,184ff116-78b4-442d-b468-ecc5849a9171,37.7910725,-107.9706105
2013-01-15,4990.852346184461,184ff116-78b4-442d-b468-ecc5849a9171,37.7910725,-107.9706105
2013-01-16,5494.534575230296,184ff116-78b4-442d-b468-ecc5849a9171,37.7910725,-107.9706105
2013-01-17,6362.879426816787,184ff116-78b4-442d-b468-ecc5849a9171,37.7910725,-107.9706105
2013-01-18,5814.805845558966,184ff116-78b4-442d-b468-ecc5849a9171,37.7910725,-107.9706105
2013-01-19,7056.908595473669,184ff116-78b4-442d-b468-ecc5849a9171,37.7910725,-107.9706105
2013-01-20,5675.269728192881,184ff116-78b4-442d-b468-ecc5849a9171,37.7910725,-107.9706105
2013-01-21,6163.53272375753,184ff116-78b4-442d-b468-ecc5849a9171,37.7910725,-107.9706105
2013-01-22,5865.655048333899,184ff116-78b4-442d-b468-ecc5849a9171,37.7910725,-107.9706105
2013-01-23,5650.382677129532,184ff116-78b4-442d-b468-ecc5849a9171,37.7910725,-107.9706105
2013-01-24,672.9414306834974,184ff116-78b4-442d-b468-ecc5849a9171,37.7910725,-107.9706105
2013-01-25,2876.668791083816,184ff116-78b4-442d-b468-ecc5849a9171,37.7910725,-107.9706105
2013-01-26,5791.739547367222,184ff116-78b4-442d-b468-ecc5849a9171,37.7910725,-107.9706105
2013-01-27,4327.485063118387,184ff116-78b4-442d-b468-ecc5849a9171,37.7910725,-107.9706105
2013-01-28,4003.5193449334674,184ff116-78b4-442d-b468-ecc5849a9171,37.7910725,-107.9706105
2013-01-29,3743.7932218810392,184ff116-78b4-442d-b468-ecc5849a9171,37.7910725,-107.9706105
2013-01-30,3478.1109018537454,184ff116-78b4-442d-b468-ecc5849a9171,37.7910725,-107.9706105
2013-01-31,5929.279495052885,184ff116-78b4-442d-b468-ecc5849a9171,37.7910725,-107.9706105
2013-02-01,6714.227499147049,184ff116-78b4-442d-b468-ecc5849a9171,37.7910725,-107.9706105
2013-02-02,4942.421007619695,184ff116-78b4-442d-b468-ecc5849a9171,37.7910725,-107.9706105
2013-02-03,3816.4641601273747,184ff116-78b4-442d-b468-ecc5849a9171,37.7910725,-107.9706105
2013-02-04,6844.524526327756,184ff116-78b4-442d-b468-ecc5849a9171,37.7910725,-107.9706105
2013-02-05,5762.2431115660165,184ff116-78b4-442d-b468-ecc5849a9171,37.7910725,-107.9706105
2013-02-06,5026.481055384966,184ff116-78b4-442d-b468-ecc5849a9171,37.7910725,-107.9706105
2013-02-07,4955.249789605368,184ff116-78b4-442d-b468-ecc5849a9171,37.7910725,-107.9706105
2013-02-08,3904.4537654952765,184ff116-78b4-442d-b468-ecc5849a9171,37.7910725,-107.9706105
2013-02-09,3479.5823268509034,184ff116-78b4-442d-b468-ecc5849a9171,37.7910725,-107.9706105
2013-02-10,4428.352534970997,184ff116-78b4-442d-b468-ecc5849a9171,37.7910725,-107.9706105
2013-02-11,5443.534793585807,184ff116-78b4-442d-b468-ecc5849a9171,37.7910725,-107.9706105
2013-02-12,6044.730954168084,184ff116-78b4-442d-b468-ecc5849a9171,37.7910725,-107.9706105
2013-02-13,6890.396838394173,184ff116-78b4-442d-b468-ecc5849a9171,37.7910725,-107.9706105
2013-02-14,3495.068017741384,184ff116-78b4-442d-b468-ecc5849a9171,37.7910725,-107.9706105
2013-02-15,4968.865533947455,184ff116-78b4-442d-b468-ecc5849a9171,37.7910725,-107.9706105
2013-02-16,6196.996301603545,184ff116-78b4-442d-b468-ecc5849a9171,37.7910725,-107.9706105
2013-02-17,3249.8523689298313,184ff116-78b4-442d-b468-ecc5849a9171,37.7910725,-107.9706105
2013-02-18,5599.772068691004,184ff116-78b4-442d-b468-ecc5849a9171,37.7910725,-107.9706105
2013-02-19,5161.62952348459,184ff116-78b4-442d-b468-ecc5849a9171,37.7910725,-107.9706105
2013-02-20,4420.976722392811,184ff116-78b4-442d-b468-ecc5849a9171,37.7910725,-107.9706105
2013-02-21,2418.1086773569873,184ff116-78b4-442d-b468-ecc5849a9171,37.7910725,-107.9706105
2013-02-22,4440.31384965313,184ff116-78b4-442d-b468-ecc5849a9171,37.7910725,-107.9706105
2013-02-23,4130.98022972819,184ff116-78b4-442d-b468-ecc5849a9171,37.7910725,-107.9706105
2013-02-24,6451.069045831909,184ff116-78b4-442d-b468-ecc5849a9171,37.7910725,-107.9706105
2013-02-25,6229.560004549075,184ff116-78b4-442d-b468-ecc5849a9171,37.7910725,-107.9706105
2013-02-26,3516.979410895029,184ff116-78b4-442d-b468-ecc5849a9171,37.7910725,-107.9706105
2013-02-27,6366.790319572386,184ff116-78b4-442d-b468-ecc5849a9171,37.7910725,-107.9706105
2013-02-28,5231.369998862731,184ff116-78b4-442d-b468-ecc5849a9171,37.7910725,-107.9706105
2013-03-01,5679.223409530302,184ff116-78b4-442d-b468-ecc5849a9171,37.7910725,-107.9706105
2013-03-02,5647.330558398725,184ff116-78b4-442d-b468-ecc5849a9171,37.7910725,-107.9706105
2013-03-03,3660.140975776183,184ff116-78b4-442d-b468-ecc5849a9171,37.7910725,-107.9706105
2013-03-04,3046.929862390537,184ff116-78b4-442d-b468-ecc5849a9171,37.7910725,-107.9706105
2013-03-05,6032.385729557601,184ff116-78b4-442d-b468-ecc5849a9171,37.7910725,-107.9706105
2013-03-06,6899.422190378707,184ff116-78b4-442d-b468-ecc5849a9171,37.7910725,-107.9706105
2013-03-07,5795.7493233253745,184ff116-78b4-442d-b468-ecc5849a9171,37.7910725,-107.9706105
2013-03-08,4826.141530763104,184ff116-78b4-442d-b468-ecc5849a9171,37.7910725,-107.9706105
2013-03-09,3095.899283520982,184ff116-78b4-442d-b468-ecc5849a9171,37.7910725,-107.9706105
2013-03-10,6472.068991243031,184ff116-78b4-442d-b468-ecc5849a9171,37.7910725,-107.9706105
2013-03-11,5730.910783577845,184ff116-78b4-442d-b468-ecc5849a9171,37.7910725,-107.9706105
2013-03-12,6420.8906129876,184ff116-78b4-442d-b468-ecc5849a9171,37.7910725,-107.9706105
2013-03-13,7008.0855453201375,184ff116-78b4-442d-b468-ecc5849a9171,37.7910725,-107.9706105
2013-03-14,6877.395651086089,184ff116-78b4-442d-b468-ecc5849a9171,37.7910725,-107.9706105
2013-03-15,4725.683188900262,184ff116-78b4-442d-b468-ecc5849a9171,37.7910725,-107.9706105
2013-03-16,1419.3231525076756,184ff116-78b4-442d-b468-ecc5849a9171,37.7910725,-107.9706105
2013-03-17,3933.5460479927197,184ff116-78b4-442d-b468-ecc5849a9171,37.7910725,-107.9706105
2013-03-18,4064.1454566132147,184ff116-78b4-442d-b468-ecc5849a9171,37.7910725,-107.9706105
2013-03-19,4261.20278403275,184ff116-78b4-442d-b468-ecc5849a9171,37.7910725,-107.9706105
2013-03-20,2104.3805254179447,184ff116-78b4-442d-b468-ecc5849a9171,37.7910725,-107.9706105
2013-03-21,4670.255848970773,184ff116-78b4-442d-b468-ecc5849a9171,37.7910725,-107.9706105
2013-03-22,2067.7717229614464,184ff116-78b4-442d-b468-ecc5849a9171,37.7910725,-107.9706105
2013-03-23,3856.3860661890126,184ff116-78b4-442d-b468-ecc5849a9171,37.7910725,-107.9706105
2013-03-24,5965.856012737402,184ff116-78b4-442d-b468-ecc5849a9171,37.7910725,-107.9706105
2013-03-25,5065.522219947683,184ff116-78b4-442d-b468-ecc5849a9171,37.7910725,-107.9706105
2013-03-26,894.6842670305925,184ff116-78b4-442d-b468-ecc5849a9171,37.7910725,-107.9706105
2013-03-27,4517.625715910382,184ff116-78b4-442d-b468-ecc5849a9171,37.7910725,-107.9706105
2013-03-28,5500.359399522347,184ff116-78b4-442d-b468-ecc5849a9171,37.7910725,-107.9706105
2013-03-29,4338.693306038895,184ff116-78b4-442d-b468-ecc5849a9171,37.7910725,-107.9706105
2013-03-30,965.250958717161,184ff116-78b4-442d-b468-ecc5849a9171,37.7910725,-107.9706105
2013-03-31,7190.409689525758,184ff116-78b4-442d-b468-ecc5849a9171,37.7910725,-107.9706105
2013-04-01,5255.285636301601,184ff116-78b4-442d-b468-ecc5849a9171,37.7910725,-107.9706105
2013-04-02,3891.8350278630733,184ff116-78b4-442d-b468-ecc5849a9171,37.7910725,-107.9706105
2013-04-03,6251.57739110656,184ff116-78b4-442d-b468-ecc5849a9171,37.7910725,-107.9706105
2013-04-04,6355.863655180253,184ff116-78b4-442d-b468-ecc5849a9171,37.7910725,-107.9706105
2013-04-05,2795.7864801546675,184ff116-78b4-442d-b468-ecc5849a9171,37.7910725,-107.9706105
2013-04-06,5824.767842602069,184ff116-78b4-442d-b468-ecc5849a9171,37.7910725,-107.9706105
2013-04-07,1670.2468736494939,184ff116-78b4-442d-b468-ecc5849a9171,37.7910725,-107.9706105
2013-04-08,2863.9626430114863,184ff116-78b4-442d-b468-ecc5849a9171,37.7910725,-107.9706105
2013-04-09,5758.799886273167,184ff116-78b4-442d-b468-ecc5849a9171,37.7910725,-107.9706105
2013-04-10,4625.70644376208,184ff116-78b4-442d-b468-ecc5849a9171,37.7910725,-107.9706105
2013-04-11,1205.7574343227566,184ff116-78b4-442d-b468-ecc5849a9171,37.7910725,-107.9706105
2013-04-12,3904.77945638576,184ff116-78b4-442d-b468-ecc5849a9171,37.7910725,-107.9706105
2013-04-13,4969.329393836002,184ff116-78b4-442d-b468-ecc5849a9171,37.7910725,-107.9706105
2013-04-14,3849.037784601386,184ff116-78b4-442d-b468-ecc5849a9171,37.7910725,-107.9706105
2013-04-15,1435.4919868076865,184ff116-78b4-442d-b468-ecc5849a9171,37.7910725,-107.9706105
2013-04-16,2831.2893210508346,184ff116-78b4-442d-b468-ecc5849a9171,37.7910725,-107.9706105
2013-04-17,4759.766887296713,184ff116-78b4-442d-b468-ecc5849a9171,37.7910725,-107.9706105
2013-04-18,4295.400859774819,184ff116-78b4-442d-b468-ecc5849a9171,37.7910725,-107.9706105
2013-04-19,4723.859824860683,184ff116-78b4-442d-b468-ecc5849a9171,37.7910725,-107.9706105
2013-04-20,2623.394400090981,184ff116-78b4-442d-b468-ecc5849a9171,37.7910725,-107.9706105
2013-04-21,5348.9353258273595,184ff116-78b4-442d-b468-ecc5849a9171,37.7910725,-107.9706105
2013-04-22,3042.5677561696784,184ff116-78b4-442d-b468-ecc5849a9171,37.7910725,-107.9706105
2013-04-23,4532.338532923914,184ff116-78b4-442d-b468-ecc5849a9171,37.7910725,-107.9706105
2013-04-24,3046.3403161605816,184ff116-78b4-442d-b468-ecc5849a9171,37.7910725,-107.9706105
2013-04-25,1304.6261890139879,184ff116-78b4-442d-b468-ecc5849a9171,37.7910725,-107.9706105
2013-04-26,3588.6966177641266,184ff116-78b4-442d-b468-ecc5849a9171,37.7910725,-107.9706105
2013-04-27,1596.402988741044,184ff116-78b4-442d-b468-ecc5849a9171,37.7910725,-107.9706105
2013-04-28,2394.847041965198,184ff116-78b4-442d-b468-ecc5849a9171,37.7910725,-107.9706105
2013-04-29,385.67857614011115,184ff116-78b4-442d-b468-ecc5849a9171,37.7910725,-107.9706105
2013-04-30,481.0050130785853,184ff116-78b4-442d-b468-ecc5849a9171,37.7910725,-107.9706105
2013-05-01,-1577.1705993403834,184ff116-78b4-442d-b468-ecc5849a9171,37.7910725,-107.9706105
2013-05-02,-38.624010007960905,184ff116-78b4-442d-b468-ecc5849a9171,37.7910725,-107.9706105
2013-05-03,-320.8621357898329,184ff116-78b4-442d-b468-ecc5849a9171,37.7910725,-107.9706105
2013-05-04,694.6259979529169,184ff116-78b4-442d-b468-ecc5849a9171,37.7910725,-107.9706105
2013-05-05,5187.45190492437,184ff116-78b4-442d-b468-ecc5849a9171,37.7910725,-107.9706105
2013-05-06,5946.043402706694,184ff116-78b4-442d-b468-ecc5849a9171,37.7910725,-107.9706105
2013-05-07,4509.775416808823,184ff116-78b4-442d-b468-ecc5849a9171,37.7910725,-107.9706105
2013-05-08,3152.2697145456605,184ff116-78b4-442d-b468-ecc5849a9171,37.7910725,-107.9706105
2013-05-09,5673.901121346524,184ff116-78b4-442d-b468-ecc5849a9171,37.7910725,-107.9706105
2013-05-10,1652.9210098942335,184ff116-78b4-442d-b468-ecc5849a9171,37.7910725,-107.9706105
2013-05-11,219.6747321733196,184ff116-78b4-442d-b468-ecc5849a9171,37.7910725,-107.9706105
2013-05-12,-368.49399749800955,184ff116-78b4-442d-b468-ecc5849a9171,37.7910725,-107.9706105
2013-05-13,192.35513249175474,184ff116-78b4-442d-b468-ecc5849a9171,37.7910725,-107.9706105
2013-05-14,1086.1487592403043,184ff116-78b4-442d-b468-ecc5849a9171,37.7910725,-107.9706105
2013-05-15,3713.5490981452663,184ff116-78b4-442d-b468-ecc5849a9171,37.7910725,-107.9706105
2013-05-16,-917.993062663482,184ff116-78b4-442d-b468-ecc5849a9171,37.7910725,-107.9706105
2013-05-17,-2565.1899556465364,184ff116-78b4-442d-b468-ecc5849a9171,37.7910725,-107.9706105
2013-05-18,246.22393267371766,184ff116-78b4-442d-b468-ecc5849a9171,37.7910725,-107.9706105
2013-05-19,4192.995014215852,184ff116-78b4-442d-b468-ecc5849a9171,37.7910725,-107.9706105
2013-05-20,-78.88262026612072,184ff116-78b4-442d-b468-ecc5849a9171,37.7910725,-107.9706105
2013-05-21,-465.40046400545896,184ff116-78b4-442d-b468-ecc5849a9171,37.7910725,-107.9706105
2013-05-22,-3316.4885158648917,184ff116-78b4-442d-b468-ecc5849a9171,37.7910725,-107.9706105
2013-05-23,-2942.420206982825,184ff116-78b4-442d-b468-ecc5849a9171,37.7910725,-107.9706105
2013-05-24,-2933.0016149209578,184ff116-78b4-442d-b468-ecc5849a9171,37.7910725,-107.9706105
2013-05-25,-3411.8984919822597,184ff116-78b4-442d-b468-ecc5849a9171,37.7910725,-107.9706105
2013-05-26,-185.27197088593203,184ff116-78b4-442d-b468-ecc5849a9171,37.7910725,-107.9706105
2013-05-27,-3714.4398271352215,184ff116-78b4-442d-b468-ecc5849a9171,37.7910725,-107.9706105
2013-05-28,1633.7116842943233,184ff116-78b4-442d-b468-ecc5849a9171,37.7910725,-107.9706105
2013-05-29,-1708.2252928465828,184ff116-78b4-442d-b468-ecc5849a9171,37.7910725,-107.9706105
2013-05-30,-1949.0494484248843,184ff116-78b4-442d-b468-ecc5849a9171,37.7910725,-107.9706105
2013-05-31,-3416.7262959172067,184ff116-78b4-442d-b468-ecc5849a9171,37.7910725,-107.9706105
2013-06-01,-3503.7878994654834,184ff116-78b4-442d-b468-ecc5849a9171,37.7910725,-107.9706105
2013-06-02,825.8755692027747,184ff116-78b4-442d-b468-ecc5849a9171,37.7910725,-107.9706105
2013-06-03,1133.1818673945181,184ff116-78b4-442d-b468-ecc5849a9171,37.7910725,-107.9706105
2013-06-04,2369.984933469805,184ff116-78b4-442d-b468-ecc5849a9171,37.7910725,-107.9706105
2013-06-05,-3440.359135676104,184ff116-78b4-442d-b468-ecc5849a9171,37.7910725,-107.9706105
2013-06-06,-2425.1179392698727,184ff116-78b4-442d-b468-ecc5849a9171,37.7910725,-107.9706105
2013-06-07,1029.7222862844583,184ff116-78b4-442d-b468-ecc5849a9171,37.7910725,-107.9706105
2013-06-08,-3212.1178437393364,184ff116-78b4-442d-b468-ecc5849a9171,37.7910725,-107.9706105
2013-06-09,-3333.5997361537575,184ff116-78b4-442d-b468-ecc5849a9171,37.7910725,-107.9706105
2013-06-10,-2296.1589673604003,184ff116-78b4-442d-b468-ecc5849a9171,37.7910725,-107.9706105
2013-06-11,-2530.2850767656087,184ff116-78b4-442d-b468-ecc5849a9171,37.7910725,-107.9706105
2013-06-12,-3392.291995905832,184ff116-78b4-442d-b468-ecc5849a9171,37.7910725,-107.9706105
2013-06-13,-1093.1243716592742,184ff116-78b4-442d-b468-ecc5849a9171,37.7910725,-107.9706105
2013-06-14,-3461.953071761627,184ff116-78b4-442d-b468-ecc5849a9171,37.7910725,-107.9706105
2013-06-15,-238.92240645968366,184ff116-78b4-442d-b468-ecc5849a9171,37.7910725,-107.9706105
2013-06-16,1740.0943690450067,184ff116-78b4-442d-b468-ecc5849a9171,37.7910725,-107.9706105
2013-06-17,-2230.8964221539854,184ff116-78b4-442d-b468-ecc5849a9171,37.7910725,-107.9706105
2013-06-18,-1285.8973501649036,184ff116-78b4-442d-b468-ecc5849a9171,37.7910725,-107.9706105
2013-06-19,-3868.924171500058,184ff116-78b4-442d-b468-ecc5849a9171,37.7910725,-107.9706105
2013-06-20,-1575.770603889457,184ff116-78b4-442d-b468-ecc5849a9171,37.7910725,-107.9706105
2013-06-21,-3956.386402820426,184ff116-78b4-442d-b468-ecc5849a9171,37.7910725,-107.9706105
2013-06-22,-2704.2336494939136,184ff116-78b4-442d-b468-ecc5849a9171,37.7910725,-107.9706105
2013-06-23,-2843.964676447175,184ff116-78b4-442d-b468-ecc5849a9171,37.7910725,-107.9706105
2013-06-24,-3317.0143841692243,184ff116-78b4-442d-b468-ecc5849a9171,37.7910725,-107.9706105
2013-06-25,-3093.121164562718,184ff116-78b4-442d-b468-ecc5849a9171,37.7910725,-107.9706105
2013-06-26,-3743.9262868190576,184ff116-78b4-442d-b468-ecc5849a9171,37.7910725,-107.9706105
2013-06-27,599.7816717843739,184ff116-78b4-442d-b468-ecc5849a9171,37.7910725,-107.9706105
2013-06-28,1534.698276451011,184ff116-78b4-442d-b468-ecc5849a9171,37.7910725,-107.9706105
2013-06-29,2824.5427362674855,184ff116-78b4-442d-b468-ecc5849a9171,37.7910725,-107.9706105
2013-06-30,-2785.1948777436583,184ff116-78b4-442d-b468-ecc5849a9171,37.7910725,-107.9706105
2013-07-01,-1292.2081428408956,184ff116-78b4-442d-b468-ecc5849a9171,37.7910725,-107.9706105
2013-07-02,-3033.85383828045,184ff116-78b4-442d-b468-ecc5849a9171,37.7910725,-107.9706105
2013-07-03,-3236.1151870806293,184ff116-78b4-442d-b468-ecc5849a9171,37.7910725,-107.9706105
2013-07-04,2365.3248720573165,184ff116-78b4-442d-b468-ecc5849a9171,37.7910725,-107.9706105
2013-07-05,1125.5537814170361,184ff116-78b4-442d-b468-ecc5849a9171,37.7910725,-107.9706105
2013-07-06,1146.1507790287724,184ff116-78b4-442d-b468-ecc5849a9171,37.7910725,-107.9706105
2013-07-07,1946.0849220971209,184ff116-78b4-442d-b468-ecc5849a9171,37.7910725,-107.9706105
2013-07-08,212.5010986011598,184ff116-78b4-442d-b468-ecc5849a9171,37.7910725,-107.9706105
2013-07-09,723.6575184806094,184ff116-78b4-442d-b468-ecc5849a9171,37.7910725,-107.9706105
2013-07-10,-2442.218173547139,184ff116-78b4-442d-b468-ecc5849a9171,37.7910725,-107.9706105
2013-07-11,-387.2860730126237,184ff116-78b4-442d-b468-ecc5849a9171,37.7910725,-107.9706105
2013-07-12,2568.2542340498135,184ff116-78b4-442d-b468-ecc5849a9171,37.7910725,-107.9706105
2013-07-13,-140.60188786534738,184ff116-78b4-442d-b468-ecc5849a9171,37.7910725,-107.9706105
2013-07-14,-514.2101899238029,184ff116-78b4-442d-b468-ecc5849a9171,37.7910725,-107.9706105
2013-07-15,737.9884726486973,184ff116-78b4-442d-b468-ecc5849a9171,37.7910725,-107.9706105
2013-07-16,1115.2255566928231,184ff116-78b4-442d-b468-ecc5849a9171,37.7910725,-107.9706105
2013-07-17,795.4137018082561,184ff116-78b4-442d-b468-ecc5849a9171,37.7910725,-107.9706105
2013-07-18,-1086.608079153872,184ff116-78b4-442d-b468-ecc5849a9171,37.7910725,-107.9706105
2013-07-19,945.3487728875241,184ff116-78b4-442d-b468-ecc5849a9171,37.7910725,-107.9706105
2013-07-20,-2408.8510633458422,184ff116-78b4-442d-b468-ecc5849a9171,37.7910725,-107.9706105
2013-07-21,670.5021812805641,184ff116-78b4-442d-b468-ecc5849a9171,37.7910725,-107.9706105
2013-07-22,-196.55572387126114,184ff116-78b4-442d-b468-ecc5849a9171,37.7910725,-107.9706105
2013-07-23,-340.2323712043669,184ff116-78b4-442d-b468-ecc5849a9171,37.7910725,-107.9706105
2013-07-24,3357.294793585804,184ff116-78b4-442d-b468-ecc5849a9171,37.7910725,-107.9706105
2013-07-25,-3244.4024292050485,184ff116-78b4-442d-b468-ecc5849a9171,37.7910725,-107.9706105
2013-07-27,-1723.2206982827233,184ff116-78b4-442d-b468-ecc5849a9171,37.7910725,-107.9706105
2013-07-28,3000.363568168239,184ff116-78b4-442d-b468-ecc5849a9171,37.7910725,-107.9706105
2013-07-29,1620.3565654497897,184ff116-78b4-442d-b468-ecc5849a9171,37.7910725,-107.9706105
2013-07-30,-322.9326737177299,184ff116-78b4-442d-b468-ecc5849a9171,37.7910725,-107.9706105
2013-07-31,182.80229273285562,184ff116-78b4-442d-b468-ecc5849a9171,37.7910725,-107.9706105
2013-08-01,611.6506539292619,184ff116-78b4-442d-b468-ecc5849a9171,37.7910725,-107.9706105
2013-08-02,-449.7759672466732,184ff116-78b4-442d-b468-ecc5849a9171,37.7910725,-107.9706105
2013-08-03,2925.018687592402,184ff116-78b4-442d-b468-ecc5849a9171,37.7910725,-107.9706105
2013-08-04,2206.5584442169898,184ff116-78b4-442d-b468-ecc5849a9171,37.7910725,-107.9706105
2013-08-05,-1289.149446150346,184ff116-78b4-442d-b468-ecc5849a9171,37.7910725,-107.9706105
2013-08-06,4022.408006368702,184ff116-78b4-442d-b468-ecc5849a9171,37.7910725,-107.9706105
2013-08-07,639.5193221881038,184ff116-78b4-442d-b468-ecc5849a9171,37.7910725,-107.9706105
2013-08-08,-608.661003070624,184ff116-78b4-442d-b468-ecc5849a9171,37.7910725,-107.9706105
2013-08-09,2070.420980325259,184ff116-78b4-442d-b468-ecc5849a9171,37.7910725,-107.9706105
2013-08-10,1603.3050790401453,184ff116-78b4-442d-b468-ecc5849a9171,37.7910725,-107.9706105
2013-08-11,1892.8355737518475,184ff116-78b4-442d-b468-ecc5849a9171,37.7910725,-107.9706105
2013-08-12,-2218.6754509268726,184ff116-78b4-442d-b468-ecc5849a9171,37.7910725,-107.9706105
2013-08-13,-124.05471170249056,184ff116-78b4-442d-b468-ecc5849a9171,37.7910725,-107.9706105
2013-08-14,2187.1815808029114,184ff116-78b4-442d-b468-ecc5849a9171,37.7910725,-107.9706105
2013-08-15,69.39359945411117,184ff116-78b4-442d-b468-ecc5849a9171,37.7910725,-107.9706105
2013-08-16,448.0880928010916,184ff116-78b4-442d-b468-ecc5849a9171,37.7910725,-107.9706105
2013-08-17,1969.5930538560822,184ff116-78b4-442d-b468-ecc5849a9171,37.7910725,-107.9706105
2013-08-18,506.01104060047726,184ff116-78b4-442d-b468-ecc5849a9171,37.7910725,-107.9706105
2013-08-19,-2989.4840668713723,184ff116-78b4-442d-b468-ecc5849a9171,37.7910725,-107.9706105
2013-08-20,3117.4485067667465,184ff116-78b4-442d-b468-ecc5849a9171,37.7910725,-107.9706105
2013-08-21,-2359.6330945069935,184ff116-78b4-442d-b468-ecc5849a9171,37.7910725,-107.9706105
2013-08-22,-1375.8923097918794,184ff116-78b4-442d-b468-ecc5849a9171,37.7910725,-107.9706105
2013-08-23,-795.8224815193898,184ff116-78b4-442d-b468-ecc5849a9171,37.7910725,-107.9706105
2013-08-24,338.83208461276,184ff116-78b4-442d-b468-ecc5849a9171,37.7910725,-107.9706105
2013-08-25,1245.6862913681334,184ff116-78b4-442d-b468-ecc5849a9171,37.7910725,-107.9706105
2013-08-26,-862.021712726032,184ff116-78b4-442d-b468-ecc5849a9171,37.7910725,-107.9706105
2013-08-27,-982.6416149209596,184ff116-78b4-442d-b468-ecc5849a9171,37.7910725,-107.9706105
2013-08-28,-1630.230756283408,184ff116-78b4-442d-b468-ecc5849a9171,37.7910725,-107.9706105
2013-08-29,1189.7187717502557,184ff116-78b4-442d-b468-ecc5849a9171,37.7910725,-107.9706105
2013-08-30,-2224.357215967246,184ff116-78b4-442d-b468-ecc5849a9171,37.7910725,-107.9706105
2013-08-31,278.4670260434435,184ff116-78b4-442d-b468-ecc5849a9171,37.7910725,-107.9706105
2013-09-01,2617.112398498806,184ff116-78b4-442d-b468-ecc5849a9171,37.7910725,-107.9706105
2013-09-02,-3474.807856249287,184ff116-78b4-442d-b468-ecc5849a9171,37.7910725,-107.9706105
2013-09-03,983.2945115432731,184ff116-78b4-442d-b468-ecc5849a9171,37.7910725,-107.9706105
2013-09-04,1297.5418173547139,184ff116-78b4-442d-b468-ecc5849a9171,37.7910725,-107.9706105
2013-09-05,-2863.2215125668145,184ff116-78b4-442d-b468-ecc5849a9171,37.7910725,-107.9706105
2013-09-06,-1725.0251017855098,184ff116-78b4-442d-b468-ecc5849a9171,37.7910725,-107.9706105
2013-09-07,-906.9962606618901,184ff116-78b4-442d-b468-ecc5849a9171,37.7910725,-107.9706105
2013-09-08,4041.9373820084147,184ff116-78b4-442d-b468-ecc5849a9171,37.7910725,-107.9706105
2013-09-09,1894.6789537131792,184ff116-78b4-442d-b468-ecc5849a9171,37.7910725,-107.9706105
2013-09-10,2337.633967929033,184ff116-78b4-442d-b468-ecc5849a9171,37.7910725,-107.9706105
2013-09-11,1604.386093483451,184ff116-78b4-442d-b468-ecc5849a9171,37.7910725,-107.9706105
2013-09-12,-570.102608893438,184ff116-78b4-442d-b468-ecc5849a9171,37.7910725,-107.9706105
2013-09-13,1320.0975230296822,184ff116-78b4-442d-b468-ecc5849a9171,37.7910725,-107.9706105
2013-09-14,1916.182063004662,184ff116-78b4-442d-b468-ecc5849a9171,37.7910725,-107.9706105
2013-09-15,1241.991702490617,184ff116-78b4-442d-b468-ecc5849a9171,37.7910725,-107.9706105
2013-09-16,-3037.8294779938574,184ff116-78b4-442d-b468-ecc5849a9171,37.7910725,-107.9706105
2013-09-17,-1025.3539406345958,184ff116-78b4-442d-b468-ecc5849a9171,37.7910725,-107.9706105
2013-09-18,-1875.0083066075276,184ff116-78b4-442d-b468-ecc5849a9171,37.7910725,-107.9706105
2013-09-19,-2717.5724417150004,184ff116-78b4-442d-b468-ecc5849a9171,37.7910725,-107.9706105
2013-09-20,-3168.848884339814,184ff116-78b4-442d-b468-ecc5849a9171,37.7910725,-107.9706105
2013-09-21,1838.1634072557713,184ff116-78b4-442d-b468-ecc5849a9171,37.7910725,-107.9706105
2013-09-22,3116.3677243261695,184ff116-78b4-442d-b468-ecc5849a9171,37.7910725,-107.9706105
2013-09-23,6966.674536563175,184ff116-78b4-442d-b468-ecc5849a9171,37.7910725,-107.9706105
2013-09-24,-1573.7723234390985,184ff116-78b4-442d-b468-ecc5849a9171,37.7910725,-107.9706105
2013-09-25,-3621.4974093028522,184ff116-78b4-442d-b468-ecc5849a9171,37.7910725,-107.9706105
2013-09-26,-2632.2316479017395,184ff116-78b4-442d-b468-ecc5849a9171,37.7910725,-107.9706105
2013-09-27,1135.7494143068343,184ff116-78b4-442d-b468-ecc5849a9171,37.7910725,-107.9706105
2013-09-28,-2576.6720755146134,184ff116-78b4-442d-b468-ecc5849a9171,37.7910725,-107.9706105
2013-09-29,-2629.79882179006,184ff116-78b4-442d-b468-ecc5849a9171,37.7910725,-107.9706105
2013-09-30,-3663.904742408735,184ff116-78b4-442d-b468-ecc5849a9171,37.7910725,-107.9706105
2013-10-01,-2754.36855680655,184ff116-78b4-442d-b468-ecc5849a9171,37.7910725,-107.9706105
2013-10-02,-3710.2283270783573,184ff116-78b4-442d-b468-ecc5849a9171,37.7910725,-107.9706105
2013-10-03,-2479.59810758558,184ff116-78b4-442d-b468-ecc5849a9171,37.7910725,-107.9706105
2013-10-04,-332.45612191515977,184ff116-78b4-442d-b468-ecc5849a9171,37.7910725,-107.9706105
2013-10-05,-2899.5572523598307,184ff116-78b4-442d-b468-ecc5849a9171,37.7910725,-107.9706105
2013-10-06,-3611.033626748551,184ff116-78b4-442d-b468-ecc5849a9171,37.7910725,-107.9706105
2013-10-07,-3708.2828158762636,184ff116-78b4-442d-b468-ecc5849a9171,37.7910725,-107.9706105
2013-10-08,-2720.9535721596712,184ff116-78b4-442d-b468-ecc5849a9171,37.7910725,-107.9706105
2013-10-09,1435.0162128966222,184ff116-78b4-442d-b468-ecc5849a9171,37.7910725,-107.9706105
2013-10-10,3529.1338018878623,184ff116-78b4-442d-b468-ecc5849a9171,37.7910725,-107.9706105
2013-10-11,2073.029382463322,184ff116-78b4-442d-b468-ecc5849a9171,37.7910725,-107.9706105
2013-10-12,7547.759690663023,184ff116-78b4-442d-b468-ecc5849a9171,37.7910725,-107.9706105
2013-10-13,4075.431393153645,184ff116-78b4-442d-b468-ecc5849a9171,37.7910725,-107.9706105
2013-10-14,1610.1521210053445,184ff116-78b4-442d-b468-ecc5849a9171,37.7910725,-107.9706105
2013-10-15,812.1759126577956,184ff116-78b4-442d-b468-ecc5849a9171,37.7910725,-107.9706105
2013-10-16,5942.566386898667,184ff116-78b4-442d-b468-ecc5849a9171,37.7910725,-107.9706105
2013-10-17,4790.686714431935,184ff116-78b4-442d-b468-ecc5849a9171,37.7910725,-107.9706105
2013-10-18,5119.955364494484,184ff116-78b4-442d-b468-ecc5849a9171,37.7910725,-107.9706105
2013-10-19,3979.8252882975053,184ff116-78b4-442d-b468-ecc5849a9171,37.7910725,-107.9706105
2013-10-20,3630.4266575685183,184ff116-78b4-442d-b468-ecc5849a9171,37.7910725,-107.9706105
2013-10-21,3468.507922210849,184ff116-78b4-442d-b468-ecc5849a9171,37.7910725,-107.9706105
2013-10-22,1902.2121687706126,184ff116-78b4-442d-b468-ecc5849a9171,37.7910725,-107.9706105
2013-10-23,2368.4224860684635,184ff116-78b4-442d-b468-ecc5849a9171,37.7910725,-107.9706105
2013-10-25,5244.969916979412,184ff116-78b4-442d-b468-ecc5849a9171,37.7910725,-107.9706105
2013-10-26,1229.6207983623335,184ff116-78b4-442d-b468-ecc5849a9171,37.7910725,-107.9706105
2013-10-27,1388.6674809507563,184ff116-78b4-442d-b468-ecc5849a9171,37.7910725,-107.9706105
2013-10-28,592.3159012851128,184ff116-78b4-442d-b468-ecc5849a9171,37.7910725,-107.9706105
2013-10-29,4581.1598544296585,184ff116-78b4-442d-b468-ecc5849a9171,37.7910725,-107.9706105
2013-10-30,3830.318489707721,184ff116-78b4-442d-b468-ecc5849a9171,37.7910725,-107.9706105
2013-10-31,372.8375298532922,184ff116-78b4-442d-b468-ecc5849a9171,37.7910725,-107.9706105
2013-11-01,6223.9317229614435,184ff116-78b4-442d-b468-ecc5849a9171,37.7910725,-107.9706105
2013-11-02,5518.959604230637,184ff116-78b4-442d-b468-ecc5849a9171,37.7910725,-107.9706105
2013-11-03,1225.3940816558622,184ff116-78b4-442d-b468-ecc5849a9171,37.7910725,-107.9706105
2013-11-04,1904.0790083020584,184ff116-78b4-442d-b468-ecc5849a9171,37.7910725,-107.9706105
2013-11-05,2536.627799385875,184ff116-78b4-442d-b468-ecc5849a9171,37.7910725,-107.9706105
2013-11-06,5663.480163766629,184ff116-78b4-442d-b468-ecc5849a9171,37.7910725,-107.9706105
2013-11-07,5000.8501262367745,184ff116-78b4-442d-b468-ecc5849a9171,37.7910725,-107.9706105
2013-11-08,4860.2511224837945,184ff116-78b4-442d-b468-ecc5849a9171,37.7910725,-107.9706105
2013-11-09,1693.5404116911175,184ff116-78b4-442d-b468-ecc5849a9171,37.7910725,-107.9706105
2013-11-10,4843.080436711017,184ff116-78b4-442d-b468-ecc5849a9171,37.7910725,-107.9706105
2013-11-11,2678.9098328215605,184ff116-78b4-442d-b468-ecc5849a9171,37.7910725,-107.9706105
2013-11-12,3172.980680086433,184ff116-78b4-442d-b468-ecc5849a9171,37.7910725,-107.9706105
2013-11-13,1987.8153076310687,184ff116-78b4-442d-b468-ecc5849a9171,37.7910725,-107.9706105
2013-11-14,1339.6155896736034,184ff116-78b4-442d-b468-ecc5849a9171,37.7910725,-107.9706105
2013-11-15,1904.827180711929,184ff116-78b4-442d-b468-ecc5849a9171,37.7910725,-107.9706105
2013-11-16,4079.4509632662334,184ff116-78b4-442d-b468-ecc5849a9171,37.7910725,-107.9706105
2013-11-17,4871.685877402478,184ff116-78b4-442d-b468-ecc5849a9171,37.7910725,-107.9706105
2013-11-18,6157.275773911063,184ff116-78b4-442d-b468-ecc5849a9171,37.7910725,-107.9706105
2013-11-19,4439.3145320141,184ff116-78b4-442d-b468-ecc5849a9171,37.7910725,-107.9706105
2013-11-20,1577.6767838052995,184ff116-78b4-442d-b468-ecc5849a9171,37.7910725,-107.9706105
2013-11-21,2084.0843580120527,184ff116-78b4-442d-b468-ecc5849a9171,37.7910725,-107.9706105
2013-11-22,2715.4694779938577,184ff116-78b4-442d-b468-ecc5849a9171,37.7910725,-107.9706105
2013-11-23,3118.958221312406,184ff116-78b4-442d-b468-ecc5849a9171,37.7910725,-107.9706105
2013-11-24,1660.6270351415887,184ff116-78b4-442d-b468-ecc5849a9171,37.7910725,-107.9706105
2013-11-25,6556.865984305695,184ff116-78b4-442d-b468-ecc5849a9171,37.7910725,-107.9706105
2013-11-26,7563.5984396679205,184ff116-78b4-442d-b468-ecc5849a9171,37.7910725,-107.9706105
2013-11-27,6029.997325144999,184ff116-78b4-442d-b468-ecc5849a9171,37.7910725,-107.9706105
2013-11-28,7052.473053565332,184ff116-78b4-442d-b468-ecc5849a9171,37.7910725,-107.9706105
2013-11-29,6108.941589901053,184ff116-78b4-442d-b468-ecc5849a9171,37.7910725,-107.9706105
2013-11-30,5594.701189582622,184ff116-78b4-442d-b468-ecc5849a9171,37.7910725,-107.9706105
2013-12-01,6222.7731286250355,184ff116-78b4-442d-b468-ecc5849a9171,37.7910725,-107.9706105
2013-12-02,3784.533465256453,184ff116-78b4-442d-b468-ecc5849a9171,37.7910725,-107.9706105
2013-12-03,1726.0878789946544,184ff116-78b4-442d-b468-ecc5849a9171,37.7910725,-107.9706105
2013-12-04,1942.8464915273516,184ff116-78b4-442d-b468-ecc5849a9171,37.7910725,-107.9706105
2013-12-05,6755.85832366655,184ff116-78b4-442d-b468-ecc5849a9171,37.7910725,-107.9706105
2013-12-06,3591.679927214828,184ff116-78b4-442d-b468-ecc5849a9171,37.7910725,-107.9706105
2013-12-07,1385.734179460935,184ff116-78b4-442d-b468-ecc5849a9171,37.7910725,-107.9706105
2013-12-08,2448.0540020470808,184ff116-78b4-442d-b468-ecc5849a9171,37.7910725,-107.9706105
2013-12-09,6160.802961446604,184ff116-78b4-442d-b468-ecc5849a9171,37.7910725,-107.9706105
2013-12-10,6468.342836347093,184ff116-78b4-442d-b468-ecc5849a9171,37.7910725,-107.9706105
2013-12-11,6434.303791652446,184ff116-78b4-442d-b468-ecc5849a9171,37.7910725,-107.9706105
2013-12-12,6993.206405094966,184ff116-78b4-442d-b468-ecc5849a9171,37.7910725,-107.9706105
2013-12-13,5862.30865461162,184ff116-78b4-442d-b468-ecc5849a9171,37.7910725,-107.9706105
2013-12-14,7029.150697145451,184ff116-78b4-442d-b468-ecc5849a9171,37.7910725,-107.9706105
2013-12-15,5693.5386739451815,184ff116-78b4-442d-b468-ecc5849a9171,37.7910725,-107.9706105
2013-12-16,5884.608188331628,184ff116-78b4-442d-b468-ecc5849a9171,37.7910725,-107.9706105
2013-12-17,6001.203916751965,184ff116-78b4-442d-b468-ecc5849a9171,37.7910725,-107.9706105
2013-12-18,3951.898437393379,184ff116-78b4-442d-b468-ecc5849a9171,37.7910725,-107.9706105
2013-12-19,3127.5253224155576,184ff116-78b4-442d-b468-ecc5849a9171,37.7910725,-107.9706105
2013-12-20,2060.5397657227336,184ff116-78b4-442d-b468-ecc5849a9171,37.7910725,-107.9706105
2013-12-21,3554.803461844647,184ff116-78b4-442d-b468-ecc5849a9171,37.7910725,-107.9706105
2013-12-22,5179.357607187533,184ff116-78b4-442d-b468-ecc5849a9171,37.7910725,-107.9706105
2013-12-23,5276.924721937907,184ff116-78b4-442d-b468-ecc5849a9171,37.7910725,-107.9706105
2013-12-24,4507.594932332535,184ff116-78b4-442d-b468-ecc5849a9171,37.7910725,-107.9706105
2013-12-25,5247.822367792561,184ff116-78b4-442d-b468-ecc5849a9171,37.7910725,-107.9706105
2013-12-26,5679.741831001933,184ff116-78b4-442d-b468-ecc5849a9171,37.7910725,-107.9706105
2013-12-27,5518.838594336403,184ff116-78b4-442d-b468-ecc5849a9171,37.7910725,-107.9706105
2013-12-28,3919.2081519390395,184ff116-78b4-442d-b468-ecc5849a9171,37.7910725,-107.9706105
2013-12-29,5386.748986693963,184ff116-78b4-442d-b468-ecc5849a9171,37.7910725,-107.9706105
2013-12-30,6855.412514500168,184ff116-78b4-442d-b468-ecc5849a9171,37.7910725,-107.9706105
2013-12-31,1558.0908722847712,184ff116-78b4-442d-b468-ecc5849a9171,37.7910725,-107.9706105
2014-01-01,4662.100284317068,184ff116-78b4-442d-b468-ecc5849a9171,37.7910725,-107.9706105
2014-01-02,5138.166741726374,184ff116-78b4-442d-b468-ecc5849a9171,37.7910725,-107.9706105
2014-01-03,5366.068049584896,184ff116-78b4-442d-b468-ecc5849a9171,37.7910725,-107.9706105
2014-01-04,3633.0450722165365,184ff116-78b4-442d-b468-ecc5849a9171,37.7910725,-107.9706105
2014-01-05,4480.347772091433,184ff116-78b4-442d-b468-ecc5849a9171,37.7910725,-107.9706105
2014-01-06,6066.343077447966,184ff116-78b4-442d-b468-ecc5849a9171,37.7910725,-107.9706105
2014-01-07,2563.757147731149,184ff116-78b4-442d-b468-ecc5849a9171,37.7910725,-107.9706105
2014-01-08,3131.314081655862,184ff116-78b4-442d-b468-ecc5849a9171,37.7910725,-107.9706105
2014-01-09,885.5858205390647,184ff116-78b4-442d-b468-ecc5849a9171,37.7910725,-107.9706105
2014-01-10,3299.573924712837,184ff116-78b4-442d-b468-ecc5849a9171,37.7910725,-107.9706105
2014-01-11,5834.1855384965265,184ff116-78b4-442d-b468-ecc5849a9171,37.7910725,-107.9706105
2014-01-12,2583.6719481405657,184ff116-78b4-442d-b468-ecc5849a9171,37.7910725,-107.9706105
2014-01-13,5276.705165472531,184ff116-78b4-442d-b468-ecc5849a9171,37.7910725,-107.9706105
2014-01-14,4651.113162743088,184ff116-78b4-442d-b468-ecc5849a9171,37.7910725,-107.9706105
2014-01-15,5962.611190719889,184ff116-78b4-442d-b468-ecc5849a9171,37.7910725,-107.9706105
2014-01-16,5276.357543500513,184ff116-78b4-442d-b468-ecc5849a9171,37.7910725,-107.9706105
2014-01-17,5914.144678721709,184ff116-78b4-442d-b468-ecc5849a9171,37.7910725,-107.9706105
2014-01-18,5954.511852610028,184ff116-78b4-442d-b468-ecc5849a9171,37.7910725,-107.9706105
2014-01-19,5853.900416240188,184ff116-78b4-442d-b468-ecc5849a9171,37.7910725,-107.9706105
2014-01-20,6380.398671670646,184ff116-78b4-442d-b468-ecc5849a9171,37.7910725,-107.9706105
2014-01-21,5561.538642101668,184ff116-78b4-442d-b468-ecc5849a9171,37.7910725,-107.9706105
2014-01-22,5264.172146025244,184ff116-78b4-442d-b468-ecc5849a9171,37.7910725,-107.9706105
2014-01-23,1027.9184715114293,184ff116-78b4-442d-b468-ecc5849a9171,37.7910725,-107.9706105
2014-01-24,6589.923184351187,184ff116-78b4-442d-b468-ecc5849a9171,37.7910725,-107.9706105
2014-01-25,3467.8904082793133,184ff116-78b4-442d-b468-ecc5849a9171,37.7910725,-107.9706105
2014-01-26,6066.191720686911,184ff116-78b4-442d-b468-ecc5849a9171,37.7910725,-107.9706105
2014-01-27,4342.606941885589,184ff116-78b4-442d-b468-ecc5849a9171,37.7910725,-107.9706105
2014-01-28,4832.143364039575,184ff116-78b4-442d-b468-ecc5849a9171,37.7910725,-107.9706105
2014-01-29,6749.262486068462,184ff116-78b4-442d-b468-ecc5849a9171,37.7910725,-107.9706105
2014-01-30,2799.101894688957,184ff116-78b4-442d-b468-ecc5849a9171,37.7910725,-107.9706105
2014-01-31,4889.836929375639,184ff116-78b4-442d-b468-ecc5849a9171,37.7910725,-107.9706105
2014-02-01,2689.425029000341,184ff116-78b4-442d-b468-ecc5849a9171,37.7910725,-107.9706105
2014-02-02,6708.522706698508,184ff116-78b4-442d-b468-ecc5849a9171,37.7910725,-107.9706105
2014-02-03,3453.991283975889,184ff116-78b4-442d-b468-ecc5849a9171,37.7910725,-107.9706105
2014-02-04,4791.916087797109,184ff116-78b4-442d-b468-ecc5849a9171,37.7910725,-107.9706105
2014-02-05,4704.970767656088,184ff116-78b4-442d-b468-ecc5849a9171,37.7910725,-107.9706105
2014-02-06,1102.4632503127484,184ff116-78b4-442d-b468-ecc5849a9171,37.7910725,-107.9706105
2014-02-07,3846.260002274536,184ff116-78b4-442d-b468-ecc5849a9171,37.7910725,-107.9706105
2014-02-08,2643.666243602865,184ff116-78b4-442d-b468-ecc5849a9171,37.7910725,-107.9706105
2014-02-09,1913.348968497667,184ff116-78b4-442d-b468-ecc5849a9171,37.7910725,-107.9706105
2014-02-10,6440.612728306609,184ff116-78b4-442d-b468-ecc5849a9171,37.7910725,-107.9706105
2014-02-11,4979.465947913112,184ff116-78b4-442d-b468-ecc5849a9171,37.7910725,-107.9706105
2014-02-12,3850.101235073354,184ff116-78b4-442d-b468-ecc5849a9171,37.7910725,-107.9706105
2014-02-13,858.7765495280335,184ff116-78b4-442d-b468-ecc5849a9171,37.7910725,-107.9706105
2014-02-14,1473.3816126464228,184ff116-78b4-442d-b468-ecc5849a9171,37.7910725,-107.9706105
2014-02-15,2444.453064938017,184ff116-78b4-442d-b468-ecc5849a9171,37.7910725,-107.9706105
2014-02-16,4842.742085750028,184ff116-78b4-442d-b468-ecc5849a9171,37.7910725,-107.9706105
2014-02-17,5626.576149209598,184ff116-78b4-442d-b468-ecc5849a9171,37.7910725,-107.9706105
2014-02-18,5927.799431365859,184ff116-78b4-442d-b468-ecc5849a9171,37.7910725,-107.9706105
2014-02-19,1420.5383600591376,184ff116-78b4-442d-b468-ecc5849a9171,37.7910725,-107.9706105
2014-02-20,5064.544119185713,184ff116-78b4-442d-b468-ecc5849a9171,37.7910725,-107.9706105
2014-02-21,5337.067831229386,184ff116-78b4-442d-b468-ecc5849a9171,37.7910725,-107.9706105
2014-02-22,4885.125713635845,184ff116-78b4-442d-b468-ecc5849a9171,37.7910725,-107.9706105
2014-02-23,6878.277666325484,184ff116-78b4-442d-b468-ecc5849a9171,37.7910725,-107.9706105
2014-02-24,5754.748659160692,184ff116-78b4-442d-b468-ecc5849a9171,37.7910725,-107.9706105
2014-02-25,6229.363721141815,184ff116-78b4-442d-b468-ecc5849a9171,37.7910725,-107.9706105
2014-02-26,6390.760896167403,184ff116-78b4-442d-b468-ecc5849a9171,37.7910725,-107.9706105
2014-02-27,5450.32963948595,184ff116-78b4-442d-b468-ecc5849a9171,37.7910725,-107.9706105
2014-02-28,4551.265079040145,184ff116-78b4-442d-b468-ecc5849a9171,37.7910725,-107.9706105
2014-03-01,4341.133210508357,184ff116-78b4-442d-b468-ecc5849a9171,37.7910725,-107.9706105
2014-03-02,5126.9824314795815,184ff116-78b4-442d-b468-ecc5849a9171,37.7910725,-107.9706105
2014-03-03,896.3061571704761,184ff116-78b4-442d-b468-ecc5849a9171,37.7910725,-107.9706105
2014-03-04,2224.4294461503464,184ff116-78b4-442d-b468-ecc5849a9171,37.7910725,-107.9706105
2014-03-05,5596.895516888435,184ff116-78b4-442d-b468-ecc5849a9171,37.7910725,-107.9706105
2014-03-06,5821.219479131128,184ff116-78b4-442d-b468-ecc5849a9171,37.7910725,-107.9706105
2014-03-07,3442.6713795064243,184ff116-78b4-442d-b468-ecc5849a9171,37.7910725,-107.9706105
2014-03-08,5534.80627772091,184ff116-78b4-442d-b468-ecc5849a9171,37.7910725,-107.9706105
2014-03-09,6820.917602638463,184ff116-78b4-442d-b468-ecc5849a9171,37.7910725,-107.9706105
2014-03-10,5912.653324235184,184ff116-78b4-442d-b468-ecc5849a9171,37.7910725,-107.9706105
2014-03-11,7532.737127260317,184ff116-78b4-442d-b468-ecc5849a9171,37.7910725,-107.9706105
2014-03-12,5231.016504037301,184ff116-78b4-442d-b468-ecc5849a9171,37.7910725,-107.9706105
2014-03-13,4449.8141339702015,184ff116-78b4-442d-b468-ecc5849a9171,37.7910725,-107.9706105
2014-03-15,4726.783009211871,184ff116-78b4-442d-b468-ecc5849a9171,37.7910725,-107.9706105
2014-03-16,5910.308413510749,184ff116-78b4-442d-b468-ecc5849a9171,37.7910725,-107.9706105
2014-03-17,2948.1614056635945,184ff116-78b4-442d-b468-ecc5849a9171,37.7910725,-107.9706105
2014-03-18,7068.1829637211395,184ff116-78b4-442d-b468-ecc5849a9171,37.7910725,-107.9706105
2014-03-19,5875.087933583528,184ff116-78b4-442d-b468-ecc5849a9171,37.7910725,-107.9706105
2014-03-20,7152.140461730922,184ff116-78b4-442d-b468-ecc5849a9171,37.7910725,-107.9706105
2014-03-21,2755.1153008074593,184ff116-78b4-442d-b468-ecc5849a9171,37.7910725,-107.9706105
2014-03-22,4473.407465028999,184ff116-78b4-442d-b468-ecc5849a9171,37.7910725,-107.9706105
2014-03-23,5658.965304219262,184ff116-78b4-442d-b468-ecc5849a9171,37.7910725,-107.9706105
2014-03-24,5571.989477993859,184ff116-78b4-442d-b468-ecc5849a9171,37.7910725,-107.9706105
2014-03-25,7334.515450926867,184ff116-78b4-442d-b468-ecc5849a9171,37.7910725,-107.9706105
2014-03-26,3572.3510064824295,184ff116-78b4-442d-b468-ecc5849a9171,37.7910725,-107.9706105
2014-03-27,6254.960004549068,184ff116-78b4-442d-b468-ecc5849a9171,37.7910725,-107.9706105
2014-03-28,5233.889166382346,184ff116-78b4-442d-b468-ecc5849a9171,37.7910725,-107.9706105
2014-03-29,6611.434645740929,184ff116-78b4-442d-b468-ecc5849a9171,37.7910725,-107.9706105
2014-03-30,3443.3549141362428,184ff116-78b4-442d-b468-ecc5849a9171,37.7910725,-107.9706105
2014-03-31,4277.552025474806,184ff116-78b4-442d-b468-ecc5849a9171,37.7910725,-107.9706105
2014-04-01,955.4410371886728,184ff116-78b4-442d-b468-ecc5849a9171,37.7910725,-107.9706105
2014-04-02,2365.839686113954,184ff116-78b4-442d-b468-ecc5849a9171,37.7910725,-107.9706105
2014-04-03,4083.3902649835095,184ff116-78b4-442d-b468-ecc5849a9171,37.7910725,-107.9706105
2014-04-04,2909.8806323211647,184ff116-78b4-442d-b468-ecc5849a9171,37.7910725,-107.9706105
2014-04-05,5234.918721710452,184ff116-78b4-442d-b468-ecc5849a9171,37.7910725,-107.9706105
2014-04-06,4182.982613442509,184ff116-78b4-442d-b468-ecc5849a9171,37.7910725,-107.9706105
2014-04-07,5163.806341407936,184ff116-78b4-442d-b468-ecc5849a9171,37.7910725,-107.9706105
2014-04-08,6501.5182622540615,184ff116-78b4-442d-b468-ecc5849a9171,37.7910725,-107.9706105
2014-04-09,5738.386352780622,184ff116-78b4-442d-b468-ecc5849a9171,37.7910725,-107.9706105
2014-04-10,4546.357420675538,184ff116-78b4-442d-b468-ecc5849a9171,37.7910725,-107.9706105
2014-04-11,4717.206459683838,184ff116-78b4-442d-b468-ecc5849a9171,37.7910725,-107.9706105
2014-04-12,5492.590856363013,184ff116-78b4-442d-b468-ecc5849a9171,37.7910725,-107.9706105
2014-04-13,4205.4434891390865,184ff116-78b4-442d-b468-ecc5849a9171,37.7910725,-107.9706105
2014-04-14,6019.001255544182,184ff116-78b4-442d-b468-ecc5849a9171,37.7910725,-107.9706105
2014-04-15,5290.365363357217,184ff116-78b4-442d-b468-ecc5849a9171,37.7910725,-107.9706105
2014-04-16,2989.671238485158,184ff116-78b4-442d-b468-ecc5849a9171,37.7910725,-107.9706105
2014-04-17,6613.26592061867,184ff116-78b4-442d-b468-ecc5849a9171,37.7910725,-107.9706105
2014-04-18,3961.291991356762,184ff116-78b4-442d-b468-ecc5849a9171,37.7910725,-107.9706105
2014-04-19,1319.0069054930054,184ff116-78b4-442d-b468-ecc5849a9171,37.7910725,-107.9706105
2014-04-20,1438.8041396565452,184ff116-78b4-442d-b468-ecc5849a9171,37.7910725,-107.9706105
2014-04-21,5141.066380075057,184ff116-78b4-442d-b468-ecc5849a9171,37.7910725,-107.9706105
2014-04-22,2668.9232070965522,184ff116-78b4-442d-b468-ecc5849a9171,37.7910725,-107.9706105
2014-04-23,2954.0045763675625,184ff116-78b4-442d-b468-ecc5849a9171,37.7910725,-107.9706105
2014-04-24,3237.0451313544854,184ff116-78b4-442d-b468-ecc5849a9171,37.7910725,-107.9706105
2014-04-26,5143.375817127253,184ff116-78b4-442d-b468-ecc5849a9171,37.7910725,-107.9706105
2014-04-27,2937.2571818491965,184ff116-78b4-442d-b468-ecc5849a9171,37.7910725,-107.9706105
2014-04-28,4516.469914704878,184ff116-78b4-442d-b468-ecc5849a9171,37.7910725,-107.9706105
2014-04-29,5203.715933128621,184ff116-78b4-442d-b468-ecc5849a9171,37.7910725,-107.9706105
2014-04-30,5279.2486250426455,184ff116-78b4-442d-b468-ecc5849a9171,37.7910725,-107.9706105
2014-05-01,6174.755127942679,184ff116-78b4-442d-b468-ecc5849a9171,37.7910725,-107.9706105
2014-05-02,4325.655344023654,184ff116-78b4-442d-b468-ecc5849a9171,37.7910725,-107.9706105
2014-05-03,4067.496176504038,184ff116-78b4-442d-b468-ecc5849a9171,37.7910725,-107.9706105
2014-05-04,924.408720573183,184ff116-78b4-442d-b468-ecc5849a9171,37.7910725,-107.9706105
2014-05-05,2897.638298646651,184ff116-78b4-442d-b468-ecc5849a9171,37.7910725,-107.9706105
2014-05-06,1421.2358830888202,184ff116-78b4-442d-b468-ecc5849a9171,37.7910725,-107.9706105
2014-05-07,491.5770954168086,184ff116-78b4-442d-b468-ecc5849a9171,37.7910725,-107.9706105
2014-05-08,4142.315032412146,184ff116-78b4-442d-b468-ecc5849a9171,37.7910725,-107.9706105
2014-05-09,836.122752189241,184ff116-78b4-442d-b468-ecc5849a9171,37.7910725,-107.9706105
2014-05-10,980.2409962470143,184ff116-78b4-442d-b468-ecc5849a9171,37.7910725,-107.9706105
2014-05-11,3399.6751233936066,184ff116-78b4-442d-b468-ecc5849a9171,37.7910725,-107.9706105
2014-05-12,5977.895639713407,184ff116-78b4-442d-b468-ecc5849a9171,37.7910725,-107.9706105
2014-05-13,1654.350274081655,184ff116-78b4-442d-b468-ecc5849a9171,37.7910725,-107.9706105
2014-05-14,7554.335953599455,184ff116-78b4-442d-b468-ecc5849a9171,37.7910725,-107.9706105
2014-05-15,3023.7376595018754,184ff116-78b4-442d-b468-ecc5849a9171,37.7910725,-107.9706105
2014-05-16,745.6505311042872,184ff116-78b4-442d-b468-ecc5849a9171,37.7910725,-107.9706105
2014-05-17,1320.9195723871264,184ff116-78b4-442d-b468-ecc5849a9171,37.7910725,-107.9706105
2014-05-18,1775.8728488570453,184ff116-78b4-442d-b468-ecc5849a9171,37.7910725,-107.9706105
2014-05-19,-427.80533606277726,184ff116-78b4-442d-b468-ecc5849a9171,37.7910725,-107.9706105
2014-05-20,-2082.1078767201166,184ff116-78b4-442d-b468-ecc5849a9171,37.7910725,-107.9706105
2014-05-21,2423.0407005572606,184ff116-78b4-442d-b468-ecc5849a9171,37.7910725,-107.9706105
2014-05-22,3384.6001910610694,184ff116-78b4-442d-b468-ecc5849a9171,37.7910725,-107.9706105
2014-05-23,508.54398271352227,184ff116-78b4-442d-b468-ecc5849a9171,37.7910725,-107.9706105
2014-05-24,2650.542458774024,184ff116-78b4-442d-b468-ecc5849a9171,37.7910725,-107.9706105
2014-05-25,672.450212669169,184ff116-78b4-442d-b468-ecc5849a9171,37.7910725,-107.9706105
2014-05-26,225.00935744342078,184ff116-78b4-442d-b468-ecc5849a9171,37.7910725,-107.9706105
2014-05-27,-2501.5561924257922,184ff116-78b4-442d-b468-ecc5849a9171,37.7910725,-107.9706105
2014-05-28,857.3275878539748,184ff116-78b4-442d-b468-ecc5849a9171,37.7910725,-107.9706105
2014-05-29,1044.277598089389,184ff116-78b4-442d-b468-ecc5849a9171,37.7910725,-107.9706105
2014-05-30,477.1345706812236,184ff116-78b4-442d-b468-ecc5849a9171,37.7910725,-107.9706105
2014-05-31,1238.0107858523825,184ff116-78b4-442d-b468-ecc5849a9171,37.7910725,-107.9706105
2014-06-01,-3559.7480768793343,184ff116-78b4-442d-b468-ecc5849a9171,37.7910725,-107.9706105
2014-06-02,-1553.3768634140797,184ff116-78b4-442d-b468-ecc5849a9171,37.7910725,-107.9706105
2014-06-03,886.9314500170585,184ff116-78b4-442d-b468-ecc5849a9171,37.7910725,-107.9706105
2014-06-04,-3225.50078016604,184ff116-78b4-442d-b468-ecc5849a9171,37.7910725,-107.9706105
2014-06-05,-2877.448352098259,184ff116-78b4-442d-b468-ecc5849a9171,37.7910725,-107.9706105
2014-06-06,-3836.946680313884,184ff116-78b4-442d-b468-ecc5849a9171,37.7910725,-107.9706105
2014-06-07,1958.6647924485385,184ff116-78b4-442d-b468-ecc5849a9171,37.7910725,-107.9706105
2014-06-08,6008.181508354801,184ff116-78b4-442d-b468-ecc5849a9171,37.7910725,-107.9706105
2014-06-09,-2482.037165927441,184ff116-78b4-442d-b468-ecc5849a9171,37.7910725,-107.9706105
2014-06-10,-3680.0395314454668,184ff116-78b4-442d-b468-ecc5849a9171,37.7910725,-107.9706105
2014-06-11,-484.74759922665754,184ff116-78b4-442d-b468-ecc5849a9171,37.7910725,-107.9706105
2014-06-12,-3017.4049584897075,184ff116-78b4-442d-b468-ecc5849a9171,37.7910725,-107.9706105
2014-06-13,-1665.74661207779,184ff116-78b4-442d-b468-ecc5849a9171,37.7910725,-107.9706105
2014-06-14,-2343.8987603775713,184ff116-78b4-442d-b468-ecc5849a9171,37.7910725,-107.9706105
2014-06-15,-4005.99873535767,184ff116-78b4-442d-b468-ecc5849a9171,37.7910725,-107.9706105
2014-06-16,496.31966791766166,184ff116-78b4-442d-b468-ecc5849a9171,37.7910725,-107.9706105
2014-06-17,-3906.232735130217,184ff116-78b4-442d-b468-ecc5849a9171,37.7910725,-107.9706105
2014-06-18,-736.0513954281818,184ff116-78b4-442d-b468-ecc5849a9171,37.7910725,-107.9706105
2014-06-19,-3279.751779824859,184ff116-78b4-442d-b468-ecc5849a9171,37.7910725,-107.9706105
2014-06-20,-3535.65569885136,184ff116-78b4-442d-b468-ecc5849a9171,37.7910725,-107.9706105
2014-06-21,1848.123020584555,184ff116-78b4-442d-b468-ecc5849a9171,37.7910725,-107.9706105
2014-06-22,-2592.7673149095854,184ff116-78b4-442d-b468-ecc5849a9171,37.7910725,-107.9706105
2014-06-23,1270.1848879790732,184ff116-78b4-442d-b468-ecc5849a9171,37.7910725,-107.9706105
2014-06-24,348.68288845614956,184ff116-78b4-442d-b468-ecc5849a9171,37.7910725,-107.9706105
2014-06-25,-2064.1998453315136,184ff116-78b4-442d-b468-ecc5849a9171,37.7910725,-107.9706105
2014-06-26,-3569.3823086546113,184ff116-78b4-442d-b468-ecc5849a9171,37.7910725,-107.9706105
2014-06-27,206.47342204025927,184ff116-78b4-442d-b468-ecc5849a9171,37.7910725,-107.9706105
2014-06-28,-3105.7241260093247,184ff116-78b4-442d-b468-ecc5849a9171,37.7910725,-107.9706105
2014-06-29,-3763.140907540087,184ff116-78b4-442d-b468-ecc5849a9171,37.7910725,-107.9706105
2014-06-30,-1001.7098100761964,184ff116-78b4-442d-b468-ecc5849a9171,37.7910725,-107.9706105
2014-07-01,-4200.229450699419,184ff116-78b4-442d-b468-ecc5849a9171,37.7910725,-107.9706105
2014-07-02,-2003.1530945069933,184ff116-78b4-442d-b468-ecc5849a9171,37.7910725,-107.9706105
2014-07-03,2846.9697486637087,184ff116-78b4-442d-b468-ecc5849a9171,37.7910725,-107.9706105
2014-07-04,2898.072457636757,184ff116-78b4-442d-b468-ecc5849a9171,37.7910725,-107.9706105
2014-07-05,-622.3914613897421,184ff116-78b4-442d-b468-ecc5849a9171,37.7910725,-107.9706105
2014-07-06,-290.2353462981917,184ff116-78b4-442d-b468-ecc5849a9171,37.7910725,-107.9706105
2014-07-07,5043.799836233368,184ff116-78b4-442d-b468-ecc5849a9171,37.7910725,-107.9706105
2014-07-08,1385.2810508358918,184ff116-78b4-442d-b468-ecc5849a9171,37.7910725,-107.9706105
2014-07-09,1726.6805185943358,184ff116-78b4-442d-b468-ecc5849a9171,37.7910725,-107.9706105
2014-07-10,1741.5024178323656,184ff116-78b4-442d-b468-ecc5849a9171,37.7910725,-107.9706105
2014-07-11,1817.488511315819,184ff116-78b4-442d-b468-ecc5849a9171,37.7910725,-107.9706105
2014-07-12,2057.7933425797496,184ff116-78b4-442d-b468-ecc5849a9171,37.7910725,-107.9706105
2014-07-13,455.9162754415937,184ff116-78b4-442d-b468-ecc5849a9171,37.7910725,-107.9706105
2014-07-14,-1253.360686910042,184ff116-78b4-442d-b468-ecc5849a9171,37.7910725,-107.9706105
2014-07-15,3611.6396906630275,184ff116-78b4-442d-b468-ecc5849a9171,37.7910725,-107.9706105
2014-07-16,426.1072898896848,184ff116-78b4-442d-b468-ecc5849a9171,37.7910725,-107.9706105
2014-07-17,-3246.246668941202,184ff116-78b4-442d-b468-ecc5849a9171,37.7910725,-107.9706105
2014-07-18,4.043225292846576,184ff116-78b4-442d-b468-ecc5849a9171,37.7910725,-107.9706105
2014-07-19,-3583.024305697713,184ff116-78b4-442d-b468-ecc5849a9171,37.7910725,-107.9706105
2014-07-20,2016.4258705788689,184ff116-78b4-442d-b468-ecc5849a9171,37.7910725,-107.9706105
2014-07-21,2458.6182417832347,184ff116-78b4-442d-b468-ecc5849a9171,37.7910725,-107.9706105
2014-07-22,-3536.002647560558,184ff116-78b4-442d-b468-ecc5849a9171,37.7910725,-107.9706105
2014-07-23,-1462.0595564653693,184ff116-78b4-442d-b468-ecc5849a9171,37.7910725,-107.9706105
2014-07-24,-462.18612532696466,184ff116-78b4-442d-b468-ecc5849a9171,37.7910725,-107.9706105
2014-07-25,-1081.7569521210057,184ff116-78b4-442d-b468-ecc5849a9171,37.7910725,-107.9706105
2014-07-26,-1459.639481405663,184ff116-78b4-442d-b468-ecc5849a9171,37.7910725,-107.9706105
2014-07-27,5713.898896849764,184ff116-78b4-442d-b468-ecc5849a9171,37.7910725,-107.9706105
2014-07-28,1161.537313772318,184ff116-78b4-442d-b468-ecc5849a9171,37.7910725,-107.9706105
2014-07-29,333.4747822131238,184ff116-78b4-442d-b468-ecc5849a9171,37.7910725,-107.9706105
2014-07-30,-668.9585988854767,184ff116-78b4-442d-b468-ecc5849a9171,37.7910725,-107.9706105
2014-07-31,2259.7263687023765,184ff116-78b4-442d-b468-ecc5849a9171,37.7910725,-107.9706105
2014-08-01,533.3242260889341,184ff116-78b4-442d-b468-ecc5849a9171,37.7910725,-107.9706105
2014-08-02,301.84987603775716,184ff116-78b4-442d-b468-ecc5849a9171,37.7910725,-107.9706105
2014-08-03,2683.1925804617304,184ff116-78b4-442d-b468-ecc5849a9171,37.7910725,-107.9706105
2014-08-04,1751.3967110201284,184ff116-78b4-442d-b468-ecc5849a9171,37.7910725,-107.9706105
2014-08-05,1216.3417036278854,184ff116-78b4-442d-b468-ecc5849a9171,37.7910725,-107.9706105
2014-08-06,-2188.5066166268603,184ff116-78b4-442d-b468-ecc5849a9171,37.7910725,-107.9706105
2014-08-07,1372.2834300011364,184ff116-78b4-442d-b468-ecc5849a9171,37.7910725,-107.9706105
2014-08-08,-2351.674673035369,184ff116-78b4-442d-b468-ecc5849a9171,37.7910725,-107.9706105
2014-08-09,608.9161287387691,184ff116-78b4-442d-b468-ecc5849a9171,37.7910725,-107.9706105
2014-08-10,-179.70119868076867,184ff116-78b4-442d-b468-ecc5849a9171,37.7910725,-107.9706105
2014-08-11,-1184.2570635732961,184ff116-78b4-442d-b468-ecc5849a9171,37.7910725,-107.9706105
2014-08-12,484.30610258159913,184ff116-78b4-442d-b468-ecc5849a9171,37.7910725,-107.9706105
2014-08-13,177.43253497099963,184ff116-78b4-442d-b468-ecc5849a9171,37.7910725,-107.9706105
2014-08-14,2794.780657341064,184ff116-78b4-442d-b468-ecc5849a9171,37.7910725,-107.9706105
2014-08-15,-2408.594181735471,184ff116-78b4-442d-b468-ecc5849a9171,37.7910725,-107.9706105
2014-08-16,-2393.0323575571483,184ff116-78b4-442d-b468-ecc5849a9171,37.7910725,-107.9706105
2014-08-17,-1016.5339656544978,184ff116-78b4-442d-b468-ecc5849a9171,37.7910725,-107.9706105
2014-08-18,-3995.2234049812346,184ff116-78b4-442d-b468-ecc5849a9171,37.7910725,-107.9706105
2014-08-19,2813.912462185829,184ff116-78b4-442d-b468-ecc5849a9171,37.7910725,-107.9706105
2014-08-20,-3335.2757284203335,184ff116-78b4-442d-b468-ecc5849a9171,37.7910725,-107.9706105
2014-08-21,1700.671443193449,184ff116-78b4-442d-b468-ecc5849a9171,37.7910725,-107.9706105
2014-08-22,5258.686919140223,184ff116-78b4-442d-b468-ecc5849a9171,37.7910725,-107.9706105
2014-08-23,-450.7171295348573,184ff116-78b4-442d-b468-ecc5849a9171,37.7910725,-107.9706105
2014-08-24,-1486.4358239508695,184ff116-78b4-442d-b468-ecc5849a9171,37.7910725,-107.9706105
2014-08-25,3483.3660502672574,184ff116-78b4-442d-b468-ecc5849a9171,37.7910725,-107.9706105
2014-08-26,2194.4228954850446,184ff116-78b4-442d-b468-ecc5849a9171,37.7910725,-107.9706105
2014-08-27,1511.128151939042,184ff116-78b4-442d-b468-ecc5849a9171,37.7910725,-107.9706105
2014-08-28,17.991998180370743,184ff116-78b4-442d-b468-ecc5849a9171,37.7910725,-107.9706105
2014-08-29,-1637.0923097918796,184ff116-78b4-442d-b468-ecc5849a9171,37.7910725,-107.9706105
2014-08-30,-2899.703041055384,184ff116-78b4-442d-b468-ecc5849a9171,37.7910725,-107.9706105
2014-08-31,-1594.3051063345836,184ff116-78b4-442d-b468-ecc5849a9171,37.7910725,-107.9706105
2014-09-01,-3566.3821084953915,184ff116-78b4-442d-b468-ecc5849a9171,37.7910725,-107.9706105
2014-09-02,-2605.5140452632763,184ff116-78b4-442d-b468-ecc5849a9171,37.7910725,-107.9706105
2014-09-03,-3638.725713635846,184ff116-78b4-442d-b468-ecc5849a9171,37.7910725,-107.9706105
2014-09-04,3726.692578187195,184ff116-78b4-442d-b468-ecc5849a9171,37.7910725,-107.9706105
2014-09-05,314.444435346298,184ff116-78b4-442d-b468-ecc5849a9171,37.7910725,-107.9706105
2014-09-06,494.7887910838164,184ff116-78b4-442d-b468-ecc5849a9171,37.7910725,-107.9706105
2014-09-07,602.3320186511997,184ff116-78b4-442d-b468-ecc5849a9171,37.7910725,-107.9706105
2014-09-08,3585.0659433640376,184ff116-78b4-442d-b468-ecc5849a9171,37.7910725,-107.9706105
2014-09-09,2197.3501967474135,184ff116-78b4-442d-b468-ecc5849a9171,37.7910725,-107.9706105
2014-09-10,-3211.055671556919,184ff116-78b4-442d-b468-ecc5849a9171,37.7910725,-107.9706105
2014-09-11,-1557.3326873649485,184ff116-78b4-442d-b468-ecc5849a9171,37.7910725,-107.9706105
2014-09-12,-3860.534579779368,184ff116-78b4-442d-b468-ecc5849a9171,37.7910725,-107.9706105
2014-09-13,-2529.910474240871,184ff116-78b4-442d-b468-ecc5849a9171,37.7910725,-107.9706105
2014-09-14,-2872.544983509609,184ff116-78b4-442d-b468-ecc5849a9171,37.7910725,-107.9706105
2014-09-15,-1639.9194632093709,184ff116-78b4-442d-b468-ecc5849a9171,37.7910725,-107.9706105
2014-09-16,1165.4087660639138,184ff116-78b4-442d-b468-ecc5849a9171,37.7910725,-107.9706105
2014-09-17,2397.4791857159103,184ff116-78b4-442d-b468-ecc5849a9171,37.7910725,-107.9706105
2014-09-18,-2622.6391857159088,184ff116-78b4-442d-b468-ecc5849a9171,37.7910725,-107.9706105
2014-09-19,-3860.506998749001,184ff116-78b4-442d-b468-ecc5849a9171,37.7910725,-107.9706105
2014-09-20,260.3694165813716,184ff116-78b4-442d-b468-ecc5849a9171,37.7910725,-107.9706105
2014-09-21,-1957.3721596724668,184ff116-78b4-442d-b468-ecc5849a9171,37.7910725,-107.9706105
2014-09-22,1058.7458705788692,184ff116-78b4-442d-b468-ecc5849a9171,37.7910725,-107.9706105
2014-09-23,-634.2755601046285,184ff116-78b4-442d-b468-ecc5849a9171,37.7910725,-107.9706105
2014-09-24,-3658.4272216535855,184ff116-78b4-442d-b468-ecc5849a9171,37.7910725,-107.9706105
2014-09-25,-2899.843107016945,184ff116-78b4-442d-b468-ecc5849a9171,37.7910725,-107.9706105
2014-09-26,-396.4289139087907,184ff116-78b4-442d-b468-ecc5849a9171,37.7910725,-107.9706105
2014-09-27,800.0379165245073,184ff116-78b4-442d-b468-ecc5849a9171,37.7910725,-107.9706105
2014-09-28,2063.491099738427,184ff116-78b4-442d-b468-ecc5849a9171,37.7910725,-107.9706105
2014-09-29,4162.231675196177,184ff116-78b4-442d-b468-ecc5849a9171,37.7910725,-107.9706105
2014-09-30,690.6411418173547,184ff116-78b4-442d-b468-ecc5849a9171,37.7910725,-107.9706105
2014-10-01,5689.140179688384,184ff116-78b4-442d-b468-ecc5849a9171,37.7910725,-107.9706105
2014-10-02,-2480.4286045718186,184ff116-78b4-442d-b468-ecc5849a9171,37.7910725,-107.9706105
2014-10-03,-3558.0839031047417,184ff116-78b4-442d-b468-ecc5849a9171,37.7910725,-107.9706105
2014-10-04,-2474.818027976798,184ff116-78b4-442d-b468-ecc5849a9171,37.7910725,-107.9706105
2014-10-05,-3881.8887569657672,184ff116-78b4-442d-b468-ecc5849a9171,37.7910725,-107.9706105
2014-10-06,-2434.510551575117,184ff116-78b4-442d-b468-ecc5849a9171,37.7910725,-107.9706105
2014-10-07,1792.2706016149202,184ff116-78b4-442d-b468-ecc5849a9171,37.7910725,-107.9706105
2014-10-08,838.9838007505965,184ff116-78b4-442d-b468-ecc5849a9171,37.7910725,-107.9706105
2014-10-09,6517.837880131918,184ff116-78b4-442d-b468-ecc5849a9171,37.7910725,-107.9706105
2014-10-10,5064.502426930511,184ff116-78b4-442d-b468-ecc5849a9171,37.7910725,-107.9706105
2014-10-11,-469.5236165131355,184ff116-78b4-442d-b468-ecc5849a9171,37.7910725,-107.9706105
2014-10-12,5211.0343546002505,184ff116-78b4-442d-b468-ecc5849a9171,37.7910725,-107.9706105
2014-10-13,-412.9572296144661,184ff116-78b4-442d-b468-ecc5849a9171,37.7910725,-107.9706105
2014-10-14,-3286.2060548163286,184ff116-78b4-442d-b468-ecc5849a9171,37.7910725,-107.9706105
2014-10-15,-696.9927487774363,184ff116-78b4-442d-b468-ecc5849a9171,37.7910725,-107.9706105
2014-10-16,-3356.61302399636,184ff116-78b4-442d-b468-ecc5849a9171,37.7910725,-107.9706105
2014-10-17,1959.8485931991352,184ff116-78b4-442d-b468-ecc5849a9171,37.7910725,-107.9706105
2014-10-18,83.16353917889224,184ff116-78b4-442d-b468-ecc5849a9171,37.7910725,-107.9706105
2014-10-19,3037.399986352779,184ff116-78b4-442d-b468-ecc5849a9171,37.7910725,-107.9706105
2014-10-20,-1063.6028522688496,184ff116-78b4-442d-b468-ecc5849a9171,37.7910725,-107.9706105
2014-10-21,3467.0041669509815,184ff116-78b4-442d-b468-ecc5849a9171,37.7910725,-107.9706105
2014-10-22,1567.5570976913455,184ff116-78b4-442d-b468-ecc5849a9171,37.7910725,-107.9706105
2014-10-23,-3251.907558284998,184ff116-78b4-442d-b468-ecc5849a9171,37.7910725,-107.9706105
2014-10-24,-2951.0503991811643,184ff116-78b4-442d-b468-ecc5849a9171,37.7910725,-107.9706105
2014-10-25,-2993.95594222677,184ff116-78b4-442d-b468-ecc5849a9171,37.7910725,-107.9706105
2014-10-26,-2259.8945479358576,184ff116-78b4-442d-b468-ecc5849a9171,37.7910725,-107.9706105
2014-10-27,-526.4627089730468,184ff116-78b4-442d-b468-ecc5849a9171,37.7910725,-107.9706105
2014-10-28,-3981.8385488456724,184ff116-78b4-442d-b468-ecc5849a9171,37.7910725,-107.9706105
2014-10-29,-2319.453747298987,184ff116-78b4-442d-b468-ecc5849a9171,37.7910725,-107.9706105
2014-10-30,-3691.649361992493,184ff116-78b4-442d-b468-ecc5849a9171,37.7910725,-107.9706105
2014-10-31,-336.57858751279423,184ff116-78b4-442d-b468-ecc5849a9171,37.7910725,-107.9706105
2014-11-01,-3115.8301148640953,184ff116-78b4-442d-b468-ecc5849a9171,37.7910725,-107.9706105
2014-11-02,1641.877952917092,184ff116-78b4-442d-b468-ecc5849a9171,37.7910725,-107.9706105
2014-11-03,1988.4597475264416,184ff116-78b4-442d-b468-ecc5849a9171,37.7910725,-107.9706105
2014-11-04,3276.7227248948,184ff116-78b4-442d-b468-ecc5849a9171,37.7910725,-107.9706105
2014-11-05,2.0238189468896084,184ff116-78b4-442d-b468-ecc5849a9171,37.7910725,-107.9706105
2014-11-06,-480.90247697031714,184ff116-78b4-442d-b468-ecc5849a9171,37.7910725,-107.9706105
2014-11-07,-2039.5522074377334,184ff116-78b4-442d-b468-ecc5849a9171,37.7910725,-107.9706105
2014-11-08,-2927.3120755146133,184ff116-78b4-442d-b468-ecc5849a9171,37.7910725,-107.9706105
2014-11-09,-643.2291823041054,184ff116-78b4-442d-b468-ecc5849a9171,37.7910725,-107.9706105
2014-11-10,-2928.4506630274063,184ff116-78b4-442d-b468-ecc5849a9171,37.7910725,-107.9706105
2014-11-11,-2800.250549300578,184ff116-78b4-442d-b468-ecc5849a9171,37.7910725,-107.9706105
2014-11-12,3562.9866439213006,184ff116-78b4-442d-b468-ecc5849a9171,37.7910725,-107.9706105
2014-11-13,208.43015125668134,184ff116-78b4-442d-b468-ecc5849a9171,37.7910725,-107.9706105
2014-11-14,4233.350196747411,184ff116-78b4-442d-b468-ecc5849a9171,37.7910725,-107.9706105
2014-11-15,3997.7623609689513,184ff116-78b4-442d-b468-ecc5849a9171,37.7910725,-107.9706105
2014-11-16,6031.414229500738,184ff116-78b4-442d-b468-ecc5849a9171,37.7910725,-107.9706105
2014-11-17,6625.923621062208,184ff116-78b4-442d-b468-ecc5849a9171,37.7910725,-107.9706105
2014-11-18,6316.51251222563,184ff116-78b4-442d-b468-ecc5849a9171,37.7910725,-107.9706105
2014-11-19,6004.582417832365,184ff116-78b4-442d-b468-ecc5849a9171,37.7910725,-107.9706105
2014-11-20,997.6117366086654,184ff116-78b4-442d-b468-ecc5849a9171,37.7910725,-107.9706105
2014-11-21,5468.657618560216,184ff116-78b4-442d-b468-ecc5849a9171,37.7910725,-107.9706105
2014-11-22,6924.556706471053,184ff116-78b4-442d-b468-ecc5849a9171,37.7910725,-107.9706105
2014-11-23,3254.2107767542357,184ff116-78b4-442d-b468-ecc5849a9171,37.7910725,-107.9706105
2014-11-24,4377.344774252245,184ff116-78b4-442d-b468-ecc5849a9171,37.7910725,-107.9706105
2014-11-25,1840.1940680086423,184ff116-78b4-442d-b468-ecc5849a9171,37.7910725,-107.9706105
2014-11-26,5832.554268167862,184ff116-78b4-442d-b468-ecc5849a9171,37.7910725,-107.9706105
2014-11-27,6419.337391106561,184ff116-78b4-442d-b468-ecc5849a9171,37.7910725,-107.9706105
2014-11-28,6121.227758444214,184ff116-78b4-442d-b468-ecc5849a9171,37.7910725,-107.9706105
2014-11-29,6744.5748891163375,184ff116-78b4-442d-b468-ecc5849a9171,37.7910725,-107.9706105
2014-11-30,3069.3488274763986,184ff116-78b4-442d-b468-ecc5849a9171,37.7910725,-107.9706105
2014-12-01,7028.314509268734,184ff116-78b4-442d-b468-ecc5849a9171,37.7910725,-107.9706105
2014-12-02,2771.2164130558385,184ff116-78b4-442d-b468-ecc5849a9171,37.7910725,-107.9706105
2014-12-03,2848.9627931308964,184ff116-78b4-442d-b468-ecc5849a9171,37.7910725,-107.9706105
2014-12-04,3877.677907426361,184ff116-78b4-442d-b468-ecc5849a9171,37.7910725,-107.9706105
2014-12-05,5349.347408165583,184ff116-78b4-442d-b468-ecc5849a9171,37.7910725,-107.9706105
2014-12-06,3101.014420561808,184ff116-78b4-442d-b468-ecc5849a9171,37.7910725,-107.9706105
2014-12-07,5852.390524280678,184ff116-78b4-442d-b468-ecc5849a9171,37.7910725,-107.9706105
2014-12-08,5504.454443307173,184ff116-78b4-442d-b468-ecc5849a9171,37.7910725,-107.9706105
2014-12-09,5100.964053224154,184ff116-78b4-442d-b468-ecc5849a9171,37.7910725,-107.9706105
2014-12-10,6154.728374843624,184ff116-78b4-442d-b468-ecc5849a9171,37.7910725,-107.9706105
2014-12-11,2966.0981508017735,184ff116-78b4-442d-b468-ecc5849a9171,37.7910725,-107.9706105
2014-12-13,2596.915250767655,184ff116-78b4-442d-b468-ecc5849a9171,37.7910725,-107.9706105
2014-12-14,4082.7014898214466,184ff116-78b4-442d-b468-ecc5849a9171,37.7910725,-107.9706105
2014-12-15,6948.6337950642555,184ff116-78b4-442d-b468-ecc5849a9171,37.7910725,-107.9706105
2014-12-16,1475.0039076538148,184ff116-78b4-442d-b468-ecc5849a9171,37.7910725,-107.9706105
2014-12-17,4341.5557557147695,184ff116-78b4-442d-b468-ecc5849a9171,37.7910725,-107.9706105
2014-12-18,488.80403047878974,184ff116-78b4-442d-b468-ecc5849a9171,37.7910725,-107.9706105
2014-12-19,6954.77858296372,184ff116-78b4-442d-b468-ecc5849a9171,37.7910725,-107.9706105
2014-12-20,3081.546894120322,184ff116-78b4-442d-b468-ecc5849a9171,37.7910725,-107.9706105
2014-12-21,4140.4770612987595,184ff116-78b4-442d-b468-ecc5849a9171,37.7910725,-107.9706105
2014-12-22,2178.549082224496,184ff116-78b4-442d-b468-ecc5849a9171,37.7910725,-107.9706105
2014-12-23,2966.82482429205,184ff116-78b4-442d-b468-ecc5849a9171,37.7910725,-107.9706105
2014-12-24,5972.690039804388,184ff116-78b4-442d-b468-ecc5849a9171,37.7910725,-107.9706105
2014-12-25,1076.8279540543608,184ff116-78b4-442d-b468-ecc5849a9171,37.7910725,-107.9706105
2014-12-26,2960.331718412373,184ff116-78b4-442d-b468-ecc5849a9171,37.7910725,-107.9706105
2014-12-27,5556.292009553055,184ff116-78b4-442d-b468-ecc5849a9171,37.7910725,-107.9706105
2014-12-28,982.4164039576922,184ff116-78b4-442d-b468-ecc5849a9171,37.7910725,-107.9706105
2014-12-29,2424.4231092914806,184ff116-78b4-442d-b468-ecc5849a9171,37.7910725,-107.9706105
2014-12-30,3747.7117252359817,184ff116-78b4-442d-b468-ecc5849a9171,37.7910725,-107.9706105
2014-12-31,4831.347767542361,184ff116-78b4-442d-b468-ecc5849a9171,37.7910725,-107.9706105
2015-01-01,2221.3550688047303,184ff116-78b4-442d-b468-ecc5849a9171,37.7910725,-107.9706105
2015-01-02,6400.389860115996,184ff116-78b4-442d-b468-ecc5849a9171,37.7910725,-107.9706105
2015-01-03,3395.416686000225,184ff116-78b4-442d-b468-ecc5849a9171,37.7910725,-107.9706105
2015-01-04,5304.687769816896,184ff116-78b4-442d-b468-ecc5849a9171,37.7910725,-107.9706105
2015-01-05,2870.7734288638667,184ff116-78b4-442d-b468-ecc5849a9171,37.7910725,-107.9706105
2015-01-06,5586.991379506426,184ff116-78b4-442d-b468-ecc5849a9171,37.7910725,-107.9706105
2015-01-07,6510.290203571023,184ff116-78b4-442d-b468-ecc5849a9171,37.7910725,-107.9706105
2015-01-08,5986.086341407939,184ff116-78b4-442d-b468-ecc5849a9171,37.7910725,-107.9706105
2015-01-09,7567.599790742634,184ff116-78b4-442d-b468-ecc5849a9171,37.7910725,-107.9706105
2015-01-10,5633.295248493117,184ff116-78b4-442d-b468-ecc5849a9171,37.7910725,-107.9706105
2015-01-11,1737.3496508586384,184ff116-78b4-442d-b468-ecc5849a9171,37.7910725,-107.9706105
2015-01-12,3429.283866712155,184ff116-78b4-442d-b468-ecc5849a9171,37.7910725,-107.9706105
2015-01-13,4812.743009211871,184ff116-78b4-442d-b468-ecc5849a9171,37.7910725,-107.9706105
2015-01-14,4833.2261799158405,184ff116-78b4-442d-b468-ecc5849a9171,37.7910725,-107.9706105
2015-01-15,6282.54475605595,184ff116-78b4-442d-b468-ecc5849a9171,37.7910725,-107.9706105
2015-01-16,6902.622117593542,184ff116-78b4-442d-b468-ecc5849a9171,37.7910725,-107.9706105
2015-01-17,5590.529393836005,184ff116-78b4-442d-b468-ecc5849a9171,37.7910725,-107.9706105
2015-01-18,6524.750688047311,184ff116-78b4-442d-b468-ecc5849a9171,37.7910725,-107.9706105
2015-01-19,5601.535066530194,184ff116-78b4-442d-b468-ecc5849a9171,37.7910725,-107.9706105
2015-01-20,5783.8680768793365,184ff116-78b4-442d-b468-ecc5849a9171,37.7910725,-107.9706105
2015-01-21,3307.3257955191616,184ff116-78b4-442d-b468-ecc5849a9171,37.7910725,-107.9706105
2015-01-22,4601.551092914816,184ff116-78b4-442d-b468-ecc5849a9171,37.7910725,-107.9706105
2015-01-23,4716.360750597062,184ff116-78b4-442d-b468-ecc5849a9171,37.7910725,-107.9706105
2015-01-24,2305.6323029682694,184ff116-78b4-442d-b468-ecc5849a9171,37.7910725,-107.9706105
2015-01-25,6645.703068349817,184ff116-78b4-442d-b468-ecc5849a9171,37.7910725,-107.9706105
2015-01-26,5491.781057659499,184ff116-78b4-442d-b468-ecc5849a9171,37.7910725,-107.9706105
2015-01-27,6913.581912885249,184ff116-78b4-442d-b468-ecc5849a9171,37.7910725,-107.9706105
2015-01-28,4358.752571363584,184ff116-78b4-442d-b468-ecc5849a9171,37.7910725,-107.9706105
2015-01-29,4276.04229728193,184ff116-78b4-442d-b468-ecc5849a9171,37.7910725,-107.9706105
2015-01-30,4525.271470487885,184ff116-78b4-442d-b468-ecc5849a9171,37.7910725,-107.9706105
2015-01-31,958.9593039918116,184ff116-78b4-442d-b468-ecc5849a9171,37.7910725,-107.9706105
2015-02-01,6138.868709200495,184ff116-78b4-442d-b468-ecc5849a9171,37.7910725,-107.9706105
2015-02-02,799.4407733424314,184ff116-78b4-442d-b468-ecc5849a9171,37.7910725,-107.9706105
2015-02-03,5709.437070396905,184ff116-78b4-442d-b468-ecc5849a9171,37.7910725,-107.9706105
2015-02-04,2447.2492573638106,184ff116-78b4-442d-b468-ecc5849a9171,37.7910725,-107.9706105
2015-02-05,5980.66099852155,184ff116-78b4-442d-b468-ecc5849a9171,37.7910725,-107.9706105
2015-02-06,6209.884944842487,184ff116-78b4-442d-b468-ecc5849a9171,37.7910725,-107.9706105
2015-02-07,5637.476219720231,184ff116-78b4-442d-b468-ecc5849a9171,37.7910725,-107.9706105
2015-02-08,7403.19892641874,184ff116-78b4-442d-b468-ecc5849a9171,37.7910725,-107.9706105
2015-02-09,5922.967715228022,184ff116-78b4-442d-b468-ecc5849a9171,37.7910725,-107.9706105
2015-02-10,7600.085317866482,184ff116-78b4-442d-b468-ecc5849a9171,37.7910725,-107.9706105
2015-02-11,5507.447828954848,184ff116-78b4-442d-b468-ecc5849a9171,37.7910725,-107.9706105
2015-02-12,6066.012569089048,184ff116-78b4-442d-b468-ecc5849a9171,37.7910725,-107.9706105
2015-02-13,6361.508586375523,184ff116-78b4-442d-b468-ecc5849a9171,37.7910725,-107.9706105
2015-02-14,5911.009407483224,184ff116-78b4-442d-b468-ecc5849a9171,37.7910725,-107.9706105
2015-02-15,6602.892100534514,184ff116-78b4-442d-b468-ecc5849a9171,37.7910725,-107.9706105
2015-02-16,2920.358385079041,184ff116-78b4-442d-b468-ecc5849a9171,37.7910725,-107.9706105
2015-02-17,5437.650194472873,184ff116-78b4-442d-b468-ecc5849a9171,37.7910725,-107.9706105
2015-02-18,4285.18244057773,184ff116-78b4-442d-b468-ecc5849a9171,37.7910725,-107.9706105
2015-02-19,5711.238885477083,184ff116-78b4-442d-b468-ecc5849a9171,37.7910725,-107.9706105
2015-02-20,892.1129170931418,184ff116-78b4-442d-b468-ecc5849a9171,37.7910725,-107.9706105
2015-02-21,3398.2308518139425,184ff116-78b4-442d-b468-ecc5849a9171,37.7910725,-107.9706105
2015-02-22,4879.407801660409,184ff116-78b4-442d-b468-ecc5849a9171,37.7910725,-107.9706105
2015-02-23,4204.603138860456,184ff116-78b4-442d-b468-ecc5849a9171,37.7910725,-107.9706105
2015-02-24,7065.32330262709,184ff116-78b4-442d-b468-ecc5849a9171,37.7910725,-107.9706105
2015-02-26,4355.9299806664385,184ff116-78b4-442d-b468-ecc5849a9171,37.7910725,-107.9706105
2015-02-27,2092.7923211645616,184ff116-78b4-442d-b468-ecc5849a9171,37.7910725,-107.9706105
2015-02-28,5700.546443762084,184ff116-78b4-442d-b468-ecc5849a9171,37.7910725,-107.9706105
2015-03-01,4244.041250995107,184ff116-78b4-442d-b468-ecc5849a9171,37.7910725,-107.9706105
2015-03-02,1054.5546639372221,184ff116-78b4-442d-b468-ecc5849a9171,37.7910725,-107.9706105
2015-03-03,1845.137436597293,184ff116-78b4-442d-b468-ecc5849a9171,37.7910725,-107.9706105
2015-03-04,5115.487060161492,184ff116-78b4-442d-b468-ecc5849a9171,37.7910725,-107.9706105
2015-03-05,7064.346416467645,184ff116-78b4-442d-b468-ecc5849a9171,37.7910725,-107.9706105
2015-03-06,5765.309259638349,184ff116-78b4-442d-b468-ecc5849a9171,37.7910725,-107.9706105
2015-03-07,7441.885154099851,184ff116-78b4-442d-b468-ecc5849a9171,37.7910725,-107.9706105
2015-03-08,6192.933224155576,184ff116-78b4-442d-b468-ecc5849a9171,37.7910725,-107.9706105
2015-03-09,5911.587066985098,184ff116-78b4-442d-b468-ecc5849a9171,37.7910725,-107.9706105
2015-03-10,7086.1448242920505,184ff116-78b4-442d-b468-ecc5849a9171,37.7910725,-107.9706105
2015-03-11,3814.0936426703042,184ff116-78b4-442d-b468-ecc5849a9171,37.7910725,-107.9706105
2015-03-12,3847.2698237234144,184ff116-78b4-442d-b468-ecc5849a9171,37.7910725,-107.9706105
2015-03-13,3063.363025133628,184ff116-78b4-442d-b468-ecc5849a9171,37.7910725,-107.9706105
2015-03-14,6875.995710224038,184ff116-78b4-442d-b468-ecc5849a9171,37.7910725,-107.9706105
2015-03-15,6346.35494143068,184ff116-78b4-442d-b468-ecc5849a9171,37.7910725,-107.9706105
2015-03-16,6792.111138405544,184ff116-78b4-442d-b468-ecc5849a9171,37.7910725,-107.9706105
2015-03-17,5341.012423518706,184ff116-78b4-442d-b468-ecc5849a9171,37.7910725,-107.9706105
2015-03-18,2131.502536108266,184ff116-78b4-442d-b468-ecc5849a9171,37.7910725,-107.9706105
2015-03-19,3162.21733196861,184ff116-78b4-442d-b468-ecc5849a9171,37.7910725,-107.9706105
2015-03-20,5054.803639258497,184ff116-78b4-442d-b468-ecc5849a9171,37.7910725,-107.9706105
2015-03-21,7755.561037188674,184ff116-78b4-442d-b468-ecc5849a9171,37.7910725,-107.9706105
2015-03-22,5712.438912771522,184ff116-78b4-442d-b468-ecc5849a9171,37.7910725,-107.9706105
2015-03-23,6308.856440350278,184ff116-78b4-442d-b468-ecc5849a9171,37.7910725,-107.9706105
2015-03-24,3136.4693415216634,184ff116-78b4-442d-b468-ecc5849a9171,37.7910725,-107.9706105
2015-03-25,4342.016931650175,184ff116-78b4-442d-b468-ecc5849a9171,37.7910725,-107.9706105
2015-03-26,5700.468408961672,184ff116-78b4-442d-b468-ecc5849a9171,37.7910725,-107.9706105
2015-03-27,5175.206969180025,184ff116-78b4-442d-b468-ecc5849a9171,37.7910725,-107.9706105
2015-03-28,6890.172878426017,184ff116-78b4-442d-b468-ecc5849a9171,37.7910725,-107.9706105
2015-03-29,4872.110151256679,184ff116-78b4-442d-b468-ecc5849a9171,37.7910725,-107.9706105
2015-03-30,6379.0419606505175,184ff116-78b4-442d-b468-ecc5849a9171,37.7910725,-107.9706105
2015-03-31,2709.040650517455,184ff116-78b4-442d-b468-ecc5849a9171,37.7910725,-107.9706105
2015-04-01,1940.6369772415997,184ff116-78b4-442d-b468-ecc5849a9171,37.7910725,-107.9706105
2015-04-02,934.2824974411459,184ff116-78b4-442d-b468-ecc5849a9171,37.7910725,-107.9706105
2015-04-03,4170.825515751162,184ff116-78b4-442d-b468-ecc5849a9171,37.7910725,-107.9706105
2015-04-04,3830.706261799158,184ff116-78b4-442d-b468-ecc5849a9171,37.7910725,-107.9706105
2015-04-05,3449.296927101104,184ff116-78b4-442d-b468-ecc5849a9171,37.7910725,-107.9706105
2015-04-06,5398.87409530308,184ff116-78b4-442d-b468-ecc5849a9171,37.7910725,-107.9706105
2015-04-07,4531.836165131353,184ff116-78b4-442d-b468-ecc5849a9171,37.7910725,-107.9706105
2015-04-08,3293.646823609687,184ff116-78b4-442d-b468-ecc5849a9171,37.7910725,-107.9706105
2015-04-09,3260.245736381211,184ff116-78b4-442d-b468-ecc5849a9171,37.7910725,-107.9706105
2015-04-10,2522.0185693165,184ff116-78b4-442d-b468-ecc5849a9171,37.7910725,-107.9706105
2015-04-11,3724.4211531900355,184ff116-78b4-442d-b468-ecc5849a9171,37.7910725,-107.9706105
2015-04-12,1688.390328670533,184ff116-78b4-442d-b468-ecc5849a9171,37.7910725,-107.9706105
2015-04-13,3090.3520664164653,184ff116-78b4-442d-b468-ecc5849a9171,37.7910725,-107.9706105
2015-04-14,1784.0461730922316,184ff116-78b4-442d-b468-ecc5849a9171,37.7910725,-107.9706105
2015-04-15,2592.4548891163404,184ff116-78b4-442d-b468-ecc5849a9171,37.7910725,-107.9706105
2015-04-16,2339.2647833503916,184ff116-78b4-442d-b468-ecc5849a9171,37.7910725,-107.9706105
2015-04-17,5468.1914431934465,184ff116-78b4-442d-b468-ecc5849a9171,37.7910725,-107.9706105
2015-04-18,4307.0204253383345,184ff116-78b4-442d-b468-ecc5849a9171,37.7910725,-107.9706105
2015-04-19,3297.1351711588736,184ff116-78b4-442d-b468-ecc5849a9171,37.7910725,-107.9706105
2015-04-20,385.4529557602641,184ff116-78b4-442d-b468-ecc5849a9171,37.7910725,-107.9706105
2015-04-21,487.4331718412373,184ff116-78b4-442d-b468-ecc5849a9171,37.7910725,-107.9706105
2015-04-22,3756.9415580575437,184ff116-78b4-442d-b468-ecc5849a9171,37.7910725,-107.9706105
2015-04-23,1498.435933128625,184ff116-78b4-442d-b468-ecc5849a9171,37.7910725,-107.9706105
2015-04-24,3412.4225179119753,184ff116-78b4-442d-b468-ecc5849a9171,37.7910725,-107.9706105
2015-04-25,1295.6461230524274,184ff116-78b4-442d-b468-ecc5849a9171,37.7910725,-107.9706105
2015-04-26,4043.375912657795,184ff116-78b4-442d-b468-ecc5849a9171,37.7910725,-107.9706105
2015-04-27,3122.598726259524,184ff116-78b4-442d-b468-ecc5849a9171,37.7910725,-107.9706105
2015-04-28,696.7157739110654,184ff116-78b4-442d-b468-ecc5849a9171,37.7910725,-107.9706105
2015-04-29,3805.7565927442274,184ff116-78b4-442d-b468-ecc5849a9171,37.7910725,-107.9706105
2015-04-30,285.2134061185033,184ff116-78b4-442d-b468-ecc5849a9171,37.7910725,-107.9706105
2015-05-01,848.9137404753783,184ff116-78b4-442d-b468-ecc5849a9171,37.7910725,-107.9706105
2015-05-02,2389.6364107813024,184ff116-78b4-442d-b468-ecc5849a9171,37.7910725,-107.9706105
2015-05-03,2994.170703969064,184ff116-78b4-442d-b468-ecc5849a9171,37.7910725,-107.9706105
2015-05-04,3770.2379711133854,184ff116-78b4-442d-b468-ecc5849a9171,37.7910725,-107.9706105
2015-05-05,3636.399858978731,184ff116-78b4-442d-b468-ecc5849a9171,37.7910725,-107.9706105
2015-05-06,2309.697436597292,184ff116-78b4-442d-b468-ecc5849a9171,37.7910725,-107.9706105
2015-05-07,3842.686673490273,184ff116-78b4-442d-b468-ecc5849a9171,37.7910725,-107.9706105
2015-05-08,554.1301398839987,184ff116-78b4-442d-b468-ecc5849a9171,37.7910725,-107.9706105
2015-05-09,4045.8687683384496,184ff116-78b4-442d-b468-ecc5849a9171,37.7910725,-107.9706105
2015-05-10,4241.751889002616,184ff116-78b4-442d-b468-ecc5849a9171,37.7910725,-107.9706105
2015-05-11,6871.097805072217,184ff116-78b4-442d-b468-ecc5849a9171,37.7910725,-107.9706105
2015-05-12,2854.9846787217107,184ff116-78b4-442d-b468-ecc5849a9171,37.7910725,-107.9706105
2015-05-13,1305.905502103946,184ff116-78b4-442d-b468-ecc5849a9171,37.7910725,-107.9706105
2015-05-14,2090.828122370066,184ff116-78b4-442d-b468-ecc5849a9171,37.7910725,-107.9706105
2015-05-15,5752.837857386556,184ff116-78b4-442d-b468-ecc5849a9171,37.7910725,-107.9706105
2015-05-16,4400.236137836913,184ff116-78b4-442d-b468-ecc5849a9171,37.7910725,-107.9706105
2015-05-17,2244.8528784260207,184ff116-78b4-442d-b468-ecc5849a9171,37.7910725,-107.9706105
2015-05-18,1301.8108176958929,184ff116-78b4-442d-b468-ecc5849a9171,37.7910725,-107.9706105
2015-05-19,6300.2086159445,184ff116-78b4-442d-b468-ecc5849a9171,37.7910725,-107.9706105
2015-05-20,3507.103218469233,184ff116-78b4-442d-b468-ecc5849a9171,37.7910725,-107.9706105
2015-05-21,2127.6372705561234,184ff116-78b4-442d-b468-ecc5849a9171,37.7910725,-107.9706105
2015-05-22,2246.596638234959,184ff116-78b4-442d-b468-ecc5849a9171,37.7910725,-107.9706105
2015-05-23,2168.1925941089503,184ff116-78b4-442d-b468-ecc5849a9171,37.7910725,-107.9706105
2015-05-24,3359.0995883088813,184ff116-78b4-442d-b468-ecc5849a9171,37.7910725,-107.9706105
2015-05-25,4619.246746275445,184ff116-78b4-442d-b468-ecc5849a9171,37.7910725,-107.9706105
2015-05-26,5231.985797793701,184ff116-78b4-442d-b468-ecc5849a9171,37.7910725,-107.9706105
2015-05-27,2071.1777641305575,184ff116-78b4-442d-b468-ecc5849a9171,37.7910725,-107.9706105
2015-05-28,678.5445240532234,184ff116-78b4-442d-b468-ecc5849a9171,37.7910725,-107.9706105
2015-05-29,1688.4362015239387,184ff116-78b4-442d-b468-ecc5849a9171,37.7910725,-107.9706105
2015-05-30,-1217.009498464688,184ff116-78b4-442d-b468-ecc5849a9171,37.7910725,-107.9706105
2015-05-31,3393.9052018651164,184ff116-78b4-442d-b468-ecc5849a9171,37.7910725,-107.9706105
2015-06-01,1611.9679654270428,184ff116-78b4-442d-b468-ecc5849a9171,37.7910725,-107.9706105
2015-06-02,-455.7018082565676,184ff116-78b4-442d-b468-ecc5849a9171,37.7910725,-107.9706105
2015-06-03,33.19907653815532,184ff116-78b4-442d-b468-ecc5849a9171,37.7910725,-107.9706105
2015-06-04,-2512.3290799499596,184ff116-78b4-442d-b468-ecc5849a9171,37.7910725,-107.9706105
2015-06-05,5361.321660411688,184ff116-78b4-442d-b468-ecc5849a9171,37.7910725,-107.9706105
2015-06-06,6011.420238826334,184ff116-78b4-442d-b468-ecc5849a9171,37.7910725,-107.9706105
2015-06-07,-1387.4715523712048,184ff116-78b4-442d-b468-ecc5849a9171,37.7910725,-107.9706105
2015-06-08,-2371.8837711816204,184ff116-78b4-442d-b468-ecc5849a9171,37.7910725,-107.9706105
2015-06-09,1358.8000591379498,184ff116-78b4-442d-b468-ecc5849a9171,37.7910725,-107.9706105
2015-06-10,1634.2419561014435,184ff116-78b4-442d-b468-ecc5849a9171,37.7910725,-107.9706105
2015-06-11,3839.1689434777654,184ff116-78b4-442d-b468-ecc5849a9171,37.7910725,-107.9706105
2015-06-12,1740.1897281928802,184ff116-78b4-442d-b468-ecc5849a9171,37.7910725,-107.9706105
2015-06-13,5890.431169272602,184ff116-78b4-442d-b468-ecc5849a9171,37.7910725,-107.9706105
2015-06-14,-552.7776549528033,184ff116-78b4-442d-b468-ecc5849a9171,37.7910725,-107.9706105
2015-06-15,598.3037780052315,184ff116-78b4-442d-b468-ecc5849a9171,37.7910725,-107.9706105
2015-06-16,1820.6049266461948,184ff116-78b4-442d-b468-ecc5849a9171,37.7910725,-107.9706105
2015-06-17,-2154.9502922779466,184ff116-78b4-442d-b468-ecc5849a9171,37.7910725,-107.9706105
2015-06-18,-3709.693588081429,184ff116-78b4-442d-b468-ecc5849a9171,37.7910725,-107.9706105
2015-06-19,-62.780680086432376,184ff116-78b4-442d-b468-ecc5849a9171,37.7910725,-107.9706105
2015-06-20,-3767.0455316729176,184ff116-78b4-442d-b468-ecc5849a9171,37.7910725,-107.9706105
2015-06-21,-2188.4786898669386,184ff116-78b4-442d-b468-ecc5849a9171,37.7910725,-107.9706105
2015-06-22,-3038.830333219606,184ff116-78b4-442d-b468-ecc5849a9171,37.7910725,-107.9706105
2015-06-23,-1566.2243284430797,184ff116-78b4-442d-b468-ecc5849a9171,37.7910725,-107.9706105
2015-06-24,1552.7817718639817,184ff116-78b4-442d-b468-ecc5849a9171,37.7910725,-107.9706105
2015-06-25,-3046.7828954850434,184ff116-78b4-442d-b468-ecc5849a9171,37.7910725,-107.9706105
2015-06-26,-1096.3657500284314,184ff116-78b4-442d-b468-ecc5849a9171,37.7910725,-107.9706105
2015-06-27,-3809.689170931422,184ff116-78b4-442d-b468-ecc5849a9171,37.7910725,-107.9706105
2015-06-28,2122.8634368247463,184ff116-78b4-442d-b468-ecc5849a9171,37.7910725,-107.9706105
2015-06-29,-1786.1410258159904,184ff116-78b4-442d-b468-ecc5849a9171,37.7910725,-107.9706105
2015-06-30,-2446.3815034686672,184ff116-78b4-442d-b468-ecc5849a9171,37.7910725,-107.9706105
2015-07-01,1282.0651518253158,184ff116-78b4-442d-b468-ecc5849a9171,37.7910725,-107.9706105
2015-07-02,292.27482770385507,184ff116-78b4-442d-b468-ecc5849a9171,37.7910725,-107.9706105
2015-07-03,-1166.9752575912657,184ff116-78b4-442d-b468-ecc5849a9171,37.7910725,-107.9706105
2015-07-04,-613.2002638462413,184ff116-78b4-442d-b468-ecc5849a9171,37.7910725,-107.9706105
2015-07-05,1862.0485431593308,184ff116-78b4-442d-b468-ecc5849a9171,37.7910725,-107.9706105
2015-07-06,-1128.9368270214945,184ff116-78b4-442d-b468-ecc5849a9171,37.7910725,-107.9706105
2015-07-07,3950.2519185715887,184ff116-78b4-442d-b468-ecc5849a9171,37.7910725,-107.9706105
2015-07-08,2220.3223013386496,184ff116-78b4-442d-b468-ecc5849a9171,37.7910725,-107.9706105
2015-07-09,2715.9316410781307,184ff116-78b4-442d-b468-ecc5849a9171,37.7910725,-107.9706105
2015-07-10,-751.5919526896395,184ff116-78b4-442d-b468-ecc5849a9171,37.7910725,-107.9706105
2015-07-11,-1126.347012396224,184ff116-78b4-442d-b468-ecc5849a9171,37.7910725,-107.9706105
2015-07-12,1488.3111247583297,184ff116-78b4-442d-b468-ecc5849a9171,37.7910725,-107.9706105
2015-07-13,1059.2963038780838,184ff116-78b4-442d-b468-ecc5849a9171,37.7910725,-107.9706105
2015-07-14,5894.880218355506,184ff116-78b4-442d-b468-ecc5849a9171,37.7910725,-107.9706105
2015-07-15,3371.978046173091,184ff116-78b4-442d-b468-ecc5849a9171,37.7910725,-107.9706105
2015-07-16,-659.7222426930509,184ff116-78b4-442d-b468-ecc5849a9171,37.7910725,-107.9706105
2015-07-17,-2198.619406345956,184ff116-78b4-442d-b468-ecc5849a9171,37.7910725,-107.9706105
2015-07-18,632.750001137268,184ff116-78b4-442d-b468-ecc5849a9171,37.7910725,-107.9706105
2015-07-19,2222.8278221312407,184ff116-78b4-442d-b468-ecc5849a9171,37.7910725,-107.9706105
2015-07-20,-1511.5465347435459,184ff116-78b4-442d-b468-ecc5849a9171,37.7910725,-107.9706105
2015-07-21,-397.09026725804597,184ff116-78b4-442d-b468-ecc5849a9171,37.7910725,-107.9706105
2015-07-22,-2556.205772773795,184ff116-78b4-442d-b468-ecc5849a9171,37.7910725,-107.9706105
2015-07-23,-1018.403539178892,184ff116-78b4-442d-b468-ecc5849a9171,37.7910725,-107.9706105
2015-07-24,1615.5336381212326,184ff116-78b4-442d-b468-ecc5849a9171,37.7910725,-107.9706105
2015-07-25,-2997.4205345160904,184ff116-78b4-442d-b468-ecc5849a9171,37.7910725,-107.9706105
2015-07-26,118.25155464574088,184ff116-78b4-442d-b468-ecc5849a9171,37.7910725,-107.9706105
2015-07-27,-37.8720937109064,184ff116-78b4-442d-b468-ecc5849a9171,37.7910725,-107.9706105
2015-07-28,-999.5774093028541,184ff116-78b4-442d-b468-ecc5849a9171,37.7910725,-107.9706105
2015-07-29,-3254.0831343113837,184ff116-78b4-442d-b468-ecc5849a9171,37.7910725,-107.9706105
2015-07-30,-1612.2548299783912,184ff116-78b4-442d-b468-ecc5849a9171,37.7910725,-107.9706105
2015-07-31,1253.0728124644595,184ff116-78b4-442d-b468-ecc5849a9171,37.7910725,-107.9706105
2015-08-01,4778.439708859315,184ff116-78b4-442d-b468-ecc5849a9171,37.7910725,-107.9706105
2015-08-02,1524.9967792562254,184ff116-78b4-442d-b468-ecc5849a9171,37.7910725,-107.9706105
2015-08-03,-156.62875469123156,184ff116-78b4-442d-b468-ecc5849a9171,37.7910725,-107.9706105
2015-08-04,282.8926509723642,184ff116-78b4-442d-b468-ecc5849a9171,37.7910725,-107.9706105
2015-08-05,-2498.429109518936,184ff116-78b4-442d-b468-ecc5849a9171,37.7910725,-107.9706105
2015-08-06,-1828.24270669851,184ff116-78b4-442d-b468-ecc5849a9171,37.7910725,-107.9706105
2015-08-07,3037.0642192653236,184ff116-78b4-442d-b468-ecc5849a9171,37.7910725,-107.9706105
2015-08-08,-599.1200955305353,184ff116-78b4-442d-b468-ecc5849a9171,37.7910725,-107.9706105
2015-08-09,-2342.2583009211858,184ff116-78b4-442d-b468-ecc5849a9171,37.7910725,-107.9706105
2015-08-10,-1851.5930035255303,184ff116-78b4-442d-b468-ecc5849a9171,37.7910725,-107.9706105
2015-08-11,-421.1098419197086,184ff116-78b4-442d-b468-ecc5849a9171,37.7910725,-107.9706105
2015-08-12,-2963.562010690322,184ff116-78b4-442d-b468-ecc5849a9171,37.7910725,-107.9706105
2015-08-13,365.17591265779566,184ff116-78b4-442d-b468-ecc5849a9171,37.7910725,-107.9706105
2015-08-14,-3033.1269282383696,184ff116-78b4-442d-b468-ecc5849a9171,37.7910725,-107.9706105
2015-08-15,-1057.530321846924,184ff116-78b4-442d-b468-ecc5849a9171,37.7910725,-107.9706105
2015-08-16,4320.601505743203,184ff116-78b4-442d-b468-ecc5849a9171,37.7910725,-107.9706105
2015-08-17,1958.9474400090971,184ff116-78b4-442d-b468-ecc5849a9171,37.7910725,-107.9706105
2015-08-18,-2507.3464073694963,184ff116-78b4-442d-b468-ecc5849a9171,37.7910725,-107.9706105
2015-08-19,-3067.4032025474808,184ff116-78b4-442d-b468-ecc5849a9171,37.7910725,-107.9706105
2015-08-20,-1662.4527237575335,184ff116-78b4-442d-b468-ecc5849a9171,37.7910725,-107.9706105
2015-08-21,-557.8425019902193,184ff116-78b4-442d-b468-ecc5849a9171,37.7910725,-107.9706105
2015-08-22,213.15778005231434,184ff116-78b4-442d-b468-ecc5849a9171,37.7910725,-107.9706105
2015-08-23,2427.31975435005,184ff116-78b4-442d-b468-ecc5849a9171,37.7910725,-107.9706105
2015-08-24,-865.3626020698281,184ff116-78b4-442d-b468-ecc5849a9171,37.7910725,-107.9706105
2015-08-25,1746.4338451040592,184ff116-78b4-442d-b468-ecc5849a9171,37.7910725,-107.9706105
2015-08-26,4514.766732628225,184ff116-78b4-442d-b468-ecc5849a9171,37.7910725,-107.9706105
2015-08-27,1229.940097805071,184ff116-78b4-442d-b468-ecc5849a9171,37.7910725,-107.9706105
2015-08-28,-3157.4080063687015,184ff116-78b4-442d-b468-ecc5849a9171,37.7910725,-107.9706105
2015-08-29,1008.8668895712491,184ff116-78b4-442d-b468-ecc5849a9171,37.7910725,-107.9706105
2015-08-30,1548.5831365859203,184ff116-78b4-442d-b468-ecc5849a9171,37.7910725,-107.9706105
2015-08-31,3706.13941089503,184ff116-78b4-442d-b468-ecc5849a9171,37.7910725,-107.9706105
2015-09-01,-3005.1076674627548,184ff116-78b4-442d-b468-ecc5849a9171,37.7910725,-107.9706105
2015-09-02,-1579.7916888433974,184ff116-78b4-442d-b468-ecc5849a9171,37.7910725,-107.9706105
2015-09-03,-1029.5218651199818,184ff116-78b4-442d-b468-ecc5849a9171,37.7910725,-107.9706105
2015-09-04,259.6535243944046,184ff116-78b4-442d-b468-ecc5849a9171,37.7910725,-107.9706105
2015-09-05,870.2764016831569,184ff116-78b4-442d-b468-ecc5849a9171,37.7910725,-107.9706105
2015-09-06,1855.4615626066188,184ff116-78b4-442d-b468-ecc5849a9171,37.7910725,-107.9706105
2015-09-07,875.5323325372451,184ff116-78b4-442d-b468-ecc5849a9171,37.7910725,-107.9706105
2015-09-08,-722.13919253952,184ff116-78b4-442d-b468-ecc5849a9171,37.7910725,-107.9706105
2015-09-09,-2712.4467371773003,184ff116-78b4-442d-b468-ecc5849a9171,37.7910725,-107.9706105
2015-09-10,-3052.2040577732278,184ff116-78b4-442d-b468-ecc5849a9171,37.7910725,-107.9706105
2015-09-11,-3430.1913476629143,184ff116-78b4-442d-b468-ecc5849a9171,37.7910725,-107.9706105
2015-09-12,-2780.49859661094,184ff116-78b4-442d-b468-ecc5849a9171,37.7910725,-107.9706105
2015-09-13,103.42738087114743,184ff116-78b4-442d-b468-ecc5849a9171,37.7910725,-107.9706105
2015-09-14,1949.8572091436356,184ff116-78b4-442d-b468-ecc5849a9171,37.7910725,-107.9706105
2015-09-15,1844.456913453883,184ff116-78b4-442d-b468-ecc5849a9171,37.7910725,-107.9706105
2015-09-16,-626.2672307517345,184ff116-78b4-442d-b468-ecc5849a9171,37.7910725,-107.9706105
2015-09-17,-2496.2259706584778,184ff116-78b4-442d-b468-ecc5849a9171,37.7910725,-107.9706105
2015-09-18,-3371.5167064710577,184ff116-78b4-442d-b468-ecc5849a9171,37.7910725,-107.9706105
2015-09-19,-2902.0911179347204,184ff116-78b4-442d-b468-ecc5849a9171,37.7910725,-107.9706105
2015-09-20,-3841.933815535083,184ff116-78b4-442d-b468-ecc5849a9171,37.7910725,-107.9706105
2015-09-21,-910.1640441260091,184ff116-78b4-442d-b468-ecc5849a9171,37.7910725,-107.9706105
2015-09-22,1903.9791243034233,184ff116-78b4-442d-b468-ecc5849a9171,37.7910725,-107.9706105
2015-09-23,-1413.9853656317525,184ff116-78b4-442d-b468-ecc5849a9171,37.7910725,-107.9706105
2015-09-24,-3561.2271761628567,184ff116-78b4-442d-b468-ecc5849a9171,37.7910725,-107.9706105
2015-09-25,-3273.072348459,184ff116-78b4-442d-b468-ecc5849a9171,37.7910725,-107.9706105
2015-09-26,-3194.907917661776,184ff116-78b4-442d-b468-ecc5849a9171,37.7910725,-107.9706105
2015-09-27,-1092.6203798476056,184ff116-78b4-442d-b468-ecc5849a9171,37.7910725,-107.9706105
2015-09-28,-227.03855339474583,184ff116-78b4-442d-b468-ecc5849a9171,37.7910725,-107.9706105
2015-09-29,-1433.5078721710447,184ff116-78b4-442d-b468-ecc5849a9171,37.7910725,-107.9706105
2015-09-30,2561.4921096326616,184ff116-78b4-442d-b468-ecc5849a9171,37.7910725,-107.9706105
2015-10-01,-618.9653724553618,184ff116-78b4-442d-b468-ecc5849a9171,37.7910725,-107.9706105
2015-10-02,-1320.5778687592401,184ff116-78b4-442d-b468-ecc5849a9171,37.7910725,-107.9706105
2015-10-03,-3550.211841237347,184ff116-78b4-442d-b468-ecc5849a9171,37.7910725,-107.9706105
2015-10-04,-1608.7976117366086,184ff116-78b4-442d-b468-ecc5849a9171,37.7910725,-107.9706105
2015-10-05,1877.6731809393839,184ff116-78b4-442d-b468-ecc5849a9171,37.7910725,-107.9706105
2015-10-06,-2893.862172182417,184ff116-78b4-442d-b468-ecc5849a9171,37.7910725,-107.9706105
2015-10-07,1044.669914704879,184ff116-78b4-442d-b468-ecc5849a9171,37.7910725,-107.9706105
2015-10-08,-3713.680987148865,184ff116-78b4-442d-b468-ecc5849a9171,37.7910725,-107.9706105
2015-10-09,744.5349118617081,184ff116-78b4-442d-b468-ecc5849a9171,37.7910725,-107.9706105
2015-10-10,-3531.2189650858627,184ff116-78b4-442d-b468-ecc5849a9171,37.7910725,-107.9706105
2015-10-11,-3311.060188786535,184ff116-78b4-442d-b468-ecc5849a9171,37.7910725,-107.9706105
2015-10-12,-3552.7352575912637,184ff116-78b4-442d-b468-ecc5849a9171,37.7910725,-107.9706105
2015-10-13,-3911.3826134425094,184ff116-78b4-442d-b468-ecc5849a9171,37.7910725,-107.9706105
2015-10-14,-3110.038289548504,184ff116-78b4-442d-b468-ecc5849a9171,37.7910725,-107.9706105
2015-10-15,-3871.3859706584794,184ff116-78b4-442d-b468-ecc5849a9171,37.7910725,-107.9706105
2015-10-16,-32.3112839758899,184ff116-78b4-442d-b468-ecc5849a9171,37.7910725,-107.9706105
2015-10-17,344.3641442056179,184ff116-78b4-442d-b468-ecc5849a9171,37.7910725,-107.9706105
2015-10-18,0.9615967246673159,184ff116-78b4-442d-b468-ecc5849a9171,37.7910725,-107.9706105
2015-10-19,507.9193039918113,184ff116-78b4-442d-b468-ecc5849a9171,37.7910725,-107.9706105
2015-10-20,1883.6128920732392,184ff116-78b4-442d-b468-ecc5849a9171,37.7910725,-107.9706105
2015-10-21,2551.4450722165334,184ff116-78b4-442d-b468-ecc5849a9171,37.7910725,-107.9706105
2015-10-22,5134.65533492551,184ff116-78b4-442d-b468-ecc5849a9171,37.7910725,-107.9706105
2015-10-23,784.747376322074,184ff116-78b4-442d-b468-ecc5849a9171,37.7910725,-107.9706105
2015-10-24,3953.498582963718,184ff116-78b4-442d-b468-ecc5849a9171,37.7910725,-107.9706105
2015-10-25,-401.6014147617422,184ff116-78b4-442d-b468-ecc5849a9171,37.7910725,-107.9706105
2015-10-26,180.96182417832358,184ff116-78b4-442d-b468-ecc5849a9171,37.7910725,-107.9706105
2015-10-27,68.34624815193901,184ff116-78b4-442d-b468-ecc5849a9171,37.7910725,-107.9706105
2015-10-29,1696.1194768565892,184ff116-78b4-442d-b468-ecc5849a9171,37.7910725,-107.9706105
2015-10-30,-285.5770271807118,184ff116-78b4-442d-b468-ecc5849a9171,37.7910725,-107.9706105
2015-10-31,-2821.4686455134765,184ff116-78b4-442d-b468-ecc5849a9171,37.7910725,-107.9706105
2015-11-01,-1528.7902285909236,184ff116-78b4-442d-b468-ecc5849a9171,37.7910725,-107.9706105
2015-11-02,-3183.9205868304316,184ff116-78b4-442d-b468-ecc5849a9171,37.7910725,-107.9706105
2015-11-03,-410.42407369498466,184ff116-78b4-442d-b468-ecc5849a9171,37.7910725,-107.9706105
2015-11-04,1945.2030296827013,184ff116-78b4-442d-b468-ecc5849a9171,37.7910725,-107.9706105
2015-11-05,2959.2097350164922,184ff116-78b4-442d-b468-ecc5849a9171,37.7910725,-107.9706105
2015-11-06,1990.8653337882392,184ff116-78b4-442d-b468-ecc5849a9171,37.7910725,-107.9706105
2015-11-07,7147.353658592062,184ff116-78b4-442d-b468-ecc5849a9171,37.7910725,-107.9706105
2015-11-08,5426.7765995678365,184ff116-78b4-442d-b468-ecc5849a9171,37.7910725,-107.9706105
2015-11-09,5884.055439554187,184ff116-78b4-442d-b468-ecc5849a9171,37.7910725,-107.9706105
2015-11-10,826.4669259638343,184ff116-78b4-442d-b468-ecc5849a9171,37.7910725,-107.9706105
2015-11-11,6524.9970658478305,184ff116-78b4-442d-b468-ecc5849a9171,37.7910725,-107.9706105
2015-11-12,6659.770048902533,184ff116-78b4-442d-b468-ecc5849a9171,37.7910725,-107.9706105
2015-11-13,6070.960814284088,184ff116-78b4-442d-b468-ecc5849a9171,37.7910725,-107.9706105
2015-11-14,6184.001974297736,184ff116-78b4-442d-b468-ecc5849a9171,37.7910725,-107.9706105
2015-11-15,4912.482911406797,184ff116-78b4-442d-b468-ecc5849a9171,37.7910725,-107.9706105
2015-11-16,3705.5236620038654,184ff116-78b4-442d-b468-ecc5849a9171,37.7910725,-107.9706105
2015-11-17,3625.150437848288,184ff116-78b4-442d-b468-ecc5849a9171,37.7910725,-107.9706105
2015-11-18,5519.03830319572,184ff116-78b4-442d-b468-ecc5849a9171,37.7910725,-107.9706105
2015-11-19,6240.209120891616,184ff116-78b4-442d-b468-ecc5849a9171,37.7910725,-107.9706105
2015-11-20,4144.307844876601,184ff116-78b4-442d-b468-ecc5849a9171,37.7910725,-107.9706105
2015-11-21,5860.6464414875445,184ff116-78b4-442d-b468-ecc5849a9171,37.7910725,-107.9706105
2015-11-22,6078.333765495279,184ff116-78b4-442d-b468-ecc5849a9171,37.7910725,-107.9706105
2015-11-23,6668.892532696461,184ff116-78b4-442d-b468-ecc5849a9171,37.7910725,-107.9706105
2015-11-24,5916.077588991239,184ff116-78b4-442d-b468-ecc5849a9171,37.7910725,-107.9706105
2015-11-25,5560.834554759465,184ff116-78b4-442d-b468-ecc5849a9171,37.7910725,-107.9706105
2015-11-26,2358.6041851472755,184ff116-78b4-442d-b468-ecc5849a9171,37.7910725,-107.9706105
2015-11-27,3015.544164676446,184ff116-78b4-442d-b468-ecc5849a9171,37.7910725,-107.9706105
2015-11-28,4500.896040031839,184ff116-78b4-442d-b468-ecc5849a9171,37.7910725,-107.9706105
2015-11-29,2134.734825429318,184ff116-78b4-442d-b468-ecc5849a9171,37.7910725,-107.9706105
2015-11-30,5189.594864096439,184ff116-78b4-442d-b468-ecc5849a9171,37.7910725,-107.9706105
2015-12-01,5653.61643125213,184ff116-78b4-442d-b468-ecc5849a9171,37.7910725,-107.9706105
2015-12-02,6073.882124417148,184ff116-78b4-442d-b468-ecc5849a9171,37.7910725,-107.9706105
2015-12-03,4318.383914477425,184ff116-78b4-442d-b468-ecc5849a9171,37.7910725,-107.9706105
2015-12-04,3703.055958148527,184ff116-78b4-442d-b468-ecc5849a9171,37.7910725,-107.9706105
2015-12-05,4369.37195951325,184ff116-78b4-442d-b468-ecc5849a9171,37.7910725,-107.9706105
2015-12-06,5471.669036733766,184ff116-78b4-442d-b468-ecc5849a9171,37.7910725,-107.9706105
2015-12-07,2727.507430910951,184ff116-78b4-442d-b468-ecc5849a9171,37.7910725,-107.9706105
2015-12-08,4008.1659001478442,184ff116-78b4-442d-b468-ecc5849a9171,37.7910725,-107.9706105
2015-12-09,3824.7833731377214,184ff116-78b4-442d-b468-ecc5849a9171,37.7910725,-107.9706105
2015-12-10,2466.490617536676,184ff116-78b4-442d-b468-ecc5849a9171,37.7910725,-107.9706105
2015-12-11,3692.483311725232,184ff116-78b4-442d-b468-ecc5849a9171,37.7910725,-107.9706105
2015-12-12,2476.6511770726706,184ff116-78b4-442d-b468-ecc5849a9171,37.7910725,-107.9706105
2015-12-13,5565.965672694187,184ff116-78b4-442d-b468-ecc5849a9171,37.7910725,-107.9706105
2015-12-14,1984.0235096099163,184ff116-78b4-442d-b468-ecc5849a9171,37.7910725,-107.9706105
2015-12-15,4520.761082679402,184ff116-78b4-442d-b468-ecc5849a9171,37.7910725,-107.9706105
2015-12-16,5365.943850790403,184ff116-78b4-442d-b468-ecc5849a9171,37.7910725,-107.9706105
2015-12-18,6846.068950301373,184ff116-78b4-442d-b468-ecc5849a9171,37.7910725,-107.9706105
2015-12-19,2984.7659001478446,184ff116-78b4-442d-b468-ecc5849a9171,37.7910725,-107.9706105
2015-12-20,4571.319285795517,184ff116-78b4-442d-b468-ecc5849a9171,37.7910725,-107.9706105
2015-12-21,2845.5408665984305,184ff116-78b4-442d-b468-ecc5849a9171,37.7910725,-107.9706105
2015-12-22,4301.60943022859,184ff116-78b4-442d-b468-ecc5849a9171,37.7910725,-107.9706105
2015-12-23,3414.156206073012,184ff116-78b4-442d-b468-ecc5849a9171,37.7910725,-107.9706105
2015-12-24,4438.488465825086,184ff116-78b4-442d-b468-ecc5849a9171,37.7910725,-107.9706105
2015-12-25,4426.90880018196,184ff116-78b4-442d-b468-ecc5849a9171,37.7910725,-107.9706105
2015-12-26,6122.925759126571,184ff116-78b4-442d-b468-ecc5849a9171,37.7910725,-107.9706105
2015-12-27,7349.0477106789485,184ff116-78b4-442d-b468-ecc5849a9171,37.7910725,-107.9706105
2015-12-28,999.1818082565679,184ff116-78b4-442d-b468-ecc5849a9171,37.7910725,-107.9706105
2015-12-29,4045.2351142954603,184ff116-78b4-442d-b468-ecc5849a9171,37.7910725,-107.9706105
2015-12-30,3900.331581940179,184ff116-78b4-442d-b468-ecc5849a9171,37.7910725,-107.9706105
2015-12-31,3294.7480495848954,184ff116-78b4-442d-b468-ecc5849a9171,37.7910725,-107.9706105
2016-01-01,6530.686218582959,184ff116-78b4-442d-b468-ecc5849a9171,37.7910725,-107.9706105
2016-01-02,5119.088866143521,184ff116-78b4-442d-b468-ecc5849a9171,37.7910725,-107.9706105
2016-01-03,7228.464519504149,184ff116-78b4-442d-b468-ecc5849a9171,37.7910725,-107.9706105
2016-01-04,2355.2753644944833,184ff116-78b4-442d-b468-ecc5849a9171,37.7910725,-107.9706105
2016-01-05,1538.4660752871605,184ff116-78b4-442d-b468-ecc5849a9171,37.7910725,-107.9706105
2016-01-06,3152.748577277379,184ff116-78b4-442d-b468-ecc5849a9171,37.7910725,-107.9706105
2016-01-07,3752.413929261911,184ff116-78b4-442d-b468-ecc5849a9171,37.7910725,-107.9706105
2016-01-08,4338.058637552596,184ff116-78b4-442d-b468-ecc5849a9171,37.7910725,-107.9706105
2016-01-09,6687.807728875238,184ff116-78b4-442d-b468-ecc5849a9171,37.7910725,-107.9706105
2016-01-10,7035.814488797903,184ff116-78b4-442d-b468-ecc5849a9171,37.7910725,-107.9706105
2016-01-11,6103.294097577617,184ff116-78b4-442d-b468-ecc5849a9171,37.7910725,-107.9706105
2016-01-12,6807.472921642217,184ff116-78b4-442d-b468-ecc5849a9171,37.7910725,-107.9706105
2016-01-13,5465.894725349711,184ff116-78b4-442d-b468-ecc5849a9171,37.7910725,-107.9706105
2016-01-14,2307.955064255657,184ff116-78b4-442d-b468-ecc5849a9171,37.7910725,-107.9706105
2016-01-15,3455.600295689753,184ff116-78b4-442d-b468-ecc5849a9171,37.7910725,-107.9706105
2016-01-16,5317.054834527463,184ff116-78b4-442d-b468-ecc5849a9171,37.7910725,-107.9706105
2016-01-17,4510.92324803821,184ff116-78b4-442d-b468-ecc5849a9171,37.7910725,-107.9706105
2016-01-18,1200.1352803366315,184ff116-78b4-442d-b468-ecc5849a9171,37.7910725,-107.9706105
2016-01-19,6108.707599226653,184ff116-78b4-442d-b468-ecc5849a9171,37.7910725,-107.9706105
2016-01-20,1590.1427044239729,184ff116-78b4-442d-b468-ecc5849a9171,37.7910725,-107.9706105
2016-01-21,5701.656344819739,184ff116-78b4-442d-b468-ecc5849a9171,37.7910725,-107.9706105
2016-01-22,5097.327337654951,184ff116-78b4-442d-b468-ecc5849a9171,37.7910725,-107.9706105
2016-01-23,5424.903486864546,184ff116-78b4-442d-b468-ecc5849a9171,37.7910725,-107.9706105
2016-01-24,4455.92970772205,184ff116-78b4-442d-b468-ecc5849a9171,37.7910725,-107.9706105
2016-01-25,1569.2186966905488,184ff116-78b4-442d-b468-ecc5849a9171,37.7910725,-107.9706105
2016-01-26,6706.501671784374,184ff116-78b4-442d-b468-ecc5849a9171,37.7910725,-107.9706105
2016-01-27,5356.275455475946,184ff116-78b4-442d-b468-ecc5849a9171,37.7910725,-107.9706105
2016-01-28,7205.946043443649,184ff116-78b4-442d-b468-ecc5849a9171,37.7910725,-107.9706105
2016-01-29,5757.63357215967,184ff116-78b4-442d-b468-ecc5849a9171,37.7910725,-107.9706105
2016-01-30,3057.206946434662,184ff116-78b4-442d-b468-ecc5849a9171,37.7910725,-107.9706105
2016-01-31,4444.202388263391,184ff116-78b4-442d-b468-ecc5849a9171,37.7910725,-107.9706105
2016-02-01,4342.0992107358115,184ff116-78b4-442d-b468-ecc5849a9171,37.7910725,-107.9706105
2016-02-02,2982.439576936197,184ff116-78b4-442d-b468-ecc5849a9171,37.7910725,-107.9706105
2016-02-03,6121.978915046056,184ff116-78b4-442d-b468-ecc5849a9171,37.7910725,-107.9706105
2016-02-04,5049.716096895253,184ff116-78b4-442d-b468-ecc5849a9171,37.7910725,-107.9706105
2016-02-05,4998.2380848402145,184ff116-78b4-442d-b468-ecc5849a9171,37.7910725,-107.9706105
2016-02-06,6885.400518594335,184ff116-78b4-442d-b468-ecc5849a9171,37.7910725,-107.9706105
2016-02-07,5785.946853178664,184ff116-78b4-442d-b468-ecc5849a9171,37.7910725,-107.9706105
2016-02-08,6111.437643580121,184ff116-78b4-442d-b468-ecc5849a9171,37.7910725,-107.9706105
2016-02-09,6253.035323552823,184ff116-78b4-442d-b468-ecc5849a9171,37.7910725,-107.9706105
2016-02-10,6291.956920277491,184ff116-78b4-442d-b468-ecc5849a9171,37.7910725,-107.9706105
2016-02-11,7125.014161264639,184ff116-78b4-442d-b468-ecc5849a9171,37.7910725,-107.9706105
2016-02-12,6433.17243261685,184ff116-78b4-442d-b468-ecc5849a9171,37.7910725,-107.9706105
2016-02-13,7688.037038553395,184ff116-78b4-442d-b468-ecc5849a9171,37.7910725,-107.9706105
2016-02-14,2283.843070624359,184ff116-78b4-442d-b468-ecc5849a9171,37.7910725,-107.9706105
2016-02-15,5218.169052655515,184ff116-78b4-442d-b468-ecc5849a9171,37.7910725,-107.9706105
2016-02-16,4987.280782440578,184ff116-78b4-442d-b468-ecc5849a9171,37.7910725,-107.9706105
2016-02-17,4681.500620948478,184ff116-78b4-442d-b468-ecc5849a9171,37.7910725,-107.9706105
2016-02-28,4978.6642738542005,184ff116-78b4-442d-b468-ecc5849a9171,37.7910725,-107.9706105
2016-02-29,6362.279590583414,184ff116-78b4-442d-b468-ecc5849a9171,37.7910725,-107.9706105
2016-03-01,2898.572400773341,184ff116-78b4-442d-b468-ecc5849a9171,37.7910725,-107.9706105
2016-03-02,6576.199640623218,184ff116-78b4-442d-b468-ecc5849a9171,37.7910725,-107.9706105
2016-03-03,4926.2202752189205,184ff116-78b4-442d-b468-ecc5849a9171,37.7910725,-107.9706105
2016-03-04,5342.666712157397,184ff116-78b4-442d-b468-ecc5849a9171,37.7910725,-107.9706105
2016-03-05,7102.663091095191,184ff116-78b4-442d-b468-ecc5849a9171,37.7910725,-107.9706105
2016-03-06,4149.170312748775,184ff116-78b4-442d-b468-ecc5849a9171,37.7910725,-107.9706105
2016-03-07,5563.359727055611,184ff116-78b4-442d-b468-ecc5849a9171,37.7910725,-107.9706105
2016-03-08,4811.442065279198,184ff116-78b4-442d-b468-ecc5849a9171,37.7910725,-107.9706105
2016-03-09,2245.9228158762635,184ff116-78b4-442d-b468-ecc5849a9171,37.7910725,-107.9706105
2016-03-10,6009.052873876941,184ff116-78b4-442d-b468-ecc5849a9171,37.7910725,-107.9706105
2016-03-11,6173.109800978049,184ff116-78b4-442d-b468-ecc5849a9171,37.7910725,-107.9706105
2016-03-12,4416.762629364268,184ff116-78b4-442d-b468-ecc5849a9171,37.7910725,-107.9706105
2016-03-13,4576.324835664731,184ff116-78b4-442d-b468-ecc5849a9171,37.7910725,-107.9706105
2016-03-14,4817.104105538497,184ff116-78b4-442d-b468-ecc5849a9171,37.7910725,-107.9706105
2016-03-15,4115.343327646991,184ff116-78b4-442d-b468-ecc5849a9171,37.7910725,-107.9706105
2016-03-16,5982.583122938701,184ff116-78b4-442d-b468-ecc5849a9171,37.7910725,-107.9706105
2016-03-17,5279.147321733194,184ff116-78b4-442d-b468-ecc5849a9171,37.7910725,-107.9706105
2016-03-18,5848.590269532579,184ff116-78b4-442d-b468-ecc5849a9171,37.7910725,-107.9706105
2016-03-19,6099.34344137382,184ff116-78b4-442d-b468-ecc5849a9171,37.7910725,-107.9706105
2016-03-20,5953.161437507106,184ff116-78b4-442d-b468-ecc5849a9171,37.7910725,-107.9706105
2016-03-21,4293.552484931194,184ff116-78b4-442d-b468-ecc5849a9171,37.7910725,-107.9706105
2016-03-22,3765.32090981462,184ff116-78b4-442d-b468-ecc5849a9171,37.7910725,-107.9706105
2016-03-23,4670.663291254406,184ff116-78b4-442d-b468-ecc5849a9171,37.7910725,-107.9706105
2016-03-24,5322.596615489591,184ff116-78b4-442d-b468-ecc5849a9171,37.7910725,-107.9706105
2016-03-25,4331.700325258729,184ff116-78b4-442d-b468-ecc5849a9171,37.7910725,-107.9706105
2016-03-26,3721.8648697827807,184ff116-78b4-442d-b468-ecc5849a9171,37.7910725,-107.9706105
2016-03-27,6495.1126759922645,184ff116-78b4-442d-b468-ecc5849a9171,37.7910725,-107.9706105
2016-03-28,5145.04559081087,184ff116-78b4-442d-b468-ecc5849a9171,37.7910725,-107.9706105
2016-03-29,3125.157443420903,184ff116-78b4-442d-b468-ecc5849a9171,37.7910725,-107.9706105
2016-03-30,4882.489512111905,184ff116-78b4-442d-b468-ecc5849a9171,37.7910725,-107.9706105
2016-03-31,2474.1169020811994,184ff116-78b4-442d-b468-ecc5849a9171,37.7910725,-107.9706105
2016-04-01,7147.749609916979,184ff116-78b4-442d-b468-ecc5849a9171,37.7910725,-107.9706105
2016-04-02,6113.632798817239,184ff116-78b4-442d-b468-ecc5849a9171,37.7910725,-107.9706105
2016-04-03,6661.540689184577,184ff116-78b4-442d-b468-ecc5849a9171,37.7910725,-107.9706105
2016-04-04,5628.698382804502,184ff116-78b4-442d-b468-ecc5849a9171,37.7910725,-107.9706105
2016-04-05,5844.100739224381,184ff116-78b4-442d-b468-ecc5849a9171,37.7910725,-107.9706105
2016-04-06,7156.672471283973,184ff116-78b4-442d-b468-ecc5849a9171,37.7910725,-107.9706105
2016-04-07,4965.275250767656,184ff116-78b4-442d-b468-ecc5849a9171,37.7910725,-107.9706105
2016-04-08,4705.176767883543,184ff116-78b4-442d-b468-ecc5849a9171,37.7910725,-107.9706105
2016-04-09,2247.111570567496,184ff116-78b4-442d-b468-ecc5849a9171,37.7910725,-107.9706105
2016-04-10,5971.002461048562,184ff116-78b4-442d-b468-ecc5849a9171,37.7910725,-107.9706105
2016-04-11,990.6609575798931,184ff116-78b4-442d-b468-ecc5849a9171,37.7910725,-107.9706105
2016-04-12,1753.3722552030026,184ff116-78b4-442d-b468-ecc5849a9171,37.7910725,-107.9706105
2016-04-13,1593.1746161719545,184ff116-78b4-442d-b468-ecc5849a9171,37.7910725,-107.9706105
2016-04-14,2346.776904355738,184ff116-78b4-442d-b468-ecc5849a9171,37.7910725,-107.9706105
2016-04-15,5402.335353121796,184ff116-78b4-442d-b468-ecc5849a9171,37.7910725,-107.9706105
2016-04-16,4306.616281132719,184ff116-78b4-442d-b468-ecc5849a9171,37.7910725,-107.9706105
2016-04-17,3193.748099624701,184ff116-78b4-442d-b468-ecc5849a9171,37.7910725,-107.9706105
2016-04-18,4333.58971454566,184ff116-78b4-442d-b468-ecc5849a9171,37.7910725,-107.9706105
2016-04-19,1390.896845217786,184ff116-78b4-442d-b468-ecc5849a9171,37.7910725,-107.9706105
2016-04-20,1292.020693733652,184ff116-78b4-442d-b468-ecc5849a9171,37.7910725,-107.9706105
2016-04-21,2213.738819515523,184ff116-78b4-442d-b468-ecc5849a9171,37.7910725,-107.9706105
2016-04-22,2421.2413783691563,184ff116-78b4-442d-b468-ecc5849a9171,37.7910725,-107.9706105
2016-04-23,1434.9985079040155,184ff116-78b4-442d-b468-ecc5849a9171,37.7910725,-107.9706105
2016-04-24,6033.074545661317,184ff116-78b4-442d-b468-ecc5849a9171,37.7910725,-107.9706105
2016-04-25,4528.439008302057,184ff116-78b4-442d-b468-ecc5849a9171,37.7910725,-107.9706105
2016-04-26,2465.0856817923336,184ff116-78b4-442d-b468-ecc5849a9171,37.7910725,-107.9706105
2016-04-27,2694.4414693506196,184ff116-78b4-442d-b468-ecc5849a9171,37.7910725,-107.9706105
2016-04-28,4126.1023950869985,184ff116-78b4-442d-b468-ecc5849a9171,37.7910725,-107.9706105
2016-04-29,3331.9673058114413,184ff116-78b4-442d-b468-ecc5849a9171,37.7910725,-107.9706105
2016-04-30,1344.82819970431,184ff116-78b4-442d-b468-ecc5849a9171,37.7910725,-107.9706105
2016-05-01,4724.64605026726,184ff116-78b4-442d-b468-ecc5849a9171,37.7910725,-107.9706105
2016-05-02,561.3424360286588,184ff116-78b4-442d-b468-ecc5849a9171,37.7910725,-107.9706105
2016-05-03,6629.814338678489,184ff116-78b4-442d-b468-ecc5849a9171,37.7910725,-107.9706105
2016-05-04,4997.6111543273055,184ff116-78b4-442d-b468-ecc5849a9171,37.7910725,-107.9706105
2016-05-05,398.38280905265543,184ff116-78b4-442d-b468-ecc5849a9171,37.7910725,-107.9706105
2016-05-06,2671.6907039690655,184ff116-78b4-442d-b468-ecc5849a9171,37.7910725,-107.9706105
2016-05-07,5754.609052655516,184ff116-78b4-442d-b468-ecc5849a9171,37.7910725,-107.9706105
2016-05-08,2655.864833390195,184ff116-78b4-442d-b468-ecc5849a9171,37.7910725,-107.9706105
2016-05-09,1572.19455930854,184ff116-78b4-442d-b468-ecc5849a9171,37.7910725,-107.9706105
2016-05-10,5092.314363698394,184ff116-78b4-442d-b468-ecc5849a9171,37.7910725,-107.9706105
2016-05-11,172.07501876492663,184ff116-78b4-442d-b468-ecc5849a9171,37.7910725,-107.9706105
2016-05-12,5488.101621744569,184ff116-78b4-442d-b468-ecc5849a9171,37.7910725,-107.9706105
2016-05-13,4259.0857818719405,184ff116-78b4-442d-b468-ecc5849a9171,37.7910725,-107.9706105
2016-05-14,1207.9984442169903,184ff116-78b4-442d-b468-ecc5849a9171,37.7910725,-107.9706105
2016-05-15,4268.54972819288,184ff116-78b4-442d-b468-ecc5849a9171,37.7910725,-107.9706105
2016-05-16,4319.946539292616,184ff116-78b4-442d-b468-ecc5849a9171,37.7910725,-107.9706105
2016-05-17,4358.837147731148,184ff116-78b4-442d-b468-ecc5849a9171,37.7910725,-107.9706105
2016-05-18,1943.9321869669052,184ff116-78b4-442d-b468-ecc5849a9171,37.7910725,-107.9706105
2016-05-19,2077.4360286591605,184ff116-78b4-442d-b468-ecc5849a9171,37.7910725,-107.9706105
2016-05-20,988.1793926987381,184ff116-78b4-442d-b468-ecc5849a9171,37.7910725,-107.9706105
2016-05-21,1088.8838485158644,184ff116-78b4-442d-b468-ecc5849a9171,37.7910725,-107.9706105
2016-05-22,894.0455817127262,184ff116-78b4-442d-b468-ecc5849a9171,37.7910725,-107.9706105
2016-05-23,-1393.0177231888997,184ff116-78b4-442d-b468-ecc5849a9171,37.7910725,-107.9706105
2016-05-24,-352.5094734447854,184ff116-78b4-442d-b468-ecc5849a9171,37.7910725,-107.9706105
2016-05-25,-1707.7302809052658,184ff116-78b4-442d-b468-ecc5849a9171,37.7910725,-107.9706105
2016-05-26,893.0484476287951,184ff116-78b4-442d-b468-ecc5849a9171,37.7910725,-107.9706105
2016-05-27,3513.5858660297954,184ff116-78b4-442d-b468-ecc5849a9171,37.7910725,-107.9706105
2016-05-28,426.58825884226064,184ff116-78b4-442d-b468-ecc5849a9171,37.7910725,-107.9706105
2016-05-29,3405.655143864438,184ff116-78b4-442d-b468-ecc5849a9171,37.7910725,-107.9706105
2016-05-30,-487.06986466507414,184ff116-78b4-442d-b468-ecc5849a9171,37.7910725,-107.9706105
2016-05-31,-494.961692255203,184ff116-78b4-442d-b468-ecc5849a9171,37.7910725,-107.9706105
2016-06-01,611.6548481746845,184ff116-78b4-442d-b468-ecc5849a9171,37.7910725,-107.9706105
2016-06-02,-1711.9604276128725,184ff116-78b4-442d-b468-ecc5849a9171,37.7910725,-107.9706105
2016-06-03,2303.537955191629,184ff116-78b4-442d-b468-ecc5849a9171,37.7910725,-107.9706105
2016-06-04,-2159.266625725008,184ff116-78b4-442d-b468-ecc5849a9171,37.7910725,-107.9706105
2016-06-05,-90.33233708631856,184ff116-78b4-442d-b468-ecc5849a9171,37.7910725,-107.9706105
2016-06-06,5083.954686891096,184ff116-78b4-442d-b468-ecc5849a9171,37.7910725,-107.9706105
2016-06-07,-2150.7673012623677,184ff116-78b4-442d-b468-ecc5849a9171,37.7910725,-107.9706105
2016-06-08,1618.2508222028325,184ff116-78b4-442d-b468-ecc5849a9171,37.7910725,-107.9706105
2016-06-09,-2488.0933515296238,184ff116-78b4-442d-b468-ecc5849a9171,37.7910725,-107.9706105
2016-06-10,-3051.2714295462292,184ff116-78b4-442d-b468-ecc5849a9171,37.7910725,-107.9706105
2016-06-11,-1630.131527351302,184ff116-78b4-442d-b468-ecc5849a9171,37.7910725,-107.9706105
2016-06-12,1396.961173660866,184ff116-78b4-442d-b468-ecc5849a9171,37.7910725,-107.9706105
2016-06-13,-3366.1713271920835,184ff116-78b4-442d-b468-ecc5849a9171,37.7910725,-107.9706105
2016-06-14,-931.097877857386,184ff116-78b4-442d-b468-ecc5849a9171,37.7910725,-107.9706105
2016-06-15,-3656.386093483453,184ff116-78b4-442d-b468-ecc5849a9171,37.7910725,-107.9706105
2016-06-16,-3273.887542363241,184ff116-78b4-442d-b468-ecc5849a9171,37.7910725,-107.9706105
2016-06-17,-3210.9025042647536,184ff116-78b4-442d-b468-ecc5849a9171,37.7910725,-107.9706105
2016-06-18,-3721.8033026270878,184ff116-78b4-442d-b468-ecc5849a9171,37.7910725,-107.9706105
2016-06-19,-2507.0103900830195,184ff116-78b4-442d-b468-ecc5849a9171,37.7910725,-107.9706105
2016-06-20,-4044.0176276583634,184ff116-78b4-442d-b468-ecc5849a9171,37.7910725,-107.9706105
2016-06-21,3210.027185261003,184ff116-78b4-442d-b468-ecc5849a9171,37.7910725,-107.9706105
2016-06-22,61.99081997043103,184ff116-78b4-442d-b468-ecc5849a9171,37.7910725,-107.9706105
2016-06-23,2500.8735585124523,184ff116-78b4-442d-b468-ecc5849a9171,37.7910725,-107.9706105
2016-06-24,-2640.6187012396213,184ff116-78b4-442d-b468-ecc5849a9171,37.7910725,-107.9706105
2016-06-25,1033.400846127601,184ff116-78b4-442d-b468-ecc5849a9171,37.7910725,-107.9706105
2016-06-26,-1059.810012509951,184ff116-78b4-442d-b468-ecc5849a9171,37.7910725,-107.9706105
2016-06-27,-3727.9138041624005,184ff116-78b4-442d-b468-ecc5849a9171,37.7910725,-107.9706105
2016-06-28,4855.669646309564,184ff116-78b4-442d-b468-ecc5849a9171,37.7910725,-107.9706105
2016-06-29,1081.5036369839638,184ff116-78b4-442d-b468-ecc5849a9171,37.7910725,-107.9706105
2016-06-30,1157.7161742295002,184ff116-78b4-442d-b468-ecc5849a9171,37.7910725,-107.9706105
2016-07-01,2275.4669805527105,184ff116-78b4-442d-b468-ecc5849a9171,37.7910725,-107.9706105
2016-07-02,1453.586448311157,184ff116-78b4-442d-b468-ecc5849a9171,37.7910725,-107.9706105
2016-07-03,189.99277152280217,184ff116-78b4-442d-b468-ecc5849a9171,37.7910725,-107.9706105
2016-07-04,2605.039222108494,184ff116-78b4-442d-b468-ecc5849a9171,37.7910725,-107.9706105
2016-07-05,-1120.4214898214484,184ff116-78b4-442d-b468-ecc5849a9171,37.7910725,-107.9706105
2016-07-06,-2650.808697827816,184ff116-78b4-442d-b468-ecc5849a9171,37.7910725,-107.9706105
2016-07-07,-1631.2408779711132,184ff116-78b4-442d-b468-ecc5849a9171,37.7910725,-107.9706105
2016-07-08,-3467.063773456158,184ff116-78b4-442d-b468-ecc5849a9171,37.7910725,-107.9706105
2016-07-09,-634.3629932901166,184ff116-78b4-442d-b468-ecc5849a9171,37.7910725,-107.9706105
2016-07-10,-2874.912948936653,184ff116-78b4-442d-b468-ecc5849a9171,37.7910725,-107.9706105
2016-07-11,-3045.866616626861,184ff116-78b4-442d-b468-ecc5849a9171,37.7910725,-107.9706105
2016-07-12,-2394.184510406003,184ff116-78b4-442d-b468-ecc5849a9171,37.7910725,-107.9706105
2016-07-13,-3320.1678789946554,184ff116-78b4-442d-b468-ecc5849a9171,37.7910725,-107.9706105
2016-07-14,-1048.4758057545769,184ff116-78b4-442d-b468-ecc5849a9171,37.7910725,-107.9706105
2016-07-15,-1484.226985101785,184ff116-78b4-442d-b468-ecc5849a9171,37.7910725,-107.9706105
2016-07-16,-2043.228836574547,184ff116-78b4-442d-b468-ecc5849a9171,37.7910725,-107.9706105
2016-07-17,-1849.4290048902526,184ff116-78b4-442d-b468-ecc5849a9171,37.7910725,-107.9706105
2016-07-18,911.5551142954616,184ff116-78b4-442d-b468-ecc5849a9171,37.7910725,-107.9706105
2016-07-19,3261.235737518479,184ff116-78b4-442d-b468-ecc5849a9171,37.7910725,-107.9706105
2016-07-20,-1166.7451882179002,184ff116-78b4-442d-b468-ecc5849a9171,37.7910725,-107.9706105
2016-07-21,50.47934493346975,184ff116-78b4-442d-b468-ecc5849a9171,37.7910725,-107.9706105
2016-07-22,5076.542213124074,184ff116-78b4-442d-b468-ecc5849a9171,37.7910725,-107.9706105
2016-07-23,983.3005527123847,184ff116-78b4-442d-b468-ecc5849a9171,37.7910725,-107.9706105
2016-07-24,-3111.832807915388,184ff116-78b4-442d-b468-ecc5849a9171,37.7910725,-107.9706105
2016-07-25,1989.1263004662783,184ff116-78b4-442d-b468-ecc5849a9171,37.7910725,-107.9706105
2016-07-26,3718.928911634255,184ff116-78b4-442d-b468-ecc5849a9171,37.7910725,-107.9706105
2016-07-27,-2637.7747389969295,184ff116-78b4-442d-b468-ecc5849a9171,37.7910725,-107.9706105
2016-07-28,-572.1627840327534,184ff116-78b4-442d-b468-ecc5849a9171,37.7910725,-107.9706105
2016-07-29,-3028.898755828499,184ff116-78b4-442d-b468-ecc5849a9171,37.7910725,-107.9706105
2016-07-30,1293.8494939156142,184ff116-78b4-442d-b468-ecc5849a9171,37.7910725,-107.9706105
2016-07-31,3396.738132605479,184ff116-78b4-442d-b468-ecc5849a9171,37.7910725,-107.9706105
2016-08-01,-39.979538269077665,184ff116-78b4-442d-b468-ecc5849a9171,37.7910725,-107.9706105
2016-08-02,-231.789559877175,184ff116-78b4-442d-b468-ecc5849a9171,37.7910725,-107.9706105
2016-08-03,1221.8207028317984,184ff116-78b4-442d-b468-ecc5849a9171,37.7910725,-107.9706105
2016-08-04,2783.518143978164,184ff116-78b4-442d-b468-ecc5849a9171,37.7910725,-107.9706105
2016-08-05,6461.303445922895,184ff116-78b4-442d-b468-ecc5849a9171,37.7910725,-107.9706105
2016-08-06,957.5133037643575,184ff116-78b4-442d-b468-ecc5849a9171,37.7910725,-107.9706105
2016-08-07,-2823.2117457068102,184ff116-78b4-442d-b468-ecc5849a9171,37.7910725,-107.9706105
2016-08-08,1668.5794154441026,184ff116-78b4-442d-b468-ecc5849a9171,37.7910725,-107.9706105
2016-08-09,740.2051631979983,184ff116-78b4-442d-b468-ecc5849a9171,37.7910725,-107.9706105
2016-08-10,4114.072612305243,184ff116-78b4-442d-b468-ecc5849a9171,37.7910725,-107.9706105
2016-08-11,-2555.186566587057,184ff116-78b4-442d-b468-ecc5849a9171,37.7910725,-107.9706105
2016-08-12,-2880.9153326509713,184ff116-78b4-442d-b468-ecc5849a9171,37.7910725,-107.9706105
2016-08-13,-313.39346753099056,184ff116-78b4-442d-b468-ecc5849a9171,37.7910725,-107.9706105
2016-08-14,-600.5807938132602,184ff116-78b4-442d-b468-ecc5849a9171,37.7910725,-107.9706105
2016-08-15,1729.0982463323091,184ff116-78b4-442d-b468-ecc5849a9171,37.7910725,-107.9706105
2016-08-16,2584.7164972136907,184ff116-78b4-442d-b468-ecc5849a9171,37.7910725,-107.9706105
2016-08-17,5342.701021266916,184ff116-78b4-442d-b468-ecc5849a9171,37.7910725,-107.9706105
2016-08-18,4200.375848970771,184ff116-78b4-442d-b468-ecc5849a9171,37.7910725,-107.9706105
2016-08-19,100.35562834072554,184ff116-78b4-442d-b468-ecc5849a9171,37.7910725,-107.9706105
2016-08-20,-2353.187148868417,184ff116-78b4-442d-b468-ecc5849a9171,37.7910725,-107.9706105
2016-08-21,616.6548026839529,184ff116-78b4-442d-b468-ecc5849a9171,37.7910725,-107.9706105
2016-08-22,2064.1354895939953,184ff116-78b4-442d-b468-ecc5849a9171,37.7910725,-107.9706105
2016-08-23,5472.1452746502855,184ff116-78b4-442d-b468-ecc5849a9171,37.7910725,-107.9706105
2016-08-24,857.6707881269191,184ff116-78b4-442d-b468-ecc5849a9171,37.7910725,-107.9706105
2016-08-25,1920.5569885135897,184ff116-78b4-442d-b468-ecc5849a9171,37.7910725,-107.9706105
2016-08-26,406.03934948254283,184ff116-78b4-442d-b468-ecc5849a9171,37.7910725,-107.9706105
2016-08-27,3818.400718753554,184ff116-78b4-442d-b468-ecc5849a9171,37.7910725,-107.9706105
2016-08-28,1863.492987603775,184ff116-78b4-442d-b468-ecc5849a9171,37.7910725,-107.9706105
2016-08-29,4235.851440918911,184ff116-78b4-442d-b468-ecc5849a9171,37.7910725,-107.9706105
2016-08-30,1728.8091800295683,184ff116-78b4-442d-b468-ecc5849a9171,37.7910725,-107.9706105
2016-08-31,1034.2737359263049,184ff116-78b4-442d-b468-ecc5849a9171,37.7910725,-107.9706105
2016-09-01,-208.69967019219834,184ff116-78b4-442d-b468-ecc5849a9171,37.7910725,-107.9706105
2016-09-02,-1176.52907994996,184ff116-78b4-442d-b468-ecc5849a9171,37.7910725,-107.9706105
2016-09-03,1760.0685226885018,184ff116-78b4-442d-b468-ecc5849a9171,37.7910725,-107.9706105
2016-09-04,-386.8227408165584,184ff116-78b4-442d-b468-ecc5849a9171,37.7910725,-107.9706105
2016-09-05,-2668.25954281815,184ff116-78b4-442d-b468-ecc5849a9171,37.7910725,-107.9706105
2016-09-06,-2100.220384396679,184ff116-78b4-442d-b468-ecc5849a9171,37.7910725,-107.9706105
2016-09-07,-2174.521501194131,184ff116-78b4-442d-b468-ecc5849a9171,37.7910725,-107.9706105
2016-09-08,-3896.6426157170467,184ff116-78b4-442d-b468-ecc5849a9171,37.7910725,-107.9706105
2016-09-09,-2145.578332764698,184ff116-78b4-442d-b468-ecc5849a9171,37.7910725,-107.9706105
2016-09-10,-3517.954877743657,184ff116-78b4-442d-b468-ecc5849a9171,37.7910725,-107.9706105
2016-09-11,-760.8661116797449,184ff116-78b4-442d-b468-ecc5849a9171,37.7910725,-107.9706105
2016-09-12,-681.7105015353123,184ff116-78b4-442d-b468-ecc5849a9171,37.7910725,-107.9706105
2016-09-13,-3143.772473558511,184ff116-78b4-442d-b468-ecc5849a9171,37.7910725,-107.9706105
2016-09-14,909.1334015694302,184ff116-78b4-442d-b468-ecc5849a9171,37.7910725,-107.9706105
2016-09-15,-3642.5883953144507,184ff116-78b4-442d-b468-ecc5849a9171,37.7910725,-107.9706105
2016-09-16,-1786.7929352894337,184ff116-78b4-442d-b468-ecc5849a9171,37.7910725,-107.9706105
2016-09-17,-3622.4154759467756,184ff116-78b4-442d-b468-ecc5849a9171,37.7910725,-107.9706105
2016-09-18,-2586.51706129876,184ff116-78b4-442d-b468-ecc5849a9171,37.7910725,-107.9706105
2016-09-19,-3450.1953690435566,184ff116-78b4-442d-b468-ecc5849a9171,37.7910725,-107.9706105
2016-09-20,4200.151497782326,184ff116-78b4-442d-b468-ecc5849a9171,37.7910725,-107.9706105
2016-09-21,6078.766113954278,184ff116-78b4-442d-b468-ecc5849a9171,37.7910725,-107.9706105
2016-09-22,14.168506766746278,184ff116-78b4-442d-b468-ecc5849a9171,37.7910725,-107.9706105
2016-09-23,2432.998994654839,184ff116-78b4-442d-b468-ecc5849a9171,37.7910725,-107.9706105
2016-09-24,1696.697018082565,184ff116-78b4-442d-b468-ecc5849a9171,37.7910725,-107.9706105
2016-09-25,-1681.6898259979516,184ff116-78b4-442d-b468-ecc5849a9171,37.7910725,-107.9706105
2016-09-26,-3467.2458182645273,184ff116-78b4-442d-b468-ecc5849a9171,37.7910725,-107.9706105
2016-09-27,-2933.134602524735,184ff116-78b4-442d-b468-ecc5849a9171,37.7910725,-107.9706105
2016-09-28,-1707.8729443875802,184ff116-78b4-442d-b468-ecc5849a9171,37.7910725,-107.9706105
2016-09-29,2220.100334356875,184ff116-78b4-442d-b468-ecc5849a9171,37.7910725,-107.9706105
2016-09-30,-16.146093483452727,184ff116-78b4-442d-b468-ecc5849a9171,37.7910725,-107.9706105
2016-10-01,652.0574911861706,184ff116-78b4-442d-b468-ecc5849a9171,37.7910725,-107.9706105
2016-10-02,1594.3125349709987,184ff116-78b4-442d-b468-ecc5849a9171,37.7910725,-107.9706105
2016-10-03,3439.077652678265,184ff116-78b4-442d-b468-ecc5849a9171,37.7910725,-107.9706105
2016-10-04,-2746.6019833958812,184ff116-78b4-442d-b468-ecc5849a9171,37.7910725,-107.9706105
2016-10-05,-1644.9248675082454,184ff116-78b4-442d-b468-ecc5849a9171,37.7910725,-107.9706105
2016-10-06,-1874.0449584897074,184ff116-78b4-442d-b468-ecc5849a9171,37.7910725,-107.9706105
2016-10-07,-3206.624055498692,184ff116-78b4-442d-b468-ecc5849a9171,37.7910725,-107.9706105
2016-10-08,-2422.888656886159,184ff116-78b4-442d-b468-ecc5849a9171,37.7910725,-107.9706105
2016-10-09,2574.33113158194,184ff116-78b4-442d-b468-ecc5849a9171,37.7910725,-107.9706105
2016-10-10,856.7726191288519,184ff116-78b4-442d-b468-ecc5849a9171,37.7910725,-107.9706105
2016-10-11,2899.6505493005793,184ff116-78b4-442d-b468-ecc5849a9171,37.7910725,-107.9706105
2016-10-12,248.99542363243455,184ff116-78b4-442d-b468-ecc5849a9171,37.7910725,-107.9706105
2016-10-13,-2567.626116228817,184ff116-78b4-442d-b468-ecc5849a9171,37.7910725,-107.9706105
2016-10-14,-3109.7406027521874,184ff116-78b4-442d-b468-ecc5849a9171,37.7910725,-107.9706105
2016-10-15,-3734.1661503468654,184ff116-78b4-442d-b468-ecc5849a9171,37.7910725,-107.9706105
2016-10-16,-3351.5335926305,184ff116-78b4-442d-b468-ecc5849a9171,37.7910725,-107.9706105
2016-10-17,-3925.9297395655612,184ff116-78b4-442d-b468-ecc5849a9171,37.7910725,-107.9706105
2016-10-18,-2100.9390606163993,184ff116-78b4-442d-b468-ecc5849a9171,37.7910725,-107.9706105
2016-10-19,-3899.8474240873425,184ff116-78b4-442d-b468-ecc5849a9171,37.7910725,-107.9706105
2016-10-20,-3387.411686568861,184ff116-78b4-442d-b468-ecc5849a9171,37.7910725,-107.9706105
2016-10-21,-3546.062927328555,184ff116-78b4-442d-b468-ecc5849a9171,37.7910725,-107.9706105
2016-10-22,-3450.634682133512,184ff116-78b4-442d-b468-ecc5849a9171,37.7910725,-107.9706105
2016-10-23,-2756.729785056295,184ff116-78b4-442d-b468-ecc5849a9171,37.7910725,-107.9706105
2016-10-24,-3129.7387148868415,184ff116-78b4-442d-b468-ecc5849a9171,37.7910725,-107.9706105
2016-10-25,1205.7059615603318,184ff116-78b4-442d-b468-ecc5849a9171,37.7910725,-107.9706105
2016-10-26,-3349.9744706016136,184ff116-78b4-442d-b468-ecc5849a9171,37.7910725,-107.9706105
2016-10-27,-1450.1153735926298,184ff116-78b4-442d-b468-ecc5849a9171,37.7910725,-107.9706105
2016-10-28,2575.2904901626275,184ff116-78b4-442d-b468-ecc5849a9171,37.7910725,-107.9706105
2016-10-29,-194.69445240532244,184ff116-78b4-442d-b468-ecc5849a9171,37.7910725,-107.9706105
2016-10-30,1540.4486022972824,184ff116-78b4-442d-b468-ecc5849a9171,37.7910725,-107.9706105
2016-10-31,198.4334584328442,184ff116-78b4-442d-b468-ecc5849a9171,37.7910725,-107.9706105
2016-11-01,-2050.9485181394284,184ff116-78b4-442d-b468-ecc5849a9171,37.7910725,-107.9706105
2016-11-02,-1984.4024519504148,184ff116-78b4-442d-b468-ecc5849a9171,37.7910725,-107.9706105
2016-11-03,-1142.7386193563066,184ff116-78b4-442d-b468-ecc5849a9171,37.7910725,-107.9706105
2016-11-04,3869.727874445581,184ff116-78b4-442d-b468-ecc5849a9171,37.7910725,-107.9706105
2016-11-05,967.8262254065731,184ff116-78b4-442d-b468-ecc5849a9171,37.7910725,-107.9706105
2016-11-06,1019.7467985897877,184ff116-78b4-442d-b468-ecc5849a9171,37.7910725,-107.9706105
2016-11-07,-2790.751734334127,184ff116-78b4-442d-b468-ecc5849a9171,37.7910725,-107.9706105
2016-11-08,-2539.6074422836327,184ff116-78b4-442d-b468-ecc5849a9171,37.7910725,-107.9706105
2016-11-09,-3424.225697714089,184ff116-78b4-442d-b468-ecc5849a9171,37.7910725,-107.9706105
2016-11-10,-2753.4163857614017,184ff116-78b4-442d-b468-ecc5849a9171,37.7910725,-107.9706105
2016-11-11,-3640.9161878767172,184ff116-78b4-442d-b468-ecc5849a9171,37.7910725,-107.9706105
2016-11-12,-1970.3272739679292,184ff116-78b4-442d-b468-ecc5849a9171,37.7910725,-107.9706105
2016-11-13,-3390.3296531331725,184ff116-78b4-442d-b468-ecc5849a9171,37.7910725,-107.9706105
2016-11-14,-2944.3891959513244,184ff116-78b4-442d-b468-ecc5849a9171,37.7910725,-107.9706105
2016-11-15,-2949.7678016604114,184ff116-78b4-442d-b468-ecc5849a9171,37.7910725,-107.9706105
2016-11-16,-370.381576253838,184ff116-78b4-442d-b468-ecc5849a9171,37.7910725,-107.9706105
2016-11-17,2457.020398043898,184ff116-78b4-442d-b468-ecc5849a9171,37.7910725,-107.9706105
2016-11-18,6322.23656999886,184ff116-78b4-442d-b468-ecc5849a9171,37.7910725,-107.9706105
2016-11-19,2880.4886796315236,184ff116-78b4-442d-b468-ecc5849a9171,37.7910725,-107.9706105
2016-11-20,304.4360696008187,184ff116-78b4-442d-b468-ecc5849a9171,37.7910725,-107.9706105
2016-11-21,1798.688133742749,184ff116-78b4-442d-b468-ecc5849a9171,37.7910725,-107.9706105
2016-11-22,3340.533629023085,184ff116-78b4-442d-b468-ecc5849a9171,37.7910725,-107.9706105
2016-11-23,7201.102231320368,184ff116-78b4-442d-b468-ecc5849a9171,37.7910725,-107.9706105
2016-11-24,4826.480805185943,184ff116-78b4-442d-b468-ecc5849a9171,37.7910725,-107.9706105
2016-11-25,6144.736940748317,184ff116-78b4-442d-b468-ecc5849a9171,37.7910725,-107.9706105
2016-11-26,5424.59208461276,184ff116-78b4-442d-b468-ecc5849a9171,37.7910725,-107.9706105
2016-11-27,2880.281915159784,184ff116-78b4-442d-b468-ecc5849a9171,37.7910725,-107.9706105
2016-11-28,3907.5587853974735,184ff116-78b4-442d-b468-ecc5849a9171,37.7910725,-107.9706105
2016-11-29,6719.510951893547,184ff116-78b4-442d-b468-ecc5849a9171,37.7910725,-107.9706105
2016-11-30,6215.126455134764,184ff116-78b4-442d-b468-ecc5849a9171,37.7910725,-107.9706105
2016-12-01,5911.520523143407,184ff116-78b4-442d-b468-ecc5849a9171,37.7910725,-107.9706105
2016-12-02,980.0728761514832,184ff116-78b4-442d-b468-ecc5849a9171,37.7910725,-107.9706105
2016-12-03,6137.7038598885465,184ff116-78b4-442d-b468-ecc5849a9171,37.7910725,-107.9706105
2016-12-04,6871.2607528716,184ff116-78b4-442d-b468-ecc5849a9171,37.7910725,-107.9706105
2016-12-05,5349.6254975548745,184ff116-78b4-442d-b468-ecc5849a9171,37.7910725,-107.9706105
2016-12-06,3834.3894188559066,184ff116-78b4-442d-b468-ecc5849a9171,37.7910725,-107.9706105
2016-12-07,4955.073613101327,184ff116-78b4-442d-b468-ecc5849a9171,37.7910725,-107.9706105
2016-12-08,1745.4596929375634,184ff116-78b4-442d-b468-ecc5849a9171,37.7910725,-107.9706105
2016-12-09,3420.4142749914668,184ff116-78b4-442d-b468-ecc5849a9171,37.7910725,-107.9706105
2016-12-10,3034.293751848059,184ff116-78b4-442d-b468-ecc5849a9171,37.7910725,-107.9706105
2016-12-11,3580.723571022404,184ff116-78b4-442d-b468-ecc5849a9171,37.7910725,-107.9706105
2016-12-12,3063.7837188672793,184ff116-78b4-442d-b468-ecc5849a9171,37.7910725,-107.9706105
2016-12-13,2910.142390537928,184ff116-78b4-442d-b468-ecc5849a9171,37.7910725,-107.9706105
2016-12-14,1281.4542295007382,184ff116-78b4-442d-b468-ecc5849a9171,37.7910725,-107.9706105
2016-12-15,3768.625402024334,184ff116-78b4-442d-b468-ecc5849a9171,37.7910725,-107.9706105
2016-12-16,2120.459565563516,184ff116-78b4-442d-b468-ecc5849a9171,37.7910725,-107.9706105
2016-12-17,2802.4542158535182,184ff116-78b4-442d-b468-ecc5849a9171,37.7910725,-107.9706105
2016-12-18,6205.500015921753,184ff116-78b4-442d-b468-ecc5849a9171,37.7910725,-107.9706105
2016-12-19,6094.090007960875,184ff116-78b4-442d-b468-ecc5849a9171,37.7910725,-107.9706105
2016-12-20,6979.147749346068,184ff116-78b4-442d-b468-ecc5849a9171,37.7910725,-107.9706105
2016-12-21,770.1080495848969,184ff116-78b4-442d-b468-ecc5849a9171,37.7910725,-107.9706105
2016-12-22,2252.8814829978387,184ff116-78b4-442d-b468-ecc5849a9171,37.7910725,-107.9706105
2016-12-23,5439.246455134765,184ff116-78b4-442d-b468-ecc5849a9171,37.7910725,-107.9706105
2016-12-24,1603.69030365063,184ff116-78b4-442d-b468-ecc5849a9171,37.7910725,-107.9706105
2016-12-25,3974.5644035027844,184ff116-78b4-442d-b468-ecc5849a9171,37.7910725,-107.9706105
2016-12-26,5933.43998635278,184ff116-78b4-442d-b468-ecc5849a9171,37.7910725,-107.9706105
2016-12-27,6878.247797111335,184ff116-78b4-442d-b468-ecc5849a9171,37.7910725,-107.9706105
2016-12-28,6473.6150164903875,184ff116-78b4-442d-b468-ecc5849a9171,37.7910725,-107.9706105
2016-12-29,7300.520377573066,184ff116-78b4-442d-b468-ecc5849a9171,37.7910725,-107.9706105
2016-12-30,1132.3532036847496,184ff116-78b4-442d-b468-ecc5849a9171,37.7910725,-107.9706105
2016-12-31,1633.0855817127247,184ff116-78b4-442d-b468-ecc5849a9171,37.7910725,-107.9706105
2017-01-01,2442.428722847719,184ff116-78b4-442d-b468-ecc5849a9171,37.7910725,-107.9706105
2017-01-02,3845.3148913908767,184ff116-78b4-442d-b468-ecc5849a9171,37.7910725,-107.9706105
2017-01-03,3731.387385420217,184ff116-78b4-442d-b468-ecc5849a9171,37.7910725,-107.9706105
2017-01-04,3564.81692255203,184ff116-78b4-442d-b468-ecc5849a9171,37.7910725,-107.9706105
2017-01-05,2858.5042283634707,184ff116-78b4-442d-b468-ecc5849a9171,37.7910725,-107.9706105
2017-01-06,5401.749391561463,184ff116-78b4-442d-b468-ecc5849a9171,37.7910725,-107.9706105
2017-01-07,5140.130567496873,184ff116-78b4-442d-b468-ecc5849a9171,37.7910725,-107.9706105
2017-01-08,1747.8496394859537,184ff116-78b4-442d-b468-ecc5849a9171,37.7910725,-107.9706105
2017-01-09,4776.8991379506415,184ff116-78b4-442d-b468-ecc5849a9171,37.7910725,-107.9706105
2017-01-10,2753.280909814625,184ff116-78b4-442d-b468-ecc5849a9171,37.7910725,-107.9706105
2017-01-11,2877.791243034231,184ff116-78b4-442d-b468-ecc5849a9171,37.7910725,-107.9706105
2017-01-12,2546.407505970657,184ff116-78b4-442d-b468-ecc5849a9171,37.7910725,-107.9706105
2017-01-13,4483.142863641532,184ff116-78b4-442d-b468-ecc5849a9171,37.7910725,-107.9706105
2017-01-14,3347.6229910155807,184ff116-78b4-442d-b468-ecc5849a9171,37.7910725,-107.9706105
2017-01-15,1124.3248174684404,184ff116-78b4-442d-b468-ecc5849a9171,37.7910725,-107.9706105
2017-01-16,4993.121660411688,184ff116-78b4-442d-b468-ecc5849a9171,37.7910725,-107.9706105
2017-01-17,932.7288797907421,184ff116-78b4-442d-b468-ecc5849a9171,37.7910725,-107.9706105
2017-01-18,7269.002542931875,184ff116-78b4-442d-b468-ecc5849a9171,37.7910725,-107.9706105
2017-01-19,1493.1416581371539,184ff116-78b4-442d-b468-ecc5849a9171,37.7910725,-107.9706105
2017-01-20,1262.542163084271,184ff116-78b4-442d-b468-ecc5849a9171,37.7910725,-107.9706105
2017-01-21,5770.812614579779,184ff116-78b4-442d-b468-ecc5849a9171,37.7910725,-107.9706105
2017-01-22,3004.7458569316505,184ff116-78b4-442d-b468-ecc5849a9171,37.7910725,-107.9706105
2017-01-23,4914.64649152735,184ff116-78b4-442d-b468-ecc5849a9171,37.7910725,-107.9706105
2017-01-24,3105.0152166496055,184ff116-78b4-442d-b468-ecc5849a9171,37.7910725,-107.9706105
2017-01-25,4958.543868986691,184ff116-78b4-442d-b468-ecc5849a9171,37.7910725,-107.9706105
2017-01-26,3152.875146138974,184ff116-78b4-442d-b468-ecc5849a9171,37.7910725,-107.9706105
2017-01-27,6498.901271465937,184ff116-78b4-442d-b468-ecc5849a9171,37.7910725,-107.9706105
2017-01-28,5467.087278516996,184ff116-78b4-442d-b468-ecc5849a9171,37.7910725,-107.9706105
2017-01-29,6052.700962128967,184ff116-78b4-442d-b468-ecc5849a9171,37.7910725,-107.9706105
2017-01-30,7270.589901057657,184ff116-78b4-442d-b468-ecc5849a9171,37.7910725,-107.9706105
2017-01-31,6108.7546138974185,184ff116-78b4-442d-b468-ecc5849a9171,37.7910725,-107.9706105
2017-02-01,6145.641892414417,184ff116-78b4-442d-b468-ecc5849a9171,37.7910725,-107.9706105
2017-02-02,3044.2529603093353,184ff116-78b4-442d-b468-ecc5849a9171,37.7910725,-107.9706105
2017-02-03,3898.3322961446584,184ff116-78b4-442d-b468-ecc5849a9171,37.7910725,-107.9706105
2017-02-04,1437.1542727169335,184ff116-78b4-442d-b468-ecc5849a9171,37.7910725,-107.9706105
2017-02-05,5923.949810076193,184ff116-78b4-442d-b468-ecc5849a9171,37.7910725,-107.9706105
2017-02-06,4099.47420902991,184ff116-78b4-442d-b468-ecc5849a9171,37.7910725,-107.9706105
2017-02-07,2798.180502672581,184ff116-78b4-442d-b468-ecc5849a9171,37.7910725,-107.9706105
2017-02-08,3480.200727851697,184ff116-78b4-442d-b468-ecc5849a9171,37.7910725,-107.9706105
2017-02-09,6088.817513931535,184ff116-78b4-442d-b468-ecc5849a9171,37.7910725,-107.9706105
2017-02-10,4462.028959399518,184ff116-78b4-442d-b468-ecc5849a9171,37.7910725,-107.9706105
2017-02-11,3239.642078926417,184ff116-78b4-442d-b468-ecc5849a9171,37.7910725,-107.9706105
2017-02-12,3970.846655293982,184ff116-78b4-442d-b468-ecc5849a9171,37.7910725,-107.9706105
2017-02-13,3395.027612873876,184ff116-78b4-442d-b468-ecc5849a9171,37.7910725,-107.9706105
2017-02-14,6552.13916979415,184ff116-78b4-442d-b468-ecc5849a9171,37.7910725,-107.9706105
2017-02-15,7767.062636187873,184ff116-78b4-442d-b468-ecc5849a9171,37.7910725,-107.9706105
2017-02-16,6618.35440009098,184ff116-78b4-442d-b468-ecc5849a9171,37.7910725,-107.9706105
2017-02-17,552.3931945866026,184ff116-78b4-442d-b468-ecc5849a9171,37.7910725,-107.9706105
2017-02-18,1379.2184510405993,184ff116-78b4-442d-b468-ecc5849a9171,37.7910725,-107.9706105
2017-02-19,4453.077611736608,184ff116-78b4-442d-b468-ecc5849a9171,37.7910725,-107.9706105
2017-02-20,6341.53537131809,184ff116-78b4-442d-b468-ecc5849a9171,37.7910725,-107.9706105
2017-02-21,5064.91825770499,184ff116-78b4-442d-b468-ecc5849a9171,37.7910725,-107.9706105
2017-02-22,1413.7668918457846,184ff116-78b4-442d-b468-ecc5849a9171,37.7910725,-107.9706105
2017-02-23,1885.8502763561917,184ff116-78b4-442d-b468-ecc5849a9171,37.7910725,-107.9706105
2017-02-24,4071.311798021154,184ff116-78b4-442d-b468-ecc5849a9171,37.7910725,-107.9706105
2017-02-25,3782.4250744910732,184ff116-78b4-442d-b468-ecc5849a9171,37.7910725,-107.9706105
2017-02-26,6230.186648470372,184ff116-78b4-442d-b468-ecc5849a9171,37.7910725,-107.9706105
2017-02-27,1839.2479881724096,184ff116-78b4-442d-b468-ecc5849a9171,37.7910725,-107.9706105
2017-02-28,4371.661189582624,184ff116-78b4-442d-b468-ecc5849a9171,37.7910725,-107.9706105
2017-03-01,6761.3464574093,184ff116-78b4-442d-b468-ecc5849a9171,37.7910725,-107.9706105
2017-03-02,6320.060020470828,184ff116-78b4-442d-b468-ecc5849a9171,37.7910725,-107.9706105
2017-03-03,7197.41337882406,184ff116-78b4-442d-b468-ecc5849a9171,37.7910725,-107.9706105
2017-03-04,3816.5792198339573,184ff116-78b4-442d-b468-ecc5849a9171,37.7910725,-107.9706105
2017-03-05,1891.3596269760021,184ff116-78b4-442d-b468-ecc5849a9171,37.7910725,-107.9706105
2017-03-06,4062.6852268850225,184ff116-78b4-442d-b468-ecc5849a9171,37.7910725,-107.9706105
2017-03-07,5706.273690435571,184ff116-78b4-442d-b468-ecc5849a9171,37.7910725,-107.9706105
2017-03-08,6394.865097236437,184ff116-78b4-442d-b468-ecc5849a9171,37.7910725,-107.9706105
2017-03-09,5919.486264073689,184ff116-78b4-442d-b468-ecc5849a9171,37.7910725,-107.9706105
2017-03-10,7209.81135448652,184ff116-78b4-442d-b468-ecc5849a9171,37.7910725,-107.9706105
2017-03-11,6732.7932446264,184ff116-78b4-442d-b468-ecc5849a9171,37.7910725,-107.9706105
2017-03-12,5947.063127487775,184ff116-78b4-442d-b468-ecc5849a9171,37.7910725,-107.9706105
2017-03-13,7402.472157397927,184ff116-78b4-442d-b468-ecc5849a9171,37.7910725,-107.9706105
2017-03-14,7124.66390992835,184ff116-78b4-442d-b468-ecc5849a9171,37.7910725,-107.9706105
2017-03-15,7509.967424087336,184ff116-78b4-442d-b468-ecc5849a9171,37.7910725,-107.9706105
2017-03-16,6438.573356078692,184ff116-78b4-442d-b468-ecc5849a9171,37.7910725,-107.9706105
2017-03-17,7498.2052177868745,184ff116-78b4-442d-b468-ecc5849a9171,37.7910725,-107.9706105
2017-03-18,6384.697163652903,184ff116-78b4-442d-b468-ecc5849a9171,37.7910725,-107.9706105
2017-03-19,8036.074054361424,184ff116-78b4-442d-b468-ecc5849a9171,37.7910725,-107.9706105
2017-03-20,3619.1904605936506,184ff116-78b4-442d-b468-ecc5849a9171,37.7910725,-107.9706105
2017-03-21,4411.552089161832,184ff116-78b4-442d-b468-ecc5849a9171,37.7910725,-107.9706105
2017-03-22,3334.3396929375635,184ff116-78b4-442d-b468-ecc5849a9171,37.7910725,-107.9706105
2017-03-23,3933.7530399181164,184ff116-78b4-442d-b468-ecc5849a9171,37.7910725,-107.9706105
2017-03-24,6296.197916524504,184ff116-78b4-442d-b468-ecc5849a9171,37.7910725,-107.9706105
2017-03-25,4581.283480040942,184ff116-78b4-442d-b468-ecc5849a9171,37.7910725,-107.9706105
2017-03-26,2313.5309359717953,184ff116-78b4-442d-b468-ecc5849a9171,37.7910725,-107.9706105
2017-03-27,1072.3712043671098,184ff116-78b4-442d-b468-ecc5849a9171,37.7910725,-107.9706105
2017-03-28,1309.5516933924705,184ff116-78b4-442d-b468-ecc5849a9171,37.7910725,-107.9706105
2017-03-29,5943.23127487774,184ff116-78b4-442d-b468-ecc5849a9171,37.7910725,-107.9706105
2017-03-30,5364.837652678263,184ff116-78b4-442d-b468-ecc5849a9171,37.7910725,-107.9706105
2017-03-31,3085.8300602752183,184ff116-78b4-442d-b468-ecc5849a9171,37.7910725,-107.9706105
2017-04-01,4172.465761401115,184ff116-78b4-442d-b468-ecc5849a9171,37.7910725,-107.9706105
2017-04-02,3565.316720118274,184ff116-78b4-442d-b468-ecc5849a9171,37.7910725,-107.9706105
2017-04-03,3834.8658978733083,184ff116-78b4-442d-b468-ecc5849a9171,37.7910725,-107.9706105
2017-04-04,4622.225738655746,184ff116-78b4-442d-b468-ecc5849a9171,37.7910725,-107.9706105
2017-04-05,5110.9236620038655,184ff116-78b4-442d-b468-ecc5849a9171,37.7910725,-107.9706105
2017-04-06,6551.210603889452,184ff116-78b4-442d-b468-ecc5849a9171,37.7910725,-107.9706105
2017-04-07,4847.677748208801,184ff116-78b4-442d-b468-ecc5849a9171,37.7910725,-107.9706105
2017-04-08,1212.6815876265207,184ff116-78b4-442d-b468-ecc5849a9171,37.7910725,-107.9706105
2017-04-09,6862.644630956443,184ff116-78b4-442d-b468-ecc5849a9171,37.7910725,-107.9706105
2017-04-10,6201.945420220627,184ff116-78b4-442d-b468-ecc5849a9171,37.7910725,-107.9706105
2017-04-11,6657.529712271124,184ff116-78b4-442d-b468-ecc5849a9171,37.7910725,-107.9706105
2017-04-12,6367.55263050153,184ff116-78b4-442d-b468-ecc5849a9171,37.7910725,-107.9706105
2017-04-13,6912.362965995678,184ff116-78b4-442d-b468-ecc5849a9171,37.7910725,-107.9706105
2017-04-14,6828.276733765494,184ff116-78b4-442d-b468-ecc5849a9171,37.7910725,-107.9706105
2017-04-15,6552.44439895371,184ff116-78b4-442d-b468-ecc5849a9171,37.7910725,-107.9706105
2017-04-16,7250.123652905723,184ff116-78b4-442d-b468-ecc5849a9171,37.7910725,-107.9706105
2017-04-17,5550.21054020243,184ff116-78b4-442d-b468-ecc5849a9171,37.7910725,-107.9706105
2017-04-18,7040.750547026041,184ff116-78b4-442d-b468-ecc5849a9171,37.7910725,-107.9706105
2017-04-19,1137.0813510747187,184ff116-78b4-442d-b468-ecc5849a9171,37.7910725,-107.9706105
2017-04-20,3744.7090094393257,184ff116-78b4-442d-b468-ecc5849a9171,37.7910725,-107.9706105
2017-04-21,4667.358330490164,184ff116-78b4-442d-b468-ecc5849a9171,37.7910725,-107.9706105
2017-04-22,6229.649102695325,184ff116-78b4-442d-b468-ecc5849a9171,37.7910725,-107.9706105
2017-04-23,4253.09040373024,184ff116-78b4-442d-b468-ecc5849a9171,37.7910725,-107.9706105
2017-04-25,1593.3217786875916,184ff116-78b4-442d-b468-ecc5849a9171,37.7910725,-107.9706105
2017-04-26,3590.346976003638,184ff116-78b4-442d-b468-ecc5849a9171,37.7910725,-107.9706105
2017-04-27,5353.432989878312,184ff116-78b4-442d-b468-ecc5849a9171,37.7910725,-107.9706105
2017-04-28,3470.2020197884676,184ff116-78b4-442d-b468-ecc5849a9171,37.7910725,-107.9706105
2017-04-29,4892.876383486867,184ff116-78b4-442d-b468-ecc5849a9171,37.7910725,-107.9706105
2017-04-30,5842.097482088022,184ff116-78b4-442d-b468-ecc5849a9171,37.7910725,-107.9706105
2017-05-01,1397.9695757989293,184ff116-78b4-442d-b468-ecc5849a9171,37.7910725,-107.9706105
2017-05-02,6210.128811554642,184ff116-78b4-442d-b468-ecc5849a9171,37.7910725,-107.9706105
2017-05-03,5707.767619697485,184ff116-78b4-442d-b468-ecc5849a9171,37.7910725,-107.9706105
2017-05-04,7080.646104856134,184ff116-78b4-442d-b468-ecc5849a9171,37.7910725,-107.9706105
2017-05-05,4894.089075400882,184ff116-78b4-442d-b468-ecc5849a9171,37.7910725,-107.9706105
2017-05-06,4566.339160696008,184ff116-78b4-442d-b468-ecc5849a9171,37.7910725,-107.9706105
2017-05-07,3996.843616513134,184ff116-78b4-442d-b468-ecc5849a9171,37.7910725,-107.9706105
2017-05-08,3547.2371340839277,184ff116-78b4-442d-b468-ecc5849a9171,37.7910725,-107.9706105
2017-05-09,5004.482381530986,184ff116-78b4-442d-b468-ecc5849a9171,37.7910725,-107.9706105
2017-05-10,607.0726123052425,184ff116-78b4-442d-b468-ecc5849a9171,37.7910725,-107.9706105
2017-05-11,3220.51696121915,184ff116-78b4-442d-b468-ecc5849a9171,37.7910725,-107.9706105
2017-05-12,2225.8066325486175,184ff116-78b4-442d-b468-ecc5849a9171,37.7910725,-107.9706105
2017-05-13,4954.233654042989,184ff116-78b4-442d-b468-ecc5849a9171,37.7910725,-107.9706105
2017-05-14,2776.7960923461824,184ff116-78b4-442d-b468-ecc5849a9171,37.7910725,-107.9706105
2017-05-15,3101.211836688274,184ff116-78b4-442d-b468-ecc5849a9171,37.7910725,-107.9706105
2017-05-16,2760.0617400204706,184ff116-78b4-442d-b468-ecc5849a9171,37.7910725,-107.9706105
2017-05-17,3409.4473194586603,184ff116-78b4-442d-b468-ecc5849a9171,37.7910725,-107.9706105
2017-05-18,3784.0890890481046,184ff116-78b4-442d-b468-ecc5849a9171,37.7910725,-107.9706105
2017-05-19,2911.526687137495,184ff116-78b4-442d-b468-ecc5849a9171,37.7910725,-107.9706105
2017-05-20,7462.174775389511,184ff116-78b4-442d-b468-ecc5849a9171,37.7910725,-107.9706105
2017-05-21,4110.3411804844745,184ff116-78b4-442d-b468-ecc5849a9171,37.7910725,-107.9706105
2017-05-22,4088.882988741042,184ff116-78b4-442d-b468-ecc5849a9171,37.7910725,-107.9706105
2017-05-23,2660.425397475263,184ff116-78b4-442d-b468-ecc5849a9171,37.7910725,-107.9706105
2017-05-24,1327.6654657113613,184ff116-78b4-442d-b468-ecc5849a9171,37.7910725,-107.9706105
2017-05-25,1088.4419015125666,184ff116-78b4-442d-b468-ecc5849a9171,37.7910725,-107.9706105
2017-05-26,1673.7742067553734,184ff116-78b4-442d-b468-ecc5849a9171,37.7910725,-107.9706105
2017-05-27,1686.7405481633116,184ff116-78b4-442d-b468-ecc5849a9171,37.7910725,-107.9706105
2017-05-28,-760.3371318093933,184ff116-78b4-442d-b468-ecc5849a9171,37.7910725,-107.9706105
2017-05-29,-498.72860229728167,184ff116-78b4-442d-b468-ecc5849a9171,37.7910725,-107.9706105
2017-05-30,1242.7930808597744,184ff116-78b4-442d-b468-ecc5849a9171,37.7910725,-107.9706105
2017-05-31,1814.974120322984,184ff116-78b4-442d-b468-ecc5849a9171,37.7910725,-107.9706105
2017-06-01,5846.74123052428,184ff116-78b4-442d-b468-ecc5849a9171,37.7910725,-107.9706105
2017-06-02,74.63199818037072,184ff116-78b4-442d-b468-ecc5849a9171,37.7910725,-107.9706105
2017-06-03,-714.5205731832135,184ff116-78b4-442d-b468-ecc5849a9171,37.7910725,-107.9706105
2017-06-04,-2202.6083566473317,184ff116-78b4-442d-b468-ecc5849a9171,37.7910725,-107.9706105
2017-06-05,1152.057386557489,184ff116-78b4-442d-b468-ecc5849a9171,37.7910725,-107.9706105
2017-06-06,3814.235742067557,184ff116-78b4-442d-b468-ecc5849a9171,37.7910725,-107.9706105
2017-06-07,-1179.8457227339925,184ff116-78b4-442d-b468-ecc5849a9171,37.7910725,-107.9706105
2017-06-08,-335.6041032639597,184ff116-78b4-442d-b468-ecc5849a9171,37.7910725,-107.9706105
2017-06-09,547.5137177300122,184ff116-78b4-442d-b468-ecc5849a9171,37.7910725,-107.9706105
2017-06-10,-2309.069145911521,184ff116-78b4-442d-b468-ecc5849a9171,37.7910725,-107.9706105
2017-06-11,-3277.2773114977795,184ff116-78b4-442d-b468-ecc5849a9171,37.7910725,-107.9706105
2017-06-12,-2910.9413260548167,184ff116-78b4-442d-b468-ecc5849a9171,37.7910725,-107.9706105
2017-06-13,-2688.216972591834,184ff116-78b4-442d-b468-ecc5849a9171,37.7910725,-107.9706105
2017-06-14,-3427.67124303423,184ff116-78b4-442d-b468-ecc5849a9171,37.7910725,-107.9706105
2017-06-15,-1314.795605595359,184ff116-78b4-442d-b468-ecc5849a9171,37.7910725,-107.9706105
2017-06-16,-3195.3574752644113,184ff116-78b4-442d-b468-ecc5849a9171,37.7910725,-107.9706105
2017-06-17,-1615.6194245422485,184ff116-78b4-442d-b468-ecc5849a9171,37.7910725,-107.9706105
2017-06-18,-3457.0979824860665,184ff116-78b4-442d-b468-ecc5849a9171,37.7910725,-107.9706105
2017-06-19,-2625.2816240191046,184ff116-78b4-442d-b468-ecc5849a9171,37.7910725,-107.9706105
2017-06-20,-2722.209416581369,184ff116-78b4-442d-b468-ecc5849a9171,37.7910725,-107.9706105
2017-06-21,-3091.8420652791974,184ff116-78b4-442d-b468-ecc5849a9171,37.7910725,-107.9706105
2017-06-22,-480.72124189696336,184ff116-78b4-442d-b468-ecc5849a9171,37.7910725,-107.9706105
2017-06-23,-4127.846773569884,184ff116-78b4-442d-b468-ecc5849a9171,37.7910725,-107.9706105
2017-06-24,-1989.3065165472528,184ff116-78b4-442d-b468-ecc5849a9171,37.7910725,-107.9706105
2017-06-25,-3645.9258865006245,184ff116-78b4-442d-b468-ecc5849a9171,37.7910725,-107.9706105
2017-06-26,-193.20938928693263,184ff116-78b4-442d-b468-ecc5849a9171,37.7910725,-107.9706105
2017-06-27,-2801.190410553848,184ff116-78b4-442d-b468-ecc5849a9171,37.7910725,-107.9706105
2017-06-28,-2656.6050358239495,184ff116-78b4-442d-b468-ecc5849a9171,37.7910725,-107.9706105
2017-06-29,-1718.7137040827938,184ff116-78b4-442d-b468-ecc5849a9171,37.7910725,-107.9706105
2017-06-30,-3537.599731604685,184ff116-78b4-442d-b468-ecc5849a9171,37.7910725,-107.9706105
2017-07-01,-661.2684999431364,184ff116-78b4-442d-b468-ecc5849a9171,37.7910725,-107.9706105
2017-07-02,1909.9689753212779,184ff116-78b4-442d-b468-ecc5849a9171,37.7910725,-107.9706105
2017-07-03,2376.3838962811315,184ff116-78b4-442d-b468-ecc5849a9171,37.7910725,-107.9706105
2017-07-04,-1647.5879858978728,184ff116-78b4-442d-b468-ecc5849a9171,37.7910725,-107.9706105
2017-07-05,-940.2382031161146,184ff116-78b4-442d-b468-ecc5849a9171,37.7910725,-107.9706105
2017-07-06,3384.2852632776057,184ff116-78b4-442d-b468-ecc5849a9171,37.7910725,-107.9706105
2017-07-07,1650.9485363357212,184ff116-78b4-442d-b468-ecc5849a9171,37.7910725,-107.9706105
2017-07-08,-1273.4795860343445,184ff116-78b4-442d-b468-ecc5849a9171,37.7910725,-107.9706105
2017-07-09,387.447633344706,184ff116-78b4-442d-b468-ecc5849a9171,37.7910725,-107.9706105
2017-07-10,964.5989537131803,184ff116-78b4-442d-b468-ecc5849a9171,37.7910725,-107.9706105
2017-07-11,-537.1415717047649,184ff116-78b4-442d-b468-ecc5849a9171,37.7910725,-107.9706105
2017-07-12,3080.6053178664847,184ff116-78b4-442d-b468-ecc5849a9171,37.7910725,-107.9706105
2017-07-13,192.60322529284653,184ff116-78b4-442d-b468-ecc5849a9171,37.7910725,-107.9706105
2017-07-14,4931.823177527576,184ff116-78b4-442d-b468-ecc5849a9171,37.7910725,-107.9706105
2017-07-15,-558.6575321278291,184ff116-78b4-442d-b468-ecc5849a9171,37.7910725,-107.9706105
2017-07-16,-2417.3128716024103,184ff116-78b4-442d-b468-ecc5849a9171,37.7910725,-107.9706105
2017-07-17,2472.00751051973,184ff116-78b4-442d-b468-ecc5849a9171,37.7910725,-107.9706105
2017-07-18,510.89299215284893,184ff116-78b4-442d-b468-ecc5849a9171,37.7910725,-107.9706105
2017-07-19,4607.676961219149,184ff116-78b4-442d-b468-ecc5849a9171,37.7910725,-107.9706105
2017-07-20,-1360.1879358580682,184ff116-78b4-442d-b468-ecc5849a9171,37.7910725,-107.9706105
2017-07-21,5076.87095189355,184ff116-78b4-442d-b468-ecc5849a9171,37.7910725,-107.9706105
2017-07-22,955.0494438758097,184ff116-78b4-442d-b468-ecc5849a9171,37.7910725,-107.9706105
2017-07-23,2494.1720322984165,184ff116-78b4-442d-b468-ecc5849a9171,37.7910725,-107.9706105
2017-07-24,1612.3190264983505,184ff116-78b4-442d-b468-ecc5849a9171,37.7910725,-107.9706105
2017-07-25,2571.624251108836,184ff116-78b4-442d-b468-ecc5849a9171,37.7910725,-107.9706105
2017-07-26,-762.0982599795292,184ff116-78b4-442d-b468-ecc5849a9171,37.7910725,-107.9706105
2017-07-27,2675.8393467419814,184ff116-78b4-442d-b468-ecc5849a9171,37.7910725,-107.9706105
2017-07-28,-189.05124075969522,184ff116-78b4-442d-b468-ecc5849a9171,37.7910725,-107.9706105
2017-07-29,3012.5230660752864,184ff116-78b4-442d-b468-ecc5849a9171,37.7910725,-107.9706105
2017-07-30,658.9309177755031,184ff116-78b4-442d-b468-ecc5849a9171,37.7910725,-107.9706105
2017-07-31,-1261.4735221198673,184ff116-78b4-442d-b468-ecc5849a9171,37.7910725,-107.9706105
2017-08-01,-1757.6641373820084,184ff116-78b4-442d-b468-ecc5849a9171,37.7910725,-107.9706105
2017-08-02,678.4219265324689,184ff116-78b4-442d-b468-ecc5849a9171,37.7910725,-107.9706105
2017-08-03,3124.8499943136567,184ff116-78b4-442d-b468-ecc5849a9171,37.7910725,-107.9706105
2017-08-04,831.4464733310584,184ff116-78b4-442d-b468-ecc5849a9171,37.7910725,-107.9706105
2017-08-05,1712.8397407028308,184ff116-78b4-442d-b468-ecc5849a9171,37.7910725,-107.9706105
2017-08-06,5460.995632889797,184ff116-78b4-442d-b468-ecc5849a9171,37.7910725,-107.9706105
2017-08-07,-834.5750119413167,184ff116-78b4-442d-b468-ecc5849a9171,37.7910725,-107.9706105
2017-08-08,-806.8179551916293,184ff116-78b4-442d-b468-ecc5849a9171,37.7910725,-107.9706105
2017-08-09,5217.489425679516,184ff116-78b4-442d-b468-ecc5849a9171,37.7910725,-107.9706105
2017-08-10,-231.8540611850334,184ff116-78b4-442d-b468-ecc5849a9171,37.7910725,-107.9706105
2017-08-11,552.640118275901,184ff116-78b4-442d-b468-ecc5849a9171,37.7910725,-107.9706105
2017-08-12,-1059.034991470488,184ff116-78b4-442d-b468-ecc5849a9171,37.7910725,-107.9706105
2017-08-13,3082.7090867735697,184ff116-78b4-442d-b468-ecc5849a9171,37.7910725,-107.9706105
2017-08-14,-2200.3829637211406,184ff116-78b4-442d-b468-ecc5849a9171,37.7910725,-107.9706105
2017-08-15,3842.578432844306,184ff116-78b4-442d-b468-ecc5849a9171,37.7910725,-107.9706105
2017-08-16,-871.9924485386101,184ff116-78b4-442d-b468-ecc5849a9171,37.7910725,-107.9706105
2017-08-17,-3167.2988149664484,184ff116-78b4-442d-b468-ecc5849a9171,37.7910725,-107.9706105
2017-08-18,-939.0948618219027,184ff116-78b4-442d-b468-ecc5849a9171,37.7910725,-107.9706105
2017-08-19,-404.42008415785244,184ff116-78b4-442d-b468-ecc5849a9171,37.7910725,-107.9706105
2017-08-20,919.0945570340043,184ff116-78b4-442d-b468-ecc5849a9171,37.7910725,-107.9706105
2017-08-21,-3146.6017559422253,184ff116-78b4-442d-b468-ecc5849a9171,37.7910725,-107.9706105
2017-08-22,5384.857623109287,184ff116-78b4-442d-b468-ecc5849a9171,37.7910725,-107.9706105
2017-08-23,231.6549346070736,184ff116-78b4-442d-b468-ecc5849a9171,37.7910725,-107.9706105
2017-08-24,3270.630619811211,184ff116-78b4-442d-b468-ecc5849a9171,37.7910725,-107.9706105
2017-08-25,-1369.4148072330256,184ff116-78b4-442d-b468-ecc5849a9171,37.7910725,-107.9706105
2017-08-26,-32.90624815193902,184ff116-78b4-442d-b468-ecc5849a9171,37.7910725,-107.9706105
2017-08-27,3073.027076083247,184ff116-78b4-442d-b468-ecc5849a9171,37.7910725,-107.9706105
2017-08-28,-3127.4183782554296,184ff116-78b4-442d-b468-ecc5849a9171,37.7910725,-107.9706105
2017-08-29,-819.9603502786304,184ff116-78b4-442d-b468-ecc5849a9171,37.7910725,-107.9706105
2017-08-30,-1075.4216217445692,184ff116-78b4-442d-b468-ecc5849a9171,37.7910725,-107.9706105
2017-08-31,2820.034541112248,184ff116-78b4-442d-b468-ecc5849a9171,37.7910725,-107.9706105
2017-09-01,358.6061003070622,184ff116-78b4-442d-b468-ecc5849a9171,37.7910725,-107.9706105
2017-09-02,-2617.2229091322624,184ff116-78b4-442d-b468-ecc5849a9171,37.7910725,-107.9706105
2017-09-03,-1205.449084499033,184ff116-78b4-442d-b468-ecc5849a9171,37.7910725,-107.9706105
2017-09-04,-436.57741840100044,184ff116-78b4-442d-b468-ecc5849a9171,37.7910725,-107.9706105
2017-09-05,4834.728097350163,184ff116-78b4-442d-b468-ecc5849a9171,37.7910725,-107.9706105
2017-09-06,-902.8173183213918,184ff116-78b4-442d-b468-ecc5849a9171,37.7910725,-107.9706105
2017-09-07,-1450.3235118844532,184ff116-78b4-442d-b468-ecc5849a9171,37.7910725,-107.9706105
2017-09-08,2770.7503104742386,184ff116-78b4-442d-b468-ecc5849a9171,37.7910725,-107.9706105
2017-09-09,-2777.472280222904,184ff116-78b4-442d-b468-ecc5849a9171,37.7910725,-107.9706105
2017-09-10,-195.82669851017863,184ff116-78b4-442d-b468-ecc5849a9171,37.7910725,-107.9706105
2017-09-11,1328.5063937222778,184ff116-78b4-442d-b468-ecc5849a9171,37.7910725,-107.9706105
2017-09-12,2215.6451768452175,184ff116-78b4-442d-b468-ecc5849a9171,37.7910725,-107.9706105
2017-09-13,1111.0653747298988,184ff116-78b4-442d-b468-ecc5849a9171,37.7910725,-107.9706105
2017-09-14,2365.6865051745694,184ff116-78b4-442d-b468-ecc5849a9171,37.7910725,-107.9706105
2017-09-15,-2147.2853406118484,184ff116-78b4-442d-b468-ecc5849a9171,37.7910725,-107.9706105
2017-09-16,-266.8426111679744,184ff116-78b4-442d-b468-ecc5849a9171,37.7910725,-107.9706105
2017-09-17,-1056.4092664619577,184ff116-78b4-442d-b468-ecc5849a9171,37.7910725,-107.9706105
2017-09-18,-3192.999335835323,184ff116-78b4-442d-b468-ecc5849a9171,37.7910725,-107.9706105
2017-09-19,-1706.3710860912076,184ff116-78b4-442d-b468-ecc5849a9171,37.7910725,-107.9706105
2017-09-20,-3970.8774388718266,184ff116-78b4-442d-b468-ecc5849a9171,37.7910725,-107.9706105
2017-09-21,-2824.130781303309,184ff116-78b4-442d-b468-ecc5849a9171,37.7910725,-107.9706105
2017-09-22,-778.3275287160242,184ff116-78b4-442d-b468-ecc5849a9171,37.7910725,-107.9706105
2017-09-23,3293.4777618560215,184ff116-78b4-442d-b468-ecc5849a9171,37.7910725,-107.9706105
2017-09-24,-1213.8078517002152,184ff116-78b4-442d-b468-ecc5849a9171,37.7910725,-107.9706105
2017-09-25,-3134.6501808256553,184ff116-78b4-442d-b468-ecc5849a9171,37.7910725,-107.9706105
2017-09-26,-2625.9985033549387,184ff116-78b4-442d-b468-ecc5849a9171,37.7910725,-107.9706105
2017-09-27,4053.7131036051364,184ff116-78b4-442d-b468-ecc5849a9171,37.7910725,-107.9706105
2017-09-28,3460.328807005571,184ff116-78b4-442d-b468-ecc5849a9171,37.7910725,-107.9706105
2017-09-29,340.74425110883647,184ff116-78b4-442d-b468-ecc5849a9171,37.7910725,-107.9706105
2017-09-30,3068.246182190377,184ff116-78b4-442d-b468-ecc5849a9171,37.7910725,-107.9706105
2017-10-01,1780.291472762424,184ff116-78b4-442d-b468-ecc5849a9171,37.7910725,-107.9706105
2017-10-02,1827.1376003639266,184ff116-78b4-442d-b468-ecc5849a9171,37.7910725,-107.9706105
2017-10-03,-2324.1722824974413,184ff116-78b4-442d-b468-ecc5849a9171,37.7910725,-107.9706105
2017-10-04,-3342.794932332536,184ff116-78b4-442d-b468-ecc5849a9171,37.7910725,-107.9706105
2017-10-05,-1846.4734948254288,184ff116-78b4-442d-b468-ecc5849a9171,37.7910725,-107.9706105
2017-10-06,-1889.15339474582,184ff116-78b4-442d-b468-ecc5849a9171,37.7910725,-107.9706105
2017-10-07,-2797.7144137381997,184ff116-78b4-442d-b468-ecc5849a9171,37.7910725,-107.9706105
2017-10-08,-3545.0626270897287,184ff116-78b4-442d-b468-ecc5849a9171,37.7910725,-107.9706105
2017-10-09,-417.17706812236986,184ff116-78b4-442d-b468-ecc5849a9171,37.7910725,-107.9706105
2017-10-10,-3283.1589628113243,184ff116-78b4-442d-b468-ecc5849a9171,37.7910725,-107.9706105
2017-10-11,-3990.2898896849756,184ff116-78b4-442d-b468-ecc5849a9171,37.7910725,-107.9706105
2017-10-12,-2698.9226930512887,184ff116-78b4-442d-b468-ecc5849a9171,37.7910725,-107.9706105
2017-10-13,-4229.857309223244,184ff116-78b4-442d-b468-ecc5849a9171,37.7910725,-107.9706105
2017-10-14,-2219.4297372910264,184ff116-78b4-442d-b468-ecc5849a9171,37.7910725,-107.9706105
2017-10-15,-4050.6840896167364,184ff116-78b4-442d-b468-ecc5849a9171,37.7910725,-107.9706105
2017-10-16,-3271.4265438416905,184ff116-78b4-442d-b468-ecc5849a9171,37.7910725,-107.9706105
2017-10-17,-3506.8551984533137,184ff116-78b4-442d-b468-ecc5849a9171,37.7910725,-107.9706105
2017-10-18,-2052.888665984306,184ff116-78b4-442d-b468-ecc5849a9171,37.7910725,-107.9706105
2017-10-19,-1962.7559968156486,184ff116-78b4-442d-b468-ecc5849a9171,37.7910725,-107.9706105
2017-10-20,-2487.0531923120657,184ff116-78b4-442d-b468-ecc5849a9171,37.7910725,-107.9706105
2017-10-21,3415.379292619128,184ff116-78b4-442d-b468-ecc5849a9171,37.7910725,-107.9706105
2017-10-22,-3264.5298987831225,184ff116-78b4-442d-b468-ecc5849a9171,37.7910725,-107.9706105
2017-10-23,-2540.5680336631413,184ff116-78b4-442d-b468-ecc5849a9171,37.7910725,-107.9706105
2017-10-24,-3507.1025270101204,184ff116-78b4-442d-b468-ecc5849a9171,37.7910725,-107.9706105
2017-10-25,-3421.91735243944,184ff116-78b4-442d-b468-ecc5849a9171,37.7910725,-107.9706105
2017-10-26,-2317.998143978163,184ff116-78b4-442d-b468-ecc5849a9171,37.7910725,-107.9706105
2017-10-27,-3776.835077902877,184ff116-78b4-442d-b468-ecc5849a9171,37.7910725,-107.9706105
2017-10-28,-2127.4898623905365,184ff116-78b4-442d-b468-ecc5849a9171,37.7910725,-107.9706105
2017-10-29,-4057.0623677925605,184ff116-78b4-442d-b468-ecc5849a9171,37.7910725,-107.9706105
2017-10-30,-1320.5287751620604,184ff116-78b4-442d-b468-ecc5849a9171,37.7910725,-107.9706105
2017-10-31,2383.3139815762524,184ff116-78b4-442d-b468-ecc5849a9171,37.7910725,-107.9706105
2017-11-01,5701.7672239281255,184ff116-78b4-442d-b468-ecc5849a9171,37.7910725,-107.9706105
2017-11-02,4445.485891049697,184ff116-78b4-442d-b468-ecc5849a9171,37.7910725,-107.9706105
2017-11-03,2474.4658114409176,184ff116-78b4-442d-b468-ecc5849a9171,37.7910725,-107.9706105
2017-11-04,1381.6629273285562,184ff116-78b4-442d-b468-ecc5849a9171,37.7910725,-107.9706105
2017-11-05,543.8838212214259,184ff116-78b4-442d-b468-ecc5849a9171,37.7910725,-107.9706105
2017-11-06,-582.6311747981347,184ff116-78b4-442d-b468-ecc5849a9171,37.7910725,-107.9706105
2017-11-07,104.28326168543158,184ff116-78b4-442d-b468-ecc5849a9171,37.7910725,-107.9706105
2017-11-08,1268.7432184692361,184ff116-78b4-442d-b468-ecc5849a9171,37.7910725,-107.9706105
2017-11-09,-1280.021612646422,184ff116-78b4-442d-b468-ecc5849a9171,37.7910725,-107.9706105
2017-11-10,-1732.1834732173309,184ff116-78b4-442d-b468-ecc5849a9171,37.7910725,-107.9706105
2017-11-11,-2239.466243602866,184ff116-78b4-442d-b468-ecc5849a9171,37.7910725,-107.9706105
2017-11-12,1046.4246286819061,184ff116-78b4-442d-b468-ecc5849a9171,37.7910725,-107.9706105
2017-11-13,-1050.1471852610025,184ff116-78b4-442d-b468-ecc5849a9171,37.7910725,-107.9706105
2017-11-14,-381.32197884680977,184ff116-78b4-442d-b468-ecc5849a9171,37.7910725,-107.9706105
2017-11-15,-708.3054065734104,184ff116-78b4-442d-b468-ecc5849a9171,37.7910725,-107.9706105
2017-11-16,-410.5038325941087,184ff116-78b4-442d-b468-ecc5849a9171,37.7910725,-107.9706105
2017-11-17,3617.967583304899,184ff116-78b4-442d-b468-ecc5849a9171,37.7910725,-107.9706105
2017-11-18,3292.9925986580242,184ff116-78b4-442d-b468-ecc5849a9171,37.7910725,-107.9706105
2017-11-19,1427.6719435914933,184ff116-78b4-442d-b468-ecc5849a9171,37.7910725,-107.9706105
2017-11-20,933.8635641987933,184ff116-78b4-442d-b468-ecc5849a9171,37.7910725,-107.9706105
2017-11-21,-80.65570340043215,184ff116-78b4-442d-b468-ecc5849a9171,37.7910725,-107.9706105
2017-11-22,-627.2709655407708,184ff116-78b4-442d-b468-ecc5849a9171,37.7910725,-107.9706105
2017-11-23,-229.37938814966446,184ff116-78b4-442d-b468-ecc5849a9171,37.7910725,-107.9706105
2017-11-24,-1667.7749346070734,184ff116-78b4-442d-b468-ecc5849a9171,37.7910725,-107.9706105
2017-11-25,-2036.1187353576713,184ff116-78b4-442d-b468-ecc5849a9171,37.7910725,-107.9706105
2017-11-26,-2236.103646082111,184ff116-78b4-442d-b468-ecc5849a9171,37.7910725,-107.9706105
2017-11-27,-2460.4228454452405,184ff116-78b4-442d-b468-ecc5849a9171,37.7910725,-107.9706105
2017-11-28,-2559.3109336972575,184ff116-78b4-442d-b468-ecc5849a9171,37.7910725,-107.9706105
2017-11-29,800.4829205049471,184ff116-78b4-442d-b468-ecc5849a9171,37.7910725,-107.9706105
2017-11-30,239.9947367223927,184ff116-78b4-442d-b468-ecc5849a9171,37.7910725,-107.9706105
2017-12-01,-888.0839440464003,184ff116-78b4-442d-b468-ecc5849a9171,37.7910725,-107.9706105
2017-12-02,-2443.706084385306,184ff116-78b4-442d-b468-ecc5849a9171,37.7910725,-107.9706105
2017-12-03,1037.3404662799949,184ff116-78b4-442d-b468-ecc5849a9171,37.7910725,-107.9706105
2017-12-04,-2287.7655771636523,184ff116-78b4-442d-b468-ecc5849a9171,37.7910725,-107.9706105
2017-12-05,-2484.702390537928,184ff116-78b4-442d-b468-ecc5849a9171,37.7910725,-107.9706105
2017-12-06,-2314.2284226088923,184ff116-78b4-442d-b468-ecc5849a9171,37.7910725,-107.9706105
2017-12-07,-1215.639508700102,184ff116-78b4-442d-b468-ecc5849a9171,37.7910725,-107.9706105
2017-12-08,-759.6063050153532,184ff116-78b4-442d-b468-ecc5849a9171,37.7910725,-107.9706105
2017-12-09,-2662.9891231661536,184ff116-78b4-442d-b468-ecc5849a9171,37.7910725,-107.9706105
2017-12-10,-1710.9389514386435,184ff116-78b4-442d-b468-ecc5849a9171,37.7910725,-107.9706105
2017-12-11,-2807.921032639599,184ff116-78b4-442d-b468-ecc5849a9171,37.7910725,-107.9706105
2017-12-12,-2431.3813715455467,184ff116-78b4-442d-b468-ecc5849a9171,37.7910725,-107.9706105
2017-12-13,-824.5504742408732,184ff116-78b4-442d-b468-ecc5849a9171,37.7910725,-107.9706105
2017-12-14,-2681.978814966451,184ff116-78b4-442d-b468-ecc5849a9171,37.7910725,-107.9706105
2017-12-15,-2202.7459706584787,184ff116-78b4-442d-b468-ecc5849a9171,37.7910725,-107.9706105
2017-12-16,2234.852509951096,184ff116-78b4-442d-b468-ecc5849a9171,37.7910725,-107.9706105
2017-12-17,-1188.1281018992374,184ff116-78b4-442d-b468-ecc5849a9171,37.7910725,-107.9706105
2017-12-18,-2585.73194586603,184ff116-78b4-442d-b468-ecc5849a9171,37.7910725,-107.9706105
2017-12-19,-1521.6224724212439,184ff116-78b4-442d-b468-ecc5849a9171,37.7910725,-107.9706105
2017-12-20,2702.8011418173546,184ff116-78b4-442d-b468-ecc5849a9171,37.7910725,-107.9706105
2017-12-21,2884.8043352666873,184ff116-78b4-442d-b468-ecc5849a9171,37.7910725,-107.9706105
2017-12-22,4592.296849766858,184ff116-78b4-442d-b468-ecc5849a9171,37.7910725,-107.9706105
2017-12-23,3373.521023541452,184ff116-78b4-442d-b468-ecc5849a9171,37.7910725,-107.9706105
2017-12-24,2185.891504605935,184ff116-78b4-442d-b468-ecc5849a9171,37.7910725,-107.9706105
2017-12-25,1426.7175935403166,184ff116-78b4-442d-b468-ecc5849a9171,37.7910725,-107.9706105
2017-12-26,2432.033321960649,184ff116-78b4-442d-b468-ecc5849a9171,37.7910725,-107.9706105
2017-12-27,4214.085968383938,184ff116-78b4-442d-b468-ecc5849a9171,37.7910725,-107.9706105
2017-12-28,3727.4190560673237,184ff116-78b4-442d-b468-ecc5849a9171,37.7910725,-107.9706105
2017-12-29,2054.7075082451956,184ff116-78b4-442d-b468-ecc5849a9171,37.7910725,-107.9706105
2017-12-30,1957.0378573865562,184ff116-78b4-442d-b468-ecc5849a9171,37.7910725,-107.9706105
2017-12-31,1640.0923006937328,184ff116-78b4-442d-b468-ecc5849a9171,37.7910725,-107.9706105
2018-01-01,883.9410849539397,184ff116-78b4-442d-b468-ecc5849a9171,37.7910725,-107.9706105
2018-01-02,617.3951552371205,184ff116-78b4-442d-b468-ecc5849a9171,37.7910725,-107.9706105
2018-01-03,852.7273103605132,184ff116-78b4-442d-b468-ecc5849a9171,37.7910725,-107.9706105
2018-01-04,729.2360696008192,184ff116-78b4-442d-b468-ecc5849a9171,37.7910725,-107.9706105
2018-01-05,2100.6638507904017,184ff116-78b4-442d-b468-ecc5849a9171,37.7910725,-107.9706105
2018-01-06,1286.832020925736,184ff116-78b4-442d-b468-ecc5849a9171,37.7910725,-107.9706105
2018-01-07,4869.336886159444,184ff116-78b4-442d-b468-ecc5849a9171,37.7910725,-107.9706105
2018-01-08,5722.968647788009,184ff116-78b4-442d-b468-ecc5849a9171,37.7910725,-107.9706105
2018-01-09,899.0503263959965,184ff116-78b4-442d-b468-ecc5849a9171,37.7910725,-107.9706105
2018-01-10,2699.7495917206875,184ff116-78b4-442d-b468-ecc5849a9171,37.7910725,-107.9706105
2018-01-11,5262.320077334242,184ff116-78b4-442d-b468-ecc5849a9171,37.7910725,-107.9706105
2018-01-12,2562.602006141248,184ff116-78b4-442d-b468-ecc5849a9171,37.7910725,-107.9706105
2018-01-13,4812.773501649037,184ff116-78b4-442d-b468-ecc5849a9171,37.7910725,-107.9706105
2018-01-14,4950.51984078244,184ff116-78b4-442d-b468-ecc5849a9171,37.7910725,-107.9706105
2018-01-15,6193.303450471964,184ff116-78b4-442d-b468-ecc5849a9171,37.7910725,-107.9706105
2018-01-16,5144.140047765267,184ff116-78b4-442d-b468-ecc5849a9171,37.7910725,-107.9706105
2018-01-17,6552.679840782438,184ff116-78b4-442d-b468-ecc5849a9171,37.7910725,-107.9706105
2018-01-18,4077.5728784260223,184ff116-78b4-442d-b468-ecc5849a9171,37.7910725,-107.9706105
2018-01-19,5055.002529284658,184ff116-78b4-442d-b468-ecc5849a9171,37.7910725,-107.9706105
2018-01-20,2120.200359376776,184ff116-78b4-442d-b468-ecc5849a9171,37.7910725,-107.9706105
2018-01-21,4377.350710792673,184ff116-78b4-442d-b468-ecc5849a9171,37.7910725,-107.9706105
2018-01-22,5933.71464574093,184ff116-78b4-442d-b468-ecc5849a9171,37.7910725,-107.9706105
2018-01-23,5935.320791538725,184ff116-78b4-442d-b468-ecc5849a9171,37.7910725,-107.9706105
2018-01-24,6685.466803138861,184ff116-78b4-442d-b468-ecc5849a9171,37.7910725,-107.9706105
2018-01-25,5016.439135676104,184ff116-78b4-442d-b468-ecc5849a9171,37.7910725,-107.9706105
2018-01-26,5158.617040827931,184ff116-78b4-442d-b468-ecc5849a9171,37.7910725,-107.9706105
2018-01-27,4192.930385533944,184ff116-78b4-442d-b468-ecc5849a9171,37.7910725,-107.9706105
2018-01-28,5111.649098146252,184ff116-78b4-442d-b468-ecc5849a9171,37.7910725,-107.9706105
2018-01-29,5235.851345388375,184ff116-78b4-442d-b468-ecc5849a9171,37.7910725,-107.9706105
2018-01-30,4783.746589332421,184ff116-78b4-442d-b468-ecc5849a9171,37.7910725,-107.9706105
2018-01-31,4859.362347321732,184ff116-78b4-442d-b468-ecc5849a9171,37.7910725,-107.9706105
2018-02-01,2558.073381098601,184ff116-78b4-442d-b468-ecc5849a9171,37.7910725,-107.9706105
2018-02-02,5972.217277379733,184ff116-78b4-442d-b468-ecc5849a9171,37.7910725,-107.9706105
2018-02-03,4019.8132241555772,184ff116-78b4-442d-b468-ecc5849a9171,37.7910725,-107.9706105
2018-02-04,2815.4361742295,184ff116-78b4-442d-b468-ecc5849a9171,37.7910725,-107.9706105
2018-02-05,3733.0324712839747,184ff116-78b4-442d-b468-ecc5849a9171,37.7910725,-107.9706105
2018-02-06,2545.0490481064485,184ff116-78b4-442d-b468-ecc5849a9171,37.7910725,-107.9706105
2018-02-07,6054.4855225747715,184ff116-78b4-442d-b468-ecc5849a9171,37.7910725,-107.9706105
2018-02-08,3195.130512907993,184ff116-78b4-442d-b468-ecc5849a9171,37.7910725,-107.9706105
2018-02-09,4692.7839690663,184ff116-78b4-442d-b468-ecc5849a9171,37.7910725,-107.9706105
2018-02-10,2517.6162947799385,184ff116-78b4-442d-b468-ecc5849a9171,37.7910725,-107.9706105
2018-02-11,6353.009466621173,184ff116-78b4-442d-b468-ecc5849a9171,37.7910725,-107.9706105
2018-02-12,2369.778633003525,184ff116-78b4-442d-b468-ecc5849a9171,37.7910725,-107.9706105
2018-02-13,3343.2210394632084,184ff116-78b4-442d-b468-ecc5849a9171,37.7910725,-107.9706105
2018-02-14,3979.731245308766,184ff116-78b4-442d-b468-ecc5849a9171,37.7910725,-107.9706105
2018-02-15,1787.918671670647,184ff116-78b4-442d-b468-ecc5849a9171,37.7910725,-107.9706105
2018-02-16,4867.997816444898,184ff116-78b4-442d-b468-ecc5849a9171,37.7910725,-107.9706105
2018-02-17,6456.629168656883,184ff116-78b4-442d-b468-ecc5849a9171,37.7910725,-107.9706105
2018-02-18,7480.257031729777,184ff116-78b4-442d-b468-ecc5849a9171,37.7910725,-107.9706105
2018-02-19,3347.713836005913,184ff116-78b4-442d-b468-ecc5849a9171,37.7910725,-107.9706105
2018-02-20,4523.784050949618,184ff116-78b4-442d-b468-ecc5849a9171,37.7910725,-107.9706105
2018-02-21,4184.840277493461,184ff116-78b4-442d-b468-ecc5849a9171,37.7910725,-107.9706105
2018-02-22,4290.94338678494,184ff116-78b4-442d-b468-ecc5849a9171,37.7910725,-107.9706105
2018-02-23,3435.6513362902283,184ff116-78b4-442d-b468-ecc5849a9171,37.7910725,-107.9706105
2018-02-24,5666.638598885478,184ff116-78b4-442d-b468-ecc5849a9171,37.7910725,-107.9706105
2018-02-25,5660.701344251105,184ff116-78b4-442d-b468-ecc5849a9171,37.7910725,-107.9706105
2018-02-26,5436.890253610823,184ff116-78b4-442d-b468-ecc5849a9171,37.7910725,-107.9706105
2018-02-27,6382.992730581143,184ff116-78b4-442d-b468-ecc5849a9171,37.7910725,-107.9706105
2018-02-28,2869.5535630615245,184ff116-78b4-442d-b468-ecc5849a9171,37.7910725,-107.9706105
2018-03-01,5208.892832935289,184ff116-78b4-442d-b468-ecc5849a9171,37.7910725,-107.9706105
2018-03-02,6298.672530421923,184ff116-78b4-442d-b468-ecc5849a9171,37.7910725,-107.9706105
2018-03-03,5936.238562492892,184ff116-78b4-442d-b468-ecc5849a9171,37.7910725,-107.9706105
2018-03-04,7203.832403047881,184ff116-78b4-442d-b468-ecc5849a9171,37.7910725,-107.9706105
2018-03-05,5216.828313431139,184ff116-78b4-442d-b468-ecc5849a9171,37.7910725,-107.9706105
2018-03-06,6477.530208120091,184ff116-78b4-442d-b468-ecc5849a9171,37.7910725,-107.9706105
2018-03-07,4349.887751620607,184ff116-78b4-442d-b468-ecc5849a9171,37.7910725,-107.9706105
2018-03-08,5296.604530876831,184ff116-78b4-442d-b468-ecc5849a9171,37.7910725,-107.9706105
2018-03-09,3439.9712180143283,184ff116-78b4-442d-b468-ecc5849a9171,37.7910725,-107.9706105
2018-03-10,3845.319021949278,184ff116-78b4-442d-b468-ecc5849a9171,37.7910725,-107.9706105
2018-03-11,4178.923743887182,184ff116-78b4-442d-b468-ecc5849a9171,37.7910725,-107.9706105
2018-03-12,1284.5083179802114,184ff116-78b4-442d-b468-ecc5849a9171,37.7910725,-107.9706105
2018-03-13,7090.021125895596,184ff116-78b4-442d-b468-ecc5849a9171,37.7910725,-107.9706105
2018-03-14,2742.0052086887267,184ff116-78b4-442d-b468-ecc5849a9171,37.7910725,-107.9706105
2018-03-15,4022.5697213692706,184ff116-78b4-442d-b468-ecc5849a9171,37.7910725,-107.9706105
2018-03-16,5641.452241555782,184ff116-78b4-442d-b468-ecc5849a9171,37.7910725,-107.9706105
2018-03-17,5140.244972136927,184ff116-78b4-442d-b468-ecc5849a9171,37.7910725,-107.9706105
2018-03-18,4045.1633435687445,184ff116-78b4-442d-b468-ecc5849a9171,37.7910725,-107.9706105
2018-03-19,5761.23731149778,184ff116-78b4-442d-b468-ecc5849a9171,37.7910725,-107.9706105
2018-03-20,3784.095903559648,184ff116-78b4-442d-b468-ecc5849a9171,37.7910725,-107.9706105
2018-03-21,1257.9368133742755,184ff116-78b4-442d-b468-ecc5849a9171,37.7910725,-107.9706105
2018-03-22,1401.914072557717,184ff116-78b4-442d-b468-ecc5849a9171,37.7910725,-107.9706105
2018-03-23,5461.732191515977,184ff116-78b4-442d-b468-ecc5849a9171,37.7910725,-107.9706105
2018-03-24,5521.41952917093,184ff116-78b4-442d-b468-ecc5849a9171,37.7910725,-107.9706105
2018-03-25,4716.81666325486,184ff116-78b4-442d-b468-ecc5849a9171,37.7910725,-107.9706105
2018-03-26,4190.783227567382,184ff116-78b4-442d-b468-ecc5849a9171,37.7910725,-107.9706105
2018-03-27,3601.534438758102,184ff116-78b4-442d-b468-ecc5849a9171,37.7910725,-107.9706105
2018-03-28,966.423304901626,184ff116-78b4-442d-b468-ecc5849a9171,37.7910725,-107.9706105
2018-03-29,5703.7749073126315,184ff116-78b4-442d-b468-ecc5849a9171,37.7910725,-107.9706105
2018-03-30,4777.7963152507655,184ff116-78b4-442d-b468-ecc5849a9171,37.7910725,-107.9706105
2018-03-31,5654.618687592402,184ff116-78b4-442d-b468-ecc5849a9171,37.7910725,-107.9706105
2018-04-01,3482.0892846582506,184ff116-78b4-442d-b468-ecc5849a9171,37.7910725,-107.9706105
2018-04-02,5002.571313544863,184ff116-78b4-442d-b468-ecc5849a9171,37.7910725,-107.9706105
2018-04-03,4698.033203684747,184ff116-78b4-442d-b468-ecc5849a9171,37.7910725,-107.9706105
2018-04-04,3511.7541953826894,184ff116-78b4-442d-b468-ecc5849a9171,37.7910725,-107.9706105
2018-04-05,3388.12097805072,184ff116-78b4-442d-b468-ecc5849a9171,37.7910725,-107.9706105
2018-04-06,2111.0757056749685,184ff116-78b4-442d-b468-ecc5849a9171,37.7910725,-107.9706105
2018-04-07,3590.488593199134,184ff116-78b4-442d-b468-ecc5849a9171,37.7910725,-107.9706105
2018-04-08,3641.244767428636,184ff116-78b4-442d-b468-ecc5849a9171,37.7910725,-107.9706105
2018-04-09,3708.9791834413745,184ff116-78b4-442d-b468-ecc5849a9171,37.7910725,-107.9706105
2018-04-10,3200.238789946546,184ff116-78b4-442d-b468-ecc5849a9171,37.7910725,-107.9706105
2018-04-11,-22.608797907426364,184ff116-78b4-442d-b468-ecc5849a9171,37.7910725,-107.9706105
2018-04-12,2453.0150210394627,184ff116-78b4-442d-b468-ecc5849a9171,37.7910725,-107.9706105
2018-04-13,3391.153858751277,184ff116-78b4-442d-b468-ecc5849a9171,37.7910725,-107.9706105
2018-04-14,3721.142254065733,184ff116-78b4-442d-b468-ecc5849a9171,37.7910725,-107.9706105
2018-04-15,3234.8071192994425,184ff116-78b4-442d-b468-ecc5849a9171,37.7910725,-107.9706105
2018-04-16,2683.0599249402912,184ff116-78b4-442d-b468-ecc5849a9171,37.7910725,-107.9706105
2018-04-17,2959.2708836574543,184ff116-78b4-442d-b468-ecc5849a9171,37.7910725,-107.9706105
2018-04-18,782.534425110883,184ff116-78b4-442d-b468-ecc5849a9171,37.7910725,-107.9706105
2018-04-19,2069.6972500852935,184ff116-78b4-442d-b468-ecc5849a9171,37.7910725,-107.9706105
2018-04-20,4254.713008074604,184ff116-78b4-442d-b468-ecc5849a9171,37.7910725,-107.9706105
2018-04-21,7009.42163994086,184ff116-78b4-442d-b468-ecc5849a9171,37.7910725,-107.9706105
2018-04-22,1472.3824405777323,184ff116-78b4-442d-b468-ecc5849a9171,37.7910725,-107.9706105
2018-04-23,339.00959399522344,184ff116-78b4-442d-b468-ecc5849a9171,37.7910725,-107.9706105
2018-04-24,1347.220766518822,184ff116-78b4-442d-b468-ecc5849a9171,37.7910725,-107.9706105
2018-04-25,-698.6917684521775,184ff116-78b4-442d-b468-ecc5849a9171,37.7910725,-107.9706105
2018-04-26,-266.90269077675407,184ff116-78b4-442d-b468-ecc5849a9171,37.7910725,-107.9706105
2018-04-27,-1406.746712157398,184ff116-78b4-442d-b468-ecc5849a9171,37.7910725,-107.9706105
2018-04-28,4648.320113726825,184ff116-78b4-442d-b468-ecc5849a9171,37.7910725,-107.9706105
2018-04-29,887.1016126464228,184ff116-78b4-442d-b468-ecc5849a9171,37.7910725,-107.9706105
2018-04-30,-1541.6844035027857,184ff116-78b4-442d-b468-ecc5849a9171,37.7910725,-107.9706105
2018-05-01,3315.4357056749695,184ff116-78b4-442d-b468-ecc5849a9171,37.7910725,-107.9706105
2018-05-02,3916.4184646878157,184ff116-78b4-442d-b468-ecc5849a9171,37.7910725,-107.9706105
2018-05-03,1514.621949277834,184ff116-78b4-442d-b468-ecc5849a9171,37.7910725,-107.9706105
2018-05-04,293.8225224610486,184ff116-78b4-442d-b468-ecc5849a9171,37.7910725,-107.9706105
2018-05-05,-1276.9888320254745,184ff116-78b4-442d-b468-ecc5849a9171,37.7910725,-107.9706105
2018-05-06,-1176.7756806550663,184ff116-78b4-442d-b468-ecc5849a9171,37.7910725,-107.9706105
2018-05-07,861.7226566587053,184ff116-78b4-442d-b468-ecc5849a9171,37.7910725,-107.9706105
2018-05-08,-2120.0919549641762,184ff116-78b4-442d-b468-ecc5849a9171,37.7910725,-107.9706105
2018-05-09,3381.2826111679724,184ff116-78b4-442d-b468-ecc5849a9171,37.7910725,-107.9706105
2018-05-10,-1755.880086432389,184ff116-78b4-442d-b468-ecc5849a9171,37.7910725,-107.9706105
2018-05-11,-1380.6197338792215,184ff116-78b4-442d-b468-ecc5849a9171,37.7910725,-107.9706105
2018-05-12,309.6737450244511,184ff116-78b4-442d-b468-ecc5849a9171,37.7910725,-107.9706105
2018-05-13,-2464.365904696917,184ff116-78b4-442d-b468-ecc5849a9171,37.7910725,-107.9706105
2018-05-14,-3570.0753781417034,184ff116-78b4-442d-b468-ecc5849a9171,37.7910725,-107.9706105
2018-05-15,-1957.6327806209479,184ff116-78b4-442d-b468-ecc5849a9171,37.7910725,-107.9706105
2018-05-16,-3984.747699306264,184ff116-78b4-442d-b468-ecc5849a9171,37.7910725,-107.9706105
2018-05-17,-1818.9366950983726,184ff116-78b4-442d-b468-ecc5849a9171,37.7910725,-107.9706105
2018-05-18,-80.5964699192539,184ff116-78b4-442d-b468-ecc5849a9171,37.7910725,-107.9706105
2018-05-19,12.653160468554534,184ff116-78b4-442d-b468-ecc5849a9171,37.7910725,-107.9706105
2018-05-20,-899.5235300807457,184ff116-78b4-442d-b468-ecc5849a9171,37.7910725,-107.9706105
2018-05-21,-795.6778573865575,184ff116-78b4-442d-b468-ecc5849a9171,37.7910725,-107.9706105
2018-05-22,1535.7517115887636,184ff116-78b4-442d-b468-ecc5849a9171,37.7910725,-107.9706105
2018-05-23,-3199.7426680313874,184ff116-78b4-442d-b468-ecc5849a9171,37.7910725,-107.9706105
2018-05-24,-2811.7040827931287,184ff116-78b4-442d-b468-ecc5849a9171,37.7910725,-107.9706105
2018-05-25,-4222.009921528487,184ff116-78b4-442d-b468-ecc5849a9171,37.7910725,-107.9706105
2018-05-26,1810.1835551006475,184ff116-78b4-442d-b468-ecc5849a9171,37.7910725,-107.9706105
2018-05-27,-3985.681933356078,184ff116-78b4-442d-b468-ecc5849a9171,37.7910725,-107.9706105
2018-05-28,2510.3909928352095,184ff116-78b4-442d-b468-ecc5849a9171,37.7910725,-107.9706105
2018-05-29,-2729.7002843170703,184ff116-78b4-442d-b468-ecc5849a9171,37.7910725,-107.9706105
2018-05-30,3806.8769293756377,184ff116-78b4-442d-b468-ecc5849a9171,37.7910725,-107.9706105
2018-05-31,-2930.2933151370403,184ff116-78b4-442d-b468-ecc5849a9171,37.7910725,-107.9706105
2018-06-01,-4130.274764016833,184ff116-78b4-442d-b468-ecc5849a9171,37.7910725,-107.9706105
2018-06-02,512.7820311611509,184ff116-78b4-442d-b468-ecc5849a9171,37.7910725,-107.9706105
2018-06-03,4095.4514818605708,184ff116-78b4-442d-b468-ecc5849a9171,37.7910725,-107.9706105
2018-06-04,-2227.7370954168086,184ff116-78b4-442d-b468-ecc5849a9171,37.7910725,-107.9706105
2018-06-05,-2674.9919253952003,184ff116-78b4-442d-b468-ecc5849a9171,37.7910725,-107.9706105
2018-06-06,-2386.3222290458325,184ff116-78b4-442d-b468-ecc5849a9171,37.7910725,-107.9706105
2018-06-07,-2723.0557670874555,184ff116-78b4-442d-b468-ecc5849a9171,37.7910725,-107.9706105
2018-06-08,-3545.5431502331367,184ff116-78b4-442d-b468-ecc5849a9171,37.7910725,-107.9706105
2018-06-09,-1927.4050176276585,184ff116-78b4-442d-b468-ecc5849a9171,37.7910725,-107.9706105
2018-06-10,-4008.173688161035,184ff116-78b4-442d-b468-ecc5849a9171,37.7910725,-107.9706105
2018-06-11,-2159.866107130671,184ff116-78b4-442d-b468-ecc5849a9171,37.7910725,-107.9706105
2018-06-12,-3732.4049584897075,184ff116-78b4-442d-b468-ecc5849a9171,37.7910725,-107.9706105
2018-06-13,-1199.6436210622076,184ff116-78b4-442d-b468-ecc5849a9171,37.7910725,-107.9706105
2018-06-14,714.2597429773679,184ff116-78b4-442d-b468-ecc5849a9171,37.7910725,-107.9706105
2018-06-15,36.294220402592956,184ff116-78b4-442d-b468-ecc5849a9171,37.7910725,-107.9706105
2018-06-16,5026.943418628455,184ff116-78b4-442d-b468-ecc5849a9171,37.7910725,-107.9706105
2018-06-17,1657.647082906857,184ff116-78b4-442d-b468-ecc5849a9171,37.7910725,-107.9706105
2018-06-18,-523.7777823268507,184ff116-78b4-442d-b468-ecc5849a9171,37.7910725,-107.9706105
2018-06-19,-4092.6603843966786,184ff116-78b4-442d-b468-ecc5849a9171,37.7910725,-107.9706105
2018-06-20,-2578.3147685659046,184ff116-78b4-442d-b468-ecc5849a9171,37.7910725,-107.9706105
2018-06-21,-3653.5260639144763,184ff116-78b4-442d-b468-ecc5849a9171,37.7910725,-107.9706105
2018-06-22,-2502.302140338905,184ff116-78b4-442d-b468-ecc5849a9171,37.7910725,-107.9706105
2018-06-23,-3013.0937700443524,184ff116-78b4-442d-b468-ecc5849a9171,37.7910725,-107.9706105
2018-06-24,-3592.2351961787767,184ff116-78b4-442d-b468-ecc5849a9171,37.7910725,-107.9706105
2018-06-25,-2599.6298464687807,184ff116-78b4-442d-b468-ecc5849a9171,37.7910725,-107.9706105
2018-06-26,-4105.036315250766,184ff116-78b4-442d-b468-ecc5849a9171,37.7910725,-107.9706105
2018-06-27,-1177.2894302285904,184ff116-78b4-442d-b468-ecc5849a9171,37.7910725,-107.9706105
2018-06-28,-3762.3642715796623,184ff116-78b4-442d-b468-ecc5849a9171,37.7910725,-107.9706105
2018-06-29,-2596.209484817469,184ff116-78b4-442d-b468-ecc5849a9171,37.7910725,-107.9706105
2018-06-30,-3384.856231092915,184ff116-78b4-442d-b468-ecc5849a9171,37.7910725,-107.9706105
2018-07-01,-3438.4892573638135,184ff116-78b4-442d-b468-ecc5849a9171,37.7910725,-107.9706105
2018-07-02,-2848.9359354031594,184ff116-78b4-442d-b468-ecc5849a9171,37.7910725,-107.9706105
2018-07-03,-3352.206864551345,184ff116-78b4-442d-b468-ecc5849a9171,37.7910725,-107.9706105
2018-07-04,-79.54257704992605,184ff116-78b4-442d-b468-ecc5849a9171,37.7910725,-107.9706105
2018-07-05,5548.0,184ff116-78b4-442d-b468-ecc5849a9171,37.7910725,-107.9706105
2018-07-06,-204.12562265438413,184ff116-78b4-442d-b468-ecc5849a9171,37.7910725,-107.9706105
2018-07-07,-3051.103282156258,184ff116-78b4-442d-b468-ecc5849a9171,37.7910725,-107.9706105
2018-07-08,897.1034823154779,184ff116-78b4-442d-b468-ecc5849a9171,37.7910725,-107.9706105
2018-07-09,-2856.4786170817674,184ff116-78b4-442d-b468-ecc5849a9171,37.7910725,-107.9706105
2018-07-10,-516.3510064824292,184ff116-78b4-442d-b468-ecc5849a9171,37.7910725,-107.9706105
2018-07-11,-554.3538860457181,184ff116-78b4-442d-b468-ecc5849a9171,37.7910725,-107.9706105
2018-07-12,1598.802265438416,184ff116-78b4-442d-b468-ecc5849a9171,37.7910725,-107.9706105
2018-07-13,4616.689543955417,184ff116-78b4-442d-b468-ecc5849a9171,37.7910725,-107.9706105
2018-07-14,-111.33360627772089,184ff116-78b4-442d-b468-ecc5849a9171,37.7910725,-107.9706105
2018-07-15,5474.774707153417,184ff116-78b4-442d-b468-ecc5849a9171,37.7910725,-107.9706105
2018-07-16,-265.3433367451381,184ff116-78b4-442d-b468-ecc5849a9171,37.7910725,-107.9706105
2018-07-17,-2011.4947253497091,184ff116-78b4-442d-b468-ecc5849a9171,37.7910725,-107.9706105
2018-07-18,-509.48915728420315,184ff116-78b4-442d-b468-ecc5849a9171,37.7910725,-107.9706105
2018-07-19,-3404.3271238485136,184ff116-78b4-442d-b468-ecc5849a9171,37.7910725,-107.9706105
2018-07-20,2103.917129534856,184ff116-78b4-442d-b468-ecc5849a9171,37.7910725,-107.9706105
2018-07-21,1262.7240441260092,184ff116-78b4-442d-b468-ecc5849a9171,37.7910725,-107.9706105
2018-07-22,-329.0164312521322,184ff116-78b4-442d-b468-ecc5849a9171,37.7910725,-107.9706105
2018-07-23,-2723.3418355510053,184ff116-78b4-442d-b468-ecc5849a9171,37.7910725,-107.9706105
2018-07-24,1237.598389628113,184ff116-78b4-442d-b468-ecc5849a9171,37.7910725,-107.9706105
2018-07-25,3071.2237780052296,184ff116-78b4-442d-b468-ecc5849a9171,37.7910725,-107.9706105
2018-07-26,-1100.509605367906,184ff116-78b4-442d-b468-ecc5849a9171,37.7910725,-107.9706105
2018-07-27,2107.133133174114,184ff116-78b4-442d-b468-ecc5849a9171,37.7910725,-107.9706105
2018-07-28,-1833.6882793130903,184ff116-78b4-442d-b468-ecc5849a9171,37.7910725,-107.9706105
2018-07-29,-1093.6775525986575,184ff116-78b4-442d-b468-ecc5849a9171,37.7910725,-107.9706105
2018-07-30,-3596.9581030365043,184ff116-78b4-442d-b468-ecc5849a9171,37.7910725,-107.9706105
2018-07-31,-1239.1307085181381,184ff116-78b4-442d-b468-ecc5849a9171,37.7910725,-107.9706105
2018-08-01,-2238.15753895144,184ff116-78b4-442d-b468-ecc5849a9171,37.7910725,-107.9706105
2018-08-02,408.44028659160654,184ff116-78b4-442d-b468-ecc5849a9171,37.7910725,-107.9706105
2018-08-03,356.5588536335722,184ff116-78b4-442d-b468-ecc5849a9171,37.7910725,-107.9706105
2018-08-04,2960.472666894119,184ff116-78b4-442d-b468-ecc5849a9171,37.7910725,-107.9706105
2018-08-05,-268.99853064938003,184ff116-78b4-442d-b468-ecc5849a9171,37.7910725,-107.9706105
2018-08-06,-1021.0652564539974,184ff116-78b4-442d-b468-ecc5849a9171,37.7910725,-107.9706105
2018-08-07,-774.5441783236663,184ff116-78b4-442d-b468-ecc5849a9171,37.7910725,-107.9706105
2018-08-08,-2963.1854338678486,184ff116-78b4-442d-b468-ecc5849a9171,37.7910725,-107.9706105
2018-08-09,-1615.6409735016484,184ff116-78b4-442d-b468-ecc5849a9171,37.7910725,-107.9706105
2018-08-10,-267.6297145456613,184ff116-78b4-442d-b468-ecc5849a9171,37.7910725,-107.9706105
2018-08-11,-3524.5770135334924,184ff116-78b4-442d-b468-ecc5849a9171,37.7910725,-107.9706105
2018-08-12,-2240.0685317866482,184ff116-78b4-442d-b468-ecc5849a9171,37.7910725,-107.9706105
2018-08-13,-3777.6649698623896,184ff116-78b4-442d-b468-ecc5849a9171,37.7910725,-107.9706105
2018-08-14,3295.365599909018,184ff116-78b4-442d-b468-ecc5849a9171,37.7910725,-107.9706105
2018-08-15,5013.324785624928,184ff116-78b4-442d-b468-ecc5849a9171,37.7910725,-107.9706105
2018-08-16,446.8624314795861,184ff116-78b4-442d-b468-ecc5849a9171,37.7910725,-107.9706105
2018-08-17,4093.0531513704063,184ff116-78b4-442d-b468-ecc5849a9171,37.7910725,-107.9706105
2018-08-18,-349.51607869896503,184ff116-78b4-442d-b468-ecc5849a9171,37.7910725,-107.9706105
2018-08-19,-2641.444448993516,184ff116-78b4-442d-b468-ecc5849a9171,37.7910725,-107.9706105
2018-08-20,-3514.4006641646743,184ff116-78b4-442d-b468-ecc5849a9171,37.7910725,-107.9706105
2018-08-21,303.71602411008746,184ff116-78b4-442d-b468-ecc5849a9171,37.7910725,-107.9706105
2018-08-22,1399.314955077903,184ff116-78b4-442d-b468-ecc5849a9171,37.7910725,-107.9706105
2018-08-23,3547.984769703174,184ff116-78b4-442d-b468-ecc5849a9171,37.7910725,-107.9706105
2018-08-24,-3270.3851063345815,184ff116-78b4-442d-b468-ecc5849a9171,37.7910725,-107.9706105
2018-08-25,3434.6900852951185,184ff116-78b4-442d-b468-ecc5849a9171,37.7910725,-107.9706105
2018-08-26,601.1345979756624,184ff116-78b4-442d-b468-ecc5849a9171,37.7910725,-107.9706105
2018-08-27,-1558.1740247924479,184ff116-78b4-442d-b468-ecc5849a9171,37.7910725,-107.9706105
2018-08-28,-2963.6866098032538,184ff116-78b4-442d-b468-ecc5849a9171,37.7910725,-107.9706105
2018-08-29,-3992.6142567951756,184ff116-78b4-442d-b468-ecc5849a9171,37.7910725,-107.9706105
2018-08-30,-2010.9681246446032,184ff116-78b4-442d-b468-ecc5849a9171,37.7910725,-107.9706105
2018-08-31,2634.2137472989884,184ff116-78b4-442d-b468-ecc5849a9171,37.7910725,-107.9706105
2018-09-01,-2148.017031729784,184ff116-78b4-442d-b468-ecc5849a9171,37.7910725,-107.9706105
2018-09-02,-1095.3866257250083,184ff116-78b4-442d-b468-ecc5849a9171,37.7910725,-107.9706105
2018-09-03,6037.147831229386,184ff116-78b4-442d-b468-ecc5849a9171,37.7910725,-107.9706105
2018-09-04,-201.98738996929373,184ff116-78b4-442d-b468-ecc5849a9171,37.7910725,-107.9706105
2018-09-05,5543.692869327874,184ff116-78b4-442d-b468-ecc5849a9171,37.7910725,-107.9706105
2018-09-06,4581.832471283974,184ff116-78b4-442d-b468-ecc5849a9171,37.7910725,-107.9706105
2018-09-07,-980.9804617309221,184ff116-78b4-442d-b468-ecc5849a9171,37.7910725,-107.9706105
2018-09-08,155.8287546912315,184ff116-78b4-442d-b468-ecc5849a9171,37.7910725,-107.9706105
2018-09-09,-2501.5586398271353,184ff116-78b4-442d-b468-ecc5849a9171,37.7910725,-107.9706105
2018-09-10,3262.4048493119503,184ff116-78b4-442d-b468-ecc5849a9171,37.7910725,-107.9706105
2018-09-11,-369.28544978960525,184ff116-78b4-442d-b468-ecc5849a9171,37.7910725,-107.9706105
2018-09-12,-3911.66651199818,184ff116-78b4-442d-b468-ecc5849a9171,37.7910725,-107.9706105
2018-09-13,-2885.50780848402,184ff116-78b4-442d-b468-ecc5849a9171,37.7910725,-107.9706105
2018-09-14,-4231.641869669053,184ff116-78b4-442d-b468-ecc5849a9171,37.7910725,-107.9706105
2018-09-15,-877.4250790401454,184ff116-78b4-442d-b468-ecc5849a9171,37.7910725,-107.9706105
2018-09-16,-1000.4302558853627,184ff116-78b4-442d-b468-ecc5849a9171,37.7910725,-107.9706105
2018-09-17,-2004.6558853633564,184ff116-78b4-442d-b468-ecc5849a9171,37.7910725,-107.9706105
2018-09-18,-2821.25944273854,184ff116-78b4-442d-b468-ecc5849a9171,37.7910725,-107.9706105
2018-09-19,4823.166764471737,184ff116-78b4-442d-b468-ecc5849a9171,37.7910725,-107.9706105
2018-09-20,-3247.6299692937564,184ff116-78b4-442d-b468-ecc5849a9171,37.7910725,-107.9706105
2018-09-21,-4038.2734083930386,184ff116-78b4-442d-b468-ecc5849a9171,37.7910725,-107.9706105
2018-09-22,-1948.3318730808585,184ff116-78b4-442d-b468-ecc5849a9171,37.7910725,-107.9706105
2018-09-23,-1971.8472967132936,184ff116-78b4-442d-b468-ecc5849a9171,37.7910725,-107.9706105
2018-09-24,2700.1640259297174,184ff116-78b4-442d-b468-ecc5849a9171,37.7910725,-107.9706105
2018-09-25,-3617.365427044239,184ff116-78b4-442d-b468-ecc5849a9171,37.7910725,-107.9706105
2018-09-26,-3615.6169407483217,184ff116-78b4-442d-b468-ecc5849a9171,37.7910725,-107.9706105
2018-09-27,-3382.7917661776396,184ff116-78b4-442d-b468-ecc5849a9171,37.7910725,-107.9706105
2018-09-28,-4239.072403047878,184ff116-78b4-442d-b468-ecc5849a9171,37.7910725,-107.9706105
2018-09-29,-2722.7652496303876,184ff116-78b4-442d-b468-ecc5849a9171,37.7910725,-107.9706105
2018-09-30,-4174.376754236322,184ff116-78b4-442d-b468-ecc5849a9171,37.7910725,-107.9706105
2018-10-01,2124.381007619697,184ff116-78b4-442d-b468-ecc5849a9171,37.7910725,-107.9706105
2018-10-02,3417.855462299557,184ff116-78b4-442d-b468-ecc5849a9171,37.7910725,-107.9706105
2018-10-03,-2725.817300125099,184ff116-78b4-442d-b468-ecc5849a9171,37.7910725,-107.9706105
2018-10-04,583.165545320141,184ff116-78b4-442d-b468-ecc5849a9171,37.7910725,-107.9706105
2018-10-05,2678.7100102354134,184ff116-78b4-442d-b468-ecc5849a9171,37.7910725,-107.9706105
2018-10-06,1566.4318435118828,184ff116-78b4-442d-b468-ecc5849a9171,37.7910725,-107.9706105
2018-10-07,4997.026757648127,184ff116-78b4-442d-b468-ecc5849a9171,37.7910725,-107.9706105
2018-10-08,4104.72451268054,184ff116-78b4-442d-b468-ecc5849a9171,37.7910725,-107.9706105
2018-10-09,753.8072466734906,184ff116-78b4-442d-b468-ecc5849a9171,37.7910725,-107.9706105
2018-10-10,862.9133401569427,184ff116-78b4-442d-b468-ecc5849a9171,37.7910725,-107.9706105
2018-10-11,2041.2439531445464,184ff116-78b4-442d-b468-ecc5849a9171,37.7910725,-107.9706105
2018-10-12,5799.579520072786,184ff116-78b4-442d-b468-ecc5849a9171,37.7910725,-107.9706105
2018-10-13,4831.0822063004625,184ff116-78b4-442d-b468-ecc5849a9171,37.7910725,-107.9706105
2018-10-14,1431.5532082338227,184ff116-78b4-442d-b468-ecc5849a9171,37.7910725,-107.9706105
2018-10-15,2510.914236324348,184ff116-78b4-442d-b468-ecc5849a9171,37.7910725,-107.9706105
2018-10-16,4464.823259410892,184ff116-78b4-442d-b468-ecc5849a9171,37.7910725,-107.9706105
2018-10-17,678.9072216535877,184ff116-78b4-442d-b468-ecc5849a9171,37.7910725,-107.9706105
2018-10-18,699.1453019447283,184ff116-78b4-442d-b468-ecc5849a9171,37.7910725,-107.9706105
2018-10-19,2350.0187057886947,184ff116-78b4-442d-b468-ecc5849a9171,37.7910725,-107.9706105
2018-10-20,990.7795883088827,184ff116-78b4-442d-b468-ecc5849a9171,37.7910725,-107.9706105
2018-10-21,899.7197361537578,184ff116-78b4-442d-b468-ecc5849a9171,37.7910725,-107.9706105
2018-10-22,247.99786193563045,184ff116-78b4-442d-b468-ecc5849a9171,37.7910725,-107.9706105
2018-10-23,3552.580889343796,184ff116-78b4-442d-b468-ecc5849a9171,37.7910725,-107.9706105
2018-10-24,777.8907221653589,184ff116-78b4-442d-b468-ecc5849a9171,37.7910725,-107.9706105
2018-10-25,-794.6060184237461,184ff116-78b4-442d-b468-ecc5849a9171,37.7910725,-107.9706105
2018-10-26,769.5829910155801,184ff116-78b4-442d-b468-ecc5849a9171,37.7910725,-107.9706105
2018-10-27,-1143.9482451950407,184ff116-78b4-442d-b468-ecc5849a9171,37.7910725,-107.9706105
2018-10-28,-1090.5493688161032,184ff116-78b4-442d-b468-ecc5849a9171,37.7910725,-107.9706105
2018-10-29,806.1159786193566,184ff116-78b4-442d-b468-ecc5849a9171,37.7910725,-107.9706105
2018-10-30,2085.3226066189,184ff116-78b4-442d-b468-ecc5849a9171,37.7910725,-107.9706105
2018-10-31,4884.631042875014,184ff116-78b4-442d-b468-ecc5849a9171,37.7910725,-107.9706105
2018-11-01,2193.213201410212,184ff116-78b4-442d-b468-ecc5849a9171,37.7910725,-107.9706105
2018-11-02,993.9924121460249,184ff116-78b4-442d-b468-ecc5849a9171,37.7910725,-107.9706105
2018-11-03,2340.332705561241,184ff116-78b4-442d-b468-ecc5849a9171,37.7910725,-107.9706105
2018-11-04,236.1564471738882,184ff116-78b4-442d-b468-ecc5849a9171,37.7910725,-107.9706105
2018-11-05,2200.652996701922,184ff116-78b4-442d-b468-ecc5849a9171,37.7910725,-107.9706105
2018-11-06,894.3443875810301,184ff116-78b4-442d-b468-ecc5849a9171,37.7910725,-107.9706105
2018-11-07,1970.0297509382456,184ff116-78b4-442d-b468-ecc5849a9171,37.7910725,-107.9706105
2018-11-08,672.4341316956666,184ff116-78b4-442d-b468-ecc5849a9171,37.7910725,-107.9706105
2018-11-09,456.7389332423514,184ff116-78b4-442d-b468-ecc5849a9171,37.7910725,-107.9706105
2018-11-10,360.7717093142268,184ff116-78b4-442d-b468-ecc5849a9171,37.7910725,-107.9706105
2018-11-11,2316.1669464346633,184ff116-78b4-442d-b468-ecc5849a9171,37.7910725,-107.9706105
2018-11-12,148.291381780962,184ff116-78b4-442d-b468-ecc5849a9171,37.7910725,-107.9706105
2018-11-13,-543.9146821335153,184ff116-78b4-442d-b468-ecc5849a9171,37.7910725,-107.9706105
2018-11-14,-535.3810485613556,184ff116-78b4-442d-b468-ecc5849a9171,37.7910725,-107.9706105
2018-11-15,-807.1191402251791,184ff116-78b4-442d-b468-ecc5849a9171,37.7910725,-107.9706105
2018-11-16,627.7404071420448,184ff116-78b4-442d-b468-ecc5849a9171,37.7910725,-107.9706105
2018-11-17,-678.2452450813145,184ff116-78b4-442d-b468-ecc5849a9171,37.7910725,-107.9706105
2018-11-18,-501.83501876492625,184ff116-78b4-442d-b468-ecc5849a9171,37.7910725,-107.9706105
2018-11-19,-1561.7859160696003,184ff116-78b4-442d-b468-ecc5849a9171,37.7910725,-107.9706105
2018-11-20,-1412.5846923689292,184ff116-78b4-442d-b468-ecc5849a9171,37.7910725,-107.9706105
2018-11-21,-1997.0903536904348,184ff116-78b4-442d-b468-ecc5849a9171,37.7910725,-107.9706105
2018-11-22,4914.534038439665,184ff116-78b4-442d-b468-ecc5849a9171,37.7910725,-107.9706105
2018-11-23,858.1030228590921,184ff116-78b4-442d-b468-ecc5849a9171,37.7910725,-107.9706105
2018-11-24,2788.63655180257,184ff116-78b4-442d-b468-ecc5849a9171,37.7910725,-107.9706105
2018-11-25,3857.9027999545083,184ff116-78b4-442d-b468-ecc5849a9171,37.7910725,-107.9706105
2018-11-26,5791.812537245533,184ff116-78b4-442d-b468-ecc5849a9171,37.7910725,-107.9706105
2018-11-27,3736.7247219379005,184ff116-78b4-442d-b468-ecc5849a9171,37.7910725,-107.9706105
2018-11-28,3420.764817468442,184ff116-78b4-442d-b468-ecc5849a9171,37.7910725,-107.9706105
2018-11-29,461.57764585465685,184ff116-78b4-442d-b468-ecc5849a9171,37.7910725,-107.9706105
2018-11-30,4253.994322756736,184ff116-78b4-442d-b468-ecc5849a9171,37.7910725,-107.9706105
2018-12-01,5940.096658705788,184ff116-78b4-442d-b468-ecc5849a9171,37.7910725,-107.9706105
2018-12-02,2978.218014329578,184ff116-78b4-442d-b468-ecc5849a9171,37.7910725,-107.9706105
2018-12-03,2980.2819606505163,184ff116-78b4-442d-b468-ecc5849a9171,37.7910725,-107.9706105
2018-12-04,5644.4632184692355,184ff116-78b4-442d-b468-ecc5849a9171,37.7910725,-107.9706105
2018-12-06,4740.786794040712,184ff116-78b4-442d-b468-ecc5849a9171,37.7910725,-107.9706105
2018-12-07,6125.943573296935,184ff116-78b4-442d-b468-ecc5849a9171,37.7910725,-107.9706105
2018-12-08,6461.018273626749,184ff116-78b4-442d-b468-ecc5849a9171,37.7910725,-107.9706105
2018-12-09,5874.026084385306,184ff116-78b4-442d-b468-ecc5849a9171,37.7910725,-107.9706105
2018-12-10,5843.8742363243455,184ff116-78b4-442d-b468-ecc5849a9171,37.7910725,-107.9706105
2018-12-11,1107.8055726145794,184ff116-78b4-442d-b468-ecc5849a9171,37.7910725,-107.9706105
2018-12-12,4163.520036392582,184ff116-78b4-442d-b468-ecc5849a9171,37.7910725,-107.9706105
2018-12-13,4378.3427362674865,184ff116-78b4-442d-b468-ecc5849a9171,37.7910725,-107.9706105
2018-12-14,4986.370631183899,184ff116-78b4-442d-b468-ecc5849a9171,37.7910725,-107.9706105
2018-12-15,4546.447656090071,184ff116-78b4-442d-b468-ecc5849a9171,37.7910725,-107.9706105
2018-12-16,5125.468072330263,184ff116-78b4-442d-b468-ecc5849a9171,37.7910725,-107.9706105
2018-12-17,4572.118799044694,184ff116-78b4-442d-b468-ecc5849a9171,37.7910725,-107.9706105
2018-12-18,5177.257659501879,184ff116-78b4-442d-b468-ecc5849a9171,37.7910725,-107.9706105
2018-12-19,2885.5555146138972,184ff116-78b4-442d-b468-ecc5849a9171,37.7910725,-107.9706105
2018-12-20,4171.23844421699,184ff116-78b4-442d-b468-ecc5849a9171,37.7910725,-107.9706105
2018-12-21,1449.1491914022508,184ff116-78b4-442d-b468-ecc5849a9171,37.7910725,-107.9706105
2018-12-22,3421.5230160354804,184ff116-78b4-442d-b468-ecc5849a9171,37.7910725,-107.9706105
2018-12-23,4119.0809189127685,184ff116-78b4-442d-b468-ecc5849a9171,37.7910725,-107.9706105
2018-12-24,2062.942472421243,184ff116-78b4-442d-b468-ecc5849a9171,37.7910725,-107.9706105
2018-12-25,3571.23760263846,184ff116-78b4-442d-b468-ecc5849a9171,37.7910725,-107.9706105
2018-12-26,6338.581435232567,184ff116-78b4-442d-b468-ecc5849a9171,37.7910725,-107.9706105
2018-12-27,5468.819970431022,184ff116-78b4-442d-b468-ecc5849a9171,37.7910725,-107.9706105
2018-12-28,2925.1630842715804,184ff116-78b4-442d-b468-ecc5849a9171,37.7910725,-107.9706105
2018-12-29,5458.9015353121795,184ff116-78b4-442d-b468-ecc5849a9171,37.7910725,-107.9706105
2018-12-30,5707.981326054814,184ff116-78b4-442d-b468-ecc5849a9171,37.7910725,-107.9706105
2018-12-31,2877.295389514385,184ff116-78b4-442d-b468-ecc5849a9171,37.7910725,-107.9706105
2019-01-01,2850.7535084726464,184ff116-78b4-442d-b468-ecc5849a9171,37.7910725,-107.9706105
2019-01-02,5920.56163311725,184ff116-78b4-442d-b468-ecc5849a9171,37.7910725,-107.9706105
2019-01-03,5400.650076196975,184ff116-78b4-442d-b468-ecc5849a9171,37.7910725,-107.9706105
2019-01-04,6761.824028204252,184ff116-78b4-442d-b468-ecc5849a9171,37.7910725,-107.9706105
2019-01-05,2363.4709109518926,184ff116-78b4-442d-b468-ecc5849a9171,37.7910725,-107.9706105
2019-01-06,2085.4395041510293,184ff116-78b4-442d-b468-ecc5849a9171,37.7910725,-107.9706105
2019-01-07,844.8150801774141,184ff116-78b4-442d-b468-ecc5849a9171,37.7910725,-107.9706105
2019-01-08,6664.003944046401,184ff116-78b4-442d-b468-ecc5849a9171,37.7910725,-107.9706105
2019-01-09,2184.269327874445,184ff116-78b4-442d-b468-ecc5849a9171,37.7910725,-107.9706105
2019-01-10,1904.599167519619,184ff116-78b4-442d-b468-ecc5849a9171,37.7910725,-107.9706105
2019-01-11,2758.6917911975406,184ff116-78b4-442d-b468-ecc5849a9171,37.7910725,-107.9706105
2019-01-12,1929.0268986693945,184ff116-78b4-442d-b468-ecc5849a9171,37.7910725,-107.9706105
2019-01-13,6115.97423859888,184ff116-78b4-442d-b468-ecc5849a9171,37.7910725,-107.9706105
2019-01-14,6003.51145229159,184ff116-78b4-442d-b468-ecc5849a9171,37.7910725,-107.9706105
2019-01-15,1506.4013556237915,184ff116-78b4-442d-b468-ecc5849a9171,37.7910725,-107.9706105
2019-01-16,2951.3265916069586,184ff116-78b4-442d-b468-ecc5849a9171,37.7910725,-107.9706105
2019-01-17,3804.7166291368103,184ff116-78b4-442d-b468-ecc5849a9171,37.7910725,-107.9706105
2019-01-18,4761.526077561694,184ff116-78b4-442d-b468-ecc5849a9171,37.7910725,-107.9706105
2019-01-19,5950.133210508359,184ff116-78b4-442d-b468-ecc5849a9171,37.7910725,-107.9706105
2019-01-20,5447.919103832592,184ff116-78b4-442d-b468-ecc5849a9171,37.7910725,-107.9706105
2019-01-21,1136.9997225065392,184ff116-78b4-442d-b468-ecc5849a9171,37.7910725,-107.9706105
2019-01-22,6048.224819742975,184ff116-78b4-442d-b468-ecc5849a9171,37.7910725,-107.9706105
2019-01-23,4424.629023086543,184ff116-78b4-442d-b468-ecc5849a9171,37.7910725,-107.9706105
2019-01-24,3849.141644489931,184ff116-78b4-442d-b468-ecc5849a9171,37.7910725,-107.9706105
2019-01-25,4738.0644330717605,184ff116-78b4-442d-b468-ecc5849a9171,37.7910725,-107.9706105
2019-01-26,5150.342654384166,184ff116-78b4-442d-b468-ecc5849a9171,37.7910725,-107.9706105
2019-01-27,6353.257691345381,184ff116-78b4-442d-b468-ecc5849a9171,37.7910725,-107.9706105
2019-01-28,2745.896886159443,184ff116-78b4-442d-b468-ecc5849a9171,37.7910725,-107.9706105
2019-01-29,4675.9143955419095,184ff116-78b4-442d-b468-ecc5849a9171,37.7910725,-107.9706105
2019-01-30,5540.583354941431,184ff116-78b4-442d-b468-ecc5849a9171,37.7910725,-107.9706105
2019-02-01,6213.411527351296,184ff116-78b4-442d-b468-ecc5849a9171,37.7910725,-107.9706105
2019-02-02,194.90266803138852,184ff116-78b4-442d-b468-ecc5849a9171,37.7910725,-107.9706105
2019-02-03,6503.63828499943,184ff116-78b4-442d-b468-ecc5849a9171,37.7910725,-107.9706105
2019-02-04,2158.083011486409,184ff116-78b4-442d-b468-ecc5849a9171,37.7910725,-107.9706105
2019-02-05,1858.7755987717494,184ff116-78b4-442d-b468-ecc5849a9171,37.7910725,-107.9706105
2019-02-06,2796.117256908904,184ff116-78b4-442d-b468-ecc5849a9171,37.7910725,-107.9706105
2019-02-07,6170.52245649948,184ff116-78b4-442d-b468-ecc5849a9171,37.7910725,-107.9706105
2019-02-08,6208.460398043894,184ff116-78b4-442d-b468-ecc5849a9171,37.7910725,-107.9706105
2019-02-09,3027.469773683611,184ff116-78b4-442d-b468-ecc5849a9171,37.7910725,-107.9706105
2019-02-10,6622.261048561356,184ff116-78b4-442d-b468-ecc5849a9171,37.7910725,-107.9706105
2019-02-11,894.2878971909478,184ff116-78b4-442d-b468-ecc5849a9171,37.7910725,-107.9706105
2019-02-12,6054.016717843735,184ff116-78b4-442d-b468-ecc5849a9171,37.7910725,-107.9706105
2019-02-13,2823.1827089730464,184ff116-78b4-442d-b468-ecc5849a9171,37.7910725,-107.9706105
2019-02-14,5707.418569316499,184ff116-78b4-442d-b468-ecc5849a9171,37.7910725,-107.9706105
2019-02-15,3284.3047515068815,184ff116-78b4-442d-b468-ecc5849a9171,37.7910725,-107.9706105
2019-02-16,3405.668945752303,184ff116-78b4-442d-b468-ecc5849a9171,37.7910725,-107.9706105
2019-02-17,2256.355678380528,184ff116-78b4-442d-b468-ecc5849a9171,37.7910725,-107.9706105
2019-02-18,4190.873735926301,184ff116-78b4-442d-b468-ecc5849a9171,37.7910725,-107.9706105
2019-02-19,4309.468340725575,184ff116-78b4-442d-b468-ecc5849a9171,37.7910725,-107.9706105
2019-02-20,4039.1665188217885,184ff116-78b4-442d-b468-ecc5849a9171,37.7910725,-107.9706105
2019-02-21,3697.0175730694864,184ff116-78b4-442d-b468-ecc5849a9171,37.7910725,-107.9706105
2019-02-22,3604.655102922778,184ff116-78b4-442d-b468-ecc5849a9171,37.7910725,-107.9706105
2019-02-23,6920.77815989992,184ff116-78b4-442d-b468-ecc5849a9171,37.7910725,-107.9706105
2019-02-24,4290.593590355964,184ff116-78b4-442d-b468-ecc5849a9171,37.7910725,-107.9706105
2019-02-25,4462.269268736492,184ff116-78b4-442d-b468-ecc5849a9171,37.7910725,-107.9706105
2019-02-26,4972.224251108836,184ff116-78b4-442d-b468-ecc5849a9171,37.7910725,-107.9706105
2019-02-27,4903.290290003411,184ff116-78b4-442d-b468-ecc5849a9171,37.7910725,-107.9706105
2019-02-28,2103.7588627317177,184ff116-78b4-442d-b468-ecc5849a9171,37.7910725,-107.9706105
2019-03-01,906.7948504492201,184ff116-78b4-442d-b468-ecc5849a9171,37.7910725,-107.9706105
2019-03-02,5595.832830660751,184ff116-78b4-442d-b468-ecc5849a9171,37.7910725,-107.9706105
2019-03-03,4347.14604799272,184ff116-78b4-442d-b468-ecc5849a9171,37.7910725,-107.9706105
2019-03-04,3439.924662799953,184ff116-78b4-442d-b468-ecc5849a9171,37.7910725,-107.9706105
2019-03-05,6219.966873649491,184ff116-78b4-442d-b468-ecc5849a9171,37.7910725,-107.9706105
2019-03-06,2634.9541635391774,184ff116-78b4-442d-b468-ecc5849a9171,37.7910725,-107.9706105
2019-03-07,2509.4562265438412,184ff116-78b4-442d-b468-ecc5849a9171,37.7910725,-107.9706105
2019-03-08,2374.115705674969,184ff116-78b4-442d-b468-ecc5849a9171,37.7910725,-107.9706105
2019-03-09,5536.682088024566,184ff116-78b4-442d-b468-ecc5849a9171,37.7910725,-107.9706105
2019-03-10,5616.687360400319,184ff116-78b4-442d-b468-ecc5849a9171,37.7910725,-107.9706105
2019-03-11,3183.688811554645,184ff116-78b4-442d-b468-ecc5849a9171,37.7910725,-107.9706105
2019-03-12,3249.272480382122,184ff116-78b4-442d-b468-ecc5849a9171,37.7910725,-107.9706105
2019-03-13,5171.176945297397,184ff116-78b4-442d-b468-ecc5849a9171,37.7910725,-107.9706105
2019-03-14,6271.991165699987,184ff116-78b4-442d-b468-ecc5849a9171,37.7910725,-107.9706105
2019-03-15,7380.7979074263585,184ff116-78b4-442d-b468-ecc5849a9171,37.7910725,-107.9706105
2019-03-16,7885.178728534059,184ff116-78b4-442d-b468-ecc5849a9171,37.7910725,-107.9706105
2019-03-17,6764.285044922093,184ff116-78b4-442d-b468-ecc5849a9171,37.7910725,-107.9706105
2019-03-18,870.4629591720687,184ff116-78b4-442d-b468-ecc5849a9171,37.7910725,-107.9706105
2019-03-19,6030.35780279768,184ff116-78b4-442d-b468-ecc5849a9171,37.7910725,-107.9706105
2019-03-20,6099.914745820534,184ff116-78b4-442d-b468-ecc5849a9171,37.7910725,-107.9706105
2019-03-21,2838.1795109746377,184ff116-78b4-442d-b468-ecc5849a9171,37.7910725,-107.9706105
2019-03-22,4659.731195268961,184ff116-78b4-442d-b468-ecc5849a9171,37.7910725,-107.9706105
2019-03-23,1371.7747799385877,184ff116-78b4-442d-b468-ecc5849a9171,37.7910725,-107.9706105
2019-03-24,3097.799645172297,184ff116-78b4-442d-b468-ecc5849a9171,37.7910725,-107.9706105
2019-03-25,7554.547590128513,184ff116-78b4-442d-b468-ecc5849a9171,37.7910725,-107.9706105
2019-03-26,3695.752921642216,184ff116-78b4-442d-b468-ecc5849a9171,37.7910725,-107.9706105
2019-03-27,7148.58684408052,184ff116-78b4-442d-b468-ecc5849a9171,37.7910725,-107.9706105
2019-03-28,6984.485340611846,184ff116-78b4-442d-b468-ecc5849a9171,37.7910725,-107.9706105
2019-03-29,2426.2547344478553,184ff116-78b4-442d-b468-ecc5849a9171,37.7910725,-107.9706105
2019-03-30,2134.2506766746274,184ff116-78b4-442d-b468-ecc5849a9171,37.7910725,-107.9706105
2019-03-31,3594.3169339247124,184ff116-78b4-442d-b468-ecc5849a9171,37.7910725,-107.9706105
2019-04-01,5939.274991470485,184ff116-78b4-442d-b468-ecc5849a9171,37.7910725,-107.9706105
2019-04-02,1740.3922483793924,184ff116-78b4-442d-b468-ecc5849a9171,37.7910725,-107.9706105
2019-04-03,4076.233904242009,184ff116-78b4-442d-b468-ecc5849a9171,37.7910725,-107.9706105
2019-04-04,4467.041942454225,184ff116-78b4-442d-b468-ecc5849a9171,37.7910725,-107.9706105
2019-04-05,6306.960436711021,184ff116-78b4-442d-b468-ecc5849a9171,37.7910725,-107.9706105
2019-04-06,5692.695230296826,184ff116-78b4-442d-b468-ecc5849a9171,37.7910725,-107.9706105
2019-04-07,6212.615899010575,184ff116-78b4-442d-b468-ecc5849a9171,37.7910725,-107.9706105
2019-04-08,7765.526946434661,184ff116-78b4-442d-b468-ecc5849a9171,37.7910725,-107.9706105
2019-04-09,4098.563439099285,184ff116-78b4-442d-b468-ecc5849a9171,37.7910725,-107.9706105
2019-04-10,3971.1356351643326,184ff116-78b4-442d-b468-ecc5849a9171,37.7910725,-107.9706105
2019-04-11,2255.062058455589,184ff116-78b4-442d-b468-ecc5849a9171,37.7910725,-107.9706105
2019-04-12,2608.8413146821335,184ff116-78b4-442d-b468-ecc5849a9171,37.7910725,-107.9706105
2019-04-13,3097.726819060615,184ff116-78b4-442d-b468-ecc5849a9171,37.7910725,-107.9706105
2019-04-14,6070.979415444103,184ff116-78b4-442d-b468-ecc5849a9171,37.7910725,-107.9706105
2019-04-15,4335.969102695325,184ff116-78b4-442d-b468-ecc5849a9171,37.7910725,-107.9706105
2019-04-16,1577.1271011031492,184ff116-78b4-442d-b468-ecc5849a9171,37.7910725,-107.9706105
2019-04-17,7590.292546343681,184ff116-78b4-442d-b468-ecc5849a9171,37.7910725,-107.9706105
2019-04-18,7118.080186511994,184ff116-78b4-442d-b468-ecc5849a9171,37.7910725,-107.9706105
2019-04-19,7676.541639940859,184ff116-78b4-442d-b468-ecc5849a9171,37.7910725,-107.9706105
2019-04-20,2923.177118162175,184ff116-78b4-442d-b468-ecc5849a9171,37.7910725,-107.9706105
2019-04-21,1401.6292141476165,184ff116-78b4-442d-b468-ecc5849a9171,37.7910725,-107.9706105
2019-04-22,5735.956256112814,184ff116-78b4-442d-b468-ecc5849a9171,37.7910725,-107.9706105
2019-04-23,1538.1261366996468,184ff116-78b4-442d-b468-ecc5849a9171,37.7910725,-107.9706105
2019-04-24,5114.114422836344,184ff116-78b4-442d-b468-ecc5849a9171,37.7910725,-107.9706105
2019-04-25,6045.989077675423,184ff116-78b4-442d-b468-ecc5849a9171,37.7910725,-107.9706105
2019-04-26,1109.3143500511765,184ff116-78b4-442d-b468-ecc5849a9171,37.7910725,-107.9706105
2019-04-27,3682.5107244398932,184ff116-78b4-442d-b468-ecc5849a9171,37.7910725,-107.9706105
2019-04-28,1359.2271124758324,184ff116-78b4-442d-b468-ecc5849a9171,37.7910725,-107.9706105
2019-04-29,1931.8631593312855,184ff116-78b4-442d-b468-ecc5849a9171,37.7910725,-107.9706105
2019-04-30,3608.185715910384,184ff116-78b4-442d-b468-ecc5849a9171,37.7910725,-107.9706105
2019-05-01,1740.1548640964388,184ff116-78b4-442d-b468-ecc5849a9171,37.7910725,-107.9706105
2019-05-02,6061.075359945404,184ff116-78b4-442d-b468-ecc5849a9171,37.7910725,-107.9706105
2019-05-03,8196.470651654725,184ff116-78b4-442d-b468-ecc5849a9171,37.7910725,-107.9706105
2019-05-04,2784.634927783464,184ff116-78b4-442d-b468-ecc5849a9171,37.7910725,-107.9706105
2019-05-05,4420.846018423745,184ff116-78b4-442d-b468-ecc5849a9171,37.7910725,-107.9706105
2019-05-06,2412.254488797907,184ff116-78b4-442d-b468-ecc5849a9171,37.7910725,-107.9706105
2019-05-07,881.4694097577611,184ff116-78b4-442d-b468-ecc5849a9171,37.7910725,-107.9706105
2019-05-08,4066.4237234163534,184ff116-78b4-442d-b468-ecc5849a9171,37.7910725,-107.9706105
2019-05-09,5465.820561810531,184ff116-78b4-442d-b468-ecc5849a9171,37.7910725,-107.9706105
2019-05-10,3078.9530672125543,184ff116-78b4-442d-b468-ecc5849a9171,37.7910725,-107.9706105
2019-05-11,5695.227476401681,184ff116-78b4-442d-b468-ecc5849a9171,37.7910725,-107.9706105
2019-05-12,1199.7167019219833,184ff116-78b4-442d-b468-ecc5849a9171,37.7910725,-107.9706105
2019-05-13,6153.311870806321,184ff116-78b4-442d-b468-ecc5849a9171,37.7910725,-107.9706105
2019-05-14,1028.902890935971,184ff116-78b4-442d-b468-ecc5849a9171,37.7910725,-107.9706105
2019-05-15,3904.313704082792,184ff116-78b4-442d-b468-ecc5849a9171,37.7910725,-107.9706105
2019-05-16,2119.009321050835,184ff116-78b4-442d-b468-ecc5849a9171,37.7910725,-107.9706105
2019-05-17,4469.97513476629,184ff116-78b4-442d-b468-ecc5849a9171,37.7910725,-107.9706105
2019-05-18,909.319645172296,184ff116-78b4-442d-b468-ecc5849a9171,37.7910725,-107.9706105
2019-05-19,2842.568256567723,184ff116-78b4-442d-b468-ecc5849a9171,37.7910725,-107.9706105
2019-05-20,4472.0123234390985,184ff116-78b4-442d-b468-ecc5849a9171,37.7910725,-107.9706105
2019-05-21,1849.7333014898209,184ff116-78b4-442d-b468-ecc5849a9171,37.7910725,-107.9706105
2019-05-22,2879.49848288411,184ff116-78b4-442d-b468-ecc5849a9171,37.7910725,-107.9706105
2019-05-23,5641.068295234849,184ff116-78b4-442d-b468-ecc5849a9171,37.7910725,-107.9706105
2019-05-24,6910.7243398157625,184ff116-78b4-442d-b468-ecc5849a9171,37.7910725,-107.9706105
2019-05-25,6754.986307289886,184ff116-78b4-442d-b468-ecc5849a9171,37.7910725,-107.9706105
2019-05-26,1543.1986625725006,184ff116-78b4-442d-b468-ecc5849a9171,37.7910725,-107.9706105
2019-05-27,4269.644562720344,184ff116-78b4-442d-b468-ecc5849a9171,37.7910725,-107.9706105
2019-05-28,3937.7779278971893,184ff116-78b4-442d-b468-ecc5849a9171,37.7910725,-107.9706105
2019-05-29,4226.485185943364,184ff116-78b4-442d-b468-ecc5849a9171,37.7910725,-107.9706105
2019-05-30,2279.872275673831,184ff116-78b4-442d-b468-ecc5849a9171,37.7910725,-107.9706105
2019-05-31,1516.601678607984,184ff116-78b4-442d-b468-ecc5849a9171,37.7910725,-107.9706105
2019-06-01,1462.3733151370404,184ff116-78b4-442d-b468-ecc5849a9171,37.7910725,-107.9706105
2019-06-02,6064.621862845443,184ff116-78b4-442d-b468-ecc5849a9171,37.7910725,-107.9706105
2019-06-03,4540.632484931195,184ff116-78b4-442d-b468-ecc5849a9171,37.7910725,-107.9706105
2019-06-04,4247.187053337881,184ff116-78b4-442d-b468-ecc5849a9171,37.7910725,-107.9706105
2019-06-05,4267.615371318089,184ff116-78b4-442d-b468-ecc5849a9171,37.7910725,-107.9706105
2019-06-06,3751.268709200501,184ff116-78b4-442d-b468-ecc5849a9171,37.7910725,-107.9706105
2019-06-07,1174.8296599567836,184ff116-78b4-442d-b468-ecc5849a9171,37.7910725,-107.9706105
2019-06-08,1767.205495280336,184ff116-78b4-442d-b468-ecc5849a9171,37.7910725,-107.9706105
2019-06-09,3444.71700216081,184ff116-78b4-442d-b468-ecc5849a9171,37.7910725,-107.9706105
2019-06-10,120.62764926646189,184ff116-78b4-442d-b468-ecc5849a9171,37.7910725,-107.9706105
2019-06-11,2479.765349709996,184ff116-78b4-442d-b468-ecc5849a9171,37.7910725,-107.9706105
2019-06-12,-394.55283066075265,184ff116-78b4-442d-b468-ecc5849a9171,37.7910725,-107.9706105
2019-06-13,1492.7302633017691,184ff116-78b4-442d-b468-ecc5849a9171,37.7910725,-107.9706105
2019-06-14,454.6400454907309,184ff116-78b4-442d-b468-ecc5849a9171,37.7910725,-107.9706105
2019-06-15,519.4350415102922,184ff116-78b4-442d-b468-ecc5849a9171,37.7910725,-107.9706105
2019-06-16,415.81377914249964,184ff116-78b4-442d-b468-ecc5849a9171,37.7910725,-107.9706105
2019-06-17,5438.9708313431065,184ff116-78b4-442d-b468-ecc5849a9171,37.7910725,-107.9706105
2019-06-18,5181.370781303305,184ff116-78b4-442d-b468-ecc5849a9171,37.7910725,-107.9706105
2019-06-19,553.2130558398727,184ff116-78b4-442d-b468-ecc5849a9171,37.7910725,-107.9706105
2019-06-20,-163.63441828727412,184ff116-78b4-442d-b468-ecc5849a9171,37.7910725,-107.9706105
2019-06-21,227.34074832252904,184ff116-78b4-442d-b468-ecc5849a9171,37.7910725,-107.9706105
2019-06-22,-276.85138178096224,184ff116-78b4-442d-b468-ecc5849a9171,37.7910725,-107.9706105
2019-06-23,-532.9993449334697,184ff116-78b4-442d-b468-ecc5849a9171,37.7910725,-107.9706105
2019-06-24,-1431.7129079949952,184ff116-78b4-442d-b468-ecc5849a9171,37.7910725,-107.9706105
2019-06-25,869.614525190492,184ff116-78b4-442d-b468-ecc5849a9171,37.7910725,-107.9706105
2019-06-26,-2948.4498259979514,184ff116-78b4-442d-b468-ecc5849a9171,37.7910725,-107.9706105
2019-06-27,-2850.259342658932,184ff116-78b4-442d-b468-ecc5849a9171,37.7910725,-107.9706105
2019-06-28,91.74909132264298,184ff116-78b4-442d-b468-ecc5849a9171,37.7910725,-107.9706105
2019-06-29,-1787.9756215171153,184ff116-78b4-442d-b468-ecc5849a9171,37.7910725,-107.9706105
2019-06-30,687.6520504947116,184ff116-78b4-442d-b468-ecc5849a9171,37.7910725,-107.9706105
2019-07-01,-3534.9319822586153,184ff116-78b4-442d-b468-ecc5849a9171,37.7910725,-107.9706105
2019-07-02,-846.4903855339475,184ff116-78b4-442d-b468-ecc5849a9171,37.7910725,-107.9706105
2019-07-03,-2661.3355578300907,184ff116-78b4-442d-b468-ecc5849a9171,37.7910725,-107.9706105
2019-07-04,-3475.17360627772,184ff116-78b4-442d-b468-ecc5849a9171,37.7910725,-107.9706105
2019-07-05,-2612.7770772205167,184ff116-78b4-442d-b468-ecc5849a9171,37.7910725,-107.9706105
2019-07-06,-3048.9117843739336,184ff116-78b4-442d-b468-ecc5849a9171,37.7910725,-107.9706105
2019-07-07,1125.6723757534403,184ff116-78b4-442d-b468-ecc5849a9171,37.7910725,-107.9706105
2019-07-08,1789.3430410553847,184ff116-78b4-442d-b468-ecc5849a9171,37.7910725,-107.9706105
2019-07-09,-2266.823805299669,184ff116-78b4-442d-b468-ecc5849a9171,37.7910725,-107.9706105
2019-07-10,-3528.0279858978715,184ff116-78b4-442d-b468-ecc5849a9171,37.7910725,-107.9706105
2019-07-11,2805.6937836915713,184ff116-78b4-442d-b468-ecc5849a9171,37.7910725,-107.9706105
2019-07-12,860.8877516206073,184ff116-78b4-442d-b468-ecc5849a9171,37.7910725,-107.9706105
2019-07-13,6011.736886159442,184ff116-78b4-442d-b468-ecc5849a9171,37.7910725,-107.9706105
2019-07-14,-534.3221289662231,184ff116-78b4-442d-b468-ecc5849a9171,37.7910725,-107.9706105
2019-07-15,1766.0229910155806,184ff116-78b4-442d-b468-ecc5849a9171,37.7910725,-107.9706105
2019-07-16,-1012.8503809848734,184ff116-78b4-442d-b468-ecc5849a9171,37.7910725,-107.9706105
2019-07-17,-1926.4762379165236,184ff116-78b4-442d-b468-ecc5849a9171,37.7910725,-107.9706105
2019-07-18,-1779.1640941658138,184ff116-78b4-442d-b468-ecc5849a9171,37.7910725,-107.9706105
2019-07-19,-3226.5655043784814,184ff116-78b4-442d-b468-ecc5849a9171,37.7910725,-107.9706105
2019-07-20,2181.433717730012,184ff116-78b4-442d-b468-ecc5849a9171,37.7910725,-107.9706105
2019-07-21,-2573.198903673375,184ff116-78b4-442d-b468-ecc5849a9171,37.7910725,-107.9706105
2019-07-22,972.5516069600811,184ff116-78b4-442d-b468-ecc5849a9171,37.7910725,-107.9706105
2019-07-23,290.2251882179005,184ff116-78b4-442d-b468-ecc5849a9171,37.7910725,-107.9706105
2019-07-24,-1543.1378141703626,184ff116-78b4-442d-b468-ecc5849a9171,37.7910725,-107.9706105
2019-07-25,-552.660889343796,184ff116-78b4-442d-b468-ecc5849a9171,37.7910725,-107.9706105
2019-07-26,2806.4823609689515,184ff116-78b4-442d-b468-ecc5849a9171,37.7910725,-107.9706105
2019-07-27,-1327.6153167292155,184ff116-78b4-442d-b468-ecc5849a9171,37.7910725,-107.9706105
2019-07-28,-1312.1146548390752,184ff116-78b4-442d-b468-ecc5849a9171,37.7910725,-107.9706105
2019-07-29,-2677.1679654270433,184ff116-78b4-442d-b468-ecc5849a9171,37.7910725,-107.9706105
2019-07-30,-756.5766860002269,184ff116-78b4-442d-b468-ecc5849a9171,37.7910725,-107.9706105
2019-07-31,-1419.6380620948487,184ff116-78b4-442d-b468-ecc5849a9171,37.7910725,-107.9706105
2019-08-01,3042.5958603434547,184ff116-78b4-442d-b468-ecc5849a9171,37.7910725,-107.9706105
2019-08-02,-3205.1749073126325,184ff116-78b4-442d-b468-ecc5849a9171,37.7910725,-107.9706105
2019-08-03,6235.442674854997,184ff116-78b4-442d-b468-ecc5849a9171,37.7910725,-107.9706105
2019-08-04,-1826.1213738200834,184ff116-78b4-442d-b468-ecc5849a9171,37.7910725,-107.9706105
2019-08-05,-2557.9202547480945,184ff116-78b4-442d-b468-ecc5849a9171,37.7910725,-107.9706105
2019-08-06,-2563.5698214488793,184ff116-78b4-442d-b468-ecc5849a9171,37.7910725,-107.9706105
2019-08-07,1003.5305356533603,184ff116-78b4-442d-b468-ecc5849a9171,37.7910725,-107.9706105
2019-08-08,-559.2458455589674,184ff116-78b4-442d-b468-ecc5849a9171,37.7910725,-107.9706105
2019-08-09,82.65593995223472,184ff116-78b4-442d-b468-ecc5849a9171,37.7910725,-107.9706105
2019-08-10,1303.3762401910599,184ff116-78b4-442d-b468-ecc5849a9171,37.7910725,-107.9706105
2019-08-11,2118.0784305697707,184ff116-78b4-442d-b468-ecc5849a9171,37.7910725,-107.9706105
2019-08-12,-316.7788513590355,184ff116-78b4-442d-b468-ecc5849a9171,37.7910725,-107.9706105
2019-08-13,-1054.1183441373819,184ff116-78b4-442d-b468-ecc5849a9171,37.7910725,-107.9706105
2019-08-14,-3175.2620266120757,184ff116-78b4-442d-b468-ecc5849a9171,37.7910725,-107.9706105
2019-08-15,-488.71318093938356,184ff116-78b4-442d-b468-ecc5849a9171,37.7910725,-107.9706105
2019-08-16,-2081.8282315478223,184ff116-78b4-442d-b468-ecc5849a9171,37.7910725,-107.9706105
2019-08-17,-703.569625838735,184ff116-78b4-442d-b468-ecc5849a9171,37.7910725,-107.9706105
2019-08-18,-3384.6125281473887,184ff116-78b4-442d-b468-ecc5849a9171,37.7910725,-107.9706105
2019-08-19,-1564.015312180142,184ff116-78b4-442d-b468-ecc5849a9171,37.7910725,-107.9706105
2019-08-20,-1657.46306380075,184ff116-78b4-442d-b468-ecc5849a9171,37.7910725,-107.9706105
2019-08-21,600.8063505060842,184ff116-78b4-442d-b468-ecc5849a9171,37.7910725,-107.9706105
2019-08-22,1571.9361810531107,184ff116-78b4-442d-b468-ecc5849a9171,37.7910725,-107.9706105
2019-08-23,-1132.9163516433528,184ff116-78b4-442d-b468-ecc5849a9171,37.7910725,-107.9706105
2019-08-24,-1420.5183941771866,184ff116-78b4-442d-b468-ecc5849a9171,37.7910725,-107.9706105
2019-08-25,-3648.0726987376315,184ff116-78b4-442d-b468-ecc5849a9171,37.7910725,-107.9706105
2019-08-26,-2214.6112407596943,184ff116-78b4-442d-b468-ecc5849a9171,37.7910725,-107.9706105
2019-08-27,-3350.4970226316373,184ff116-78b4-442d-b468-ecc5849a9171,37.7910725,-107.9706105
2019-08-28,-2993.6879153872405,184ff116-78b4-442d-b468-ecc5849a9171,37.7910725,-107.9706105
2019-08-29,-462.8770976913453,184ff116-78b4-442d-b468-ecc5849a9171,37.7910725,-107.9706105
2019-08-30,170.89731377231888,184ff116-78b4-442d-b468-ecc5849a9171,37.7910725,-107.9706105
2019-08-31,-349.17942454224925,184ff116-78b4-442d-b468-ecc5849a9171,37.7910725,-107.9706105
2019-09-01,-1617.9297759581484,184ff116-78b4-442d-b468-ecc5849a9171,37.7910725,-107.9706105
2019-09-02,4978.6619037871,184ff116-78b4-442d-b468-ecc5849a9171,37.7910725,-107.9706105
2019-09-03,1026.5506334584318,184ff116-78b4-442d-b468-ecc5849a9171,37.7910725,-107.9706105
2019-09-04,-546.1710724439895,184ff116-78b4-442d-b468-ecc5849a9171,37.7910725,-107.9706105
2019-09-05,-2969.835487319459,184ff116-78b4-442d-b468-ecc5849a9171,37.7910725,-107.9706105
2019-09-06,1041.8221266916867,184ff116-78b4-442d-b468-ecc5849a9171,37.7910725,-107.9706105
2019-09-07,266.1716956670078,184ff116-78b4-442d-b468-ecc5849a9171,37.7910725,-107.9706105
2019-09-08,3315.211263505059,184ff116-78b4-442d-b468-ecc5849a9171,37.7910725,-107.9706105
2019-09-09,-1716.3291891277154,184ff116-78b4-442d-b468-ecc5849a9171,37.7910725,-107.9706105
2019-09-10,-2454.79285795519,184ff116-78b4-442d-b468-ecc5849a9171,37.7910725,-107.9706105
2019-09-11,-1265.0198794495611,184ff116-78b4-442d-b468-ecc5849a9171,37.7910725,-107.9706105
2019-09-12,-3301.6224997156814,184ff116-78b4-442d-b468-ecc5849a9171,37.7910725,-107.9706105
2019-09-13,-3108.730085295119,184ff116-78b4-442d-b468-ecc5849a9171,37.7910725,-107.9706105
2019-09-14,-3151.1580575457738,184ff116-78b4-442d-b468-ecc5849a9171,37.7910725,-107.9706105
2019-09-15,5023.050708518142,184ff116-78b4-442d-b468-ecc5849a9171,37.7910725,-107.9706105
2019-09-16,-2280.456221994767,184ff116-78b4-442d-b468-ecc5849a9171,37.7910725,-107.9706105
2019-09-17,2113.000827931309,184ff116-78b4-442d-b468-ecc5849a9171,37.7910725,-107.9706105
2019-09-18,-108.85962925054018,184ff116-78b4-442d-b468-ecc5849a9171,37.7910725,-107.9706105
2019-09-19,-799.5206960081881,184ff116-78b4-442d-b468-ecc5849a9171,37.7910725,-107.9706105
2019-09-20,820.40029114068,184ff116-78b4-442d-b468-ecc5849a9171,37.7910725,-107.9706105
2019-09-21,-3130.009562151713,184ff116-78b4-442d-b468-ecc5849a9171,37.7910725,-107.9706105
2019-09-22,-3795.650722165359,184ff116-78b4-442d-b468-ecc5849a9171,37.7910725,-107.9706105
2019-09-23,3889.563220743771,184ff116-78b4-442d-b468-ecc5849a9171,37.7910725,-107.9706105
2019-09-24,-3892.008938928693,184ff116-78b4-442d-b468-ecc5849a9171,37.7910725,-107.9706105
2019-09-25,-62.66778118958261,184ff116-78b4-442d-b468-ecc5849a9171,37.7910725,-107.9706105
2019-09-26,-1069.2201978846808,184ff116-78b4-442d-b468-ecc5849a9171,37.7910725,-107.9706105
2019-09-27,-733.1263414079381,184ff116-78b4-442d-b468-ecc5849a9171,37.7910725,-107.9706105
2019-09-28,-3762.191174798136,184ff116-78b4-442d-b468-ecc5849a9171,37.7910725,-107.9706105
2019-09-29,1141.3046514272717,184ff116-78b4-442d-b468-ecc5849a9171,37.7910725,-107.9706105
2019-09-30,-3551.6593517570805,184ff116-78b4-442d-b468-ecc5849a9171,37.7910725,-107.9706105
2019-10-01,-4220.7459934038425,184ff116-78b4-442d-b468-ecc5849a9171,37.7910725,-107.9706105
2019-10-02,-2961.209207324008,184ff116-78b4-442d-b468-ecc5849a9171,37.7910725,-107.9706105
2019-10-03,-4236.926773569882,184ff116-78b4-442d-b468-ecc5849a9171,37.7910725,-107.9706105
2019-10-04,-1846.503086546116,184ff116-78b4-442d-b468-ecc5849a9171,37.7910725,-107.9706105
2019-10-05,-3957.325054020243,184ff116-78b4-442d-b468-ecc5849a9171,37.7910725,-107.9706105
2019-10-06,-3179.494738996929,184ff116-78b4-442d-b468-ecc5849a9171,37.7910725,-107.9706105
2019-10-07,-3588.113563061523,184ff116-78b4-442d-b468-ecc5849a9171,37.7910725,-107.9706105
2019-10-08,-3937.938369157282,184ff116-78b4-442d-b468-ecc5849a9171,37.7910725,-107.9706105
2019-10-09,-3047.1740611850337,184ff116-78b4-442d-b468-ecc5849a9171,37.7910725,-107.9706105
2019-10-10,-3943.8696827021454,184ff116-78b4-442d-b468-ecc5849a9171,37.7910725,-107.9706105
2019-10-11,-2480.403238940066,184ff116-78b4-442d-b468-ecc5849a9171,37.7910725,-107.9706105
2019-10-12,-4271.70069373365,184ff116-78b4-442d-b468-ecc5849a9171,37.7910725,-107.9706105
2019-10-13,-3011.8729170931415,184ff116-78b4-442d-b468-ecc5849a9171,37.7910725,-107.9706105
2019-10-14,-3569.7858796770133,184ff116-78b4-442d-b468-ecc5849a9171,37.7910725,-107.9706105
2019-10-15,-3832.0035619242567,184ff116-78b4-442d-b468-ecc5849a9171,37.7910725,-107.9706105
2019-10-16,-3063.9790242238123,184ff116-78b4-442d-b468-ecc5849a9171,37.7910725,-107.9706105
2019-10-17,-3919.1176890708534,184ff116-78b4-442d-b468-ecc5849a9171,37.7910725,-107.9706105
2019-10-18,256.96484026496915,184ff116-78b4-442d-b468-ecc5849a9171,37.7910725,-107.9706105
2019-10-19,-4155.069896508586,184ff116-78b4-442d-b468-ecc5849a9171,37.7910725,-107.9706105
2019-10-20,-961.1466939611047,184ff116-78b4-442d-b468-ecc5849a9171,37.7910725,-107.9706105
2019-10-21,-1188.7576253838274,184ff116-78b4-442d-b468-ecc5849a9171,37.7910725,-107.9706105
2019-10-22,-3303.1485863755242,184ff116-78b4-442d-b468-ecc5849a9171,37.7910725,-107.9706105
2019-10-23,-3335.7101103150226,184ff116-78b4-442d-b468-ecc5849a9171,37.7910725,-107.9706105
2019-10-24,-3159.1308950301373,184ff116-78b4-442d-b468-ecc5849a9171,37.7910725,-107.9706105
2019-10-25,-3214.8523825770503,184ff116-78b4-442d-b468-ecc5849a9171,37.7910725,-107.9706105
2019-10-26,-4364.896767883539,184ff116-78b4-442d-b468-ecc5849a9171,37.7910725,-107.9706105
2019-10-27,-2041.9362447401334,184ff116-78b4-442d-b468-ecc5849a9171,37.7910725,-107.9706105
2019-10-28,1897.7765768224713,184ff116-78b4-442d-b468-ecc5849a9171,37.7910725,-107.9706105
2019-10-29,1336.9933901967472,184ff116-78b4-442d-b468-ecc5849a9171,37.7910725,-107.9706105
2019-10-30,5054.612346184462,184ff116-78b4-442d-b468-ecc5849a9171,37.7910725,-107.9706105
2019-10-31,2162.413569885135,184ff116-78b4-442d-b468-ecc5849a9171,37.7910725,-107.9706105
2019-11-01,-1357.3126623450466,184ff116-78b4-442d-b468-ecc5849a9171,37.7910725,-107.9706105
2019-11-02,-2501.005645399749,184ff116-78b4-442d-b468-ecc5849a9171,37.7910725,-107.9706105
2019-11-03,-2064.063618787671,184ff116-78b4-442d-b468-ecc5849a9171,37.7910725,-107.9706105
2019-11-04,-2806.3656181053093,184ff116-78b4-442d-b468-ecc5849a9171,37.7910725,-107.9706105
2019-11-05,-1947.6919640623219,184ff116-78b4-442d-b468-ecc5849a9171,37.7910725,-107.9706105
2019-11-06,-3223.818269077674,184ff116-78b4-442d-b468-ecc5849a9171,37.7910725,-107.9706105
2019-11-07,-2992.6370476515403,184ff116-78b4-442d-b468-ecc5849a9171,37.7910725,-107.9706105
2019-11-08,-3279.5310633458425,184ff116-78b4-442d-b468-ecc5849a9171,37.7910725,-107.9706105
2019-11-09,-3169.5857795974084,184ff116-78b4-442d-b468-ecc5849a9171,37.7910725,-107.9706105
2019-11-10,-1066.0110042078923,184ff116-78b4-442d-b468-ecc5849a9171,37.7910725,-107.9706105
2019-11-11,-3673.140507221652,184ff116-78b4-442d-b468-ecc5849a9171,37.7910725,-107.9706105
2019-11-12,-1763.0347822131228,184ff116-78b4-442d-b468-ecc5849a9171,37.7910725,-107.9706105
2019-11-13,-3647.4842943250283,184ff116-78b4-442d-b468-ecc5849a9171,37.7910725,-107.9706105
2019-11-14,-2469.5517297850556,184ff116-78b4-442d-b468-ecc5849a9171,37.7910725,-107.9706105
2019-11-15,697.0318890026156,184ff116-78b4-442d-b468-ecc5849a9171,37.7910725,-107.9706105
2019-11-16,-2466.624078244057,184ff116-78b4-442d-b468-ecc5849a9171,37.7910725,-107.9706105
2019-11-17,-3027.49965654498,184ff116-78b4-442d-b468-ecc5849a9171,37.7910725,-107.9706105
2019-11-18,-2102.282247242125,184ff116-78b4-442d-b468-ecc5849a9171,37.7910725,-107.9706105
2019-11-19,-2354.6661025815993,184ff116-78b4-442d-b468-ecc5849a9171,37.7910725,-107.9706105
2019-11-20,686.5439144774246,184ff116-78b4-442d-b468-ecc5849a9171,37.7910725,-107.9706105
2019-11-21,3682.239053792789,184ff116-78b4-442d-b468-ecc5849a9171,37.7910725,-107.9706105
2019-11-22,2339.0748686455136,184ff116-78b4-442d-b468-ecc5849a9171,37.7910725,-107.9706105
2019-11-23,6637.265110883657,184ff116-78b4-442d-b468-ecc5849a9171,37.7910725,-107.9706105
2019-11-24,6202.976795177982,184ff116-78b4-442d-b468-ecc5849a9171,37.7910725,-107.9706105
2019-11-25,3121.0256749687233,184ff116-78b4-442d-b468-ecc5849a9171,37.7910725,-107.9706105
2019-11-26,2485.804444444443,184ff116-78b4-442d-b468-ecc5849a9171,37.7910725,-107.9706105
2019-11-27,3371.280268395314,184ff116-78b4-442d-b468-ecc5849a9171,37.7910725,-107.9706105
2019-11-28,1588.2507221653593,184ff116-78b4-442d-b468-ecc5849a9171,37.7910725,-107.9706105
2019-11-29,5263.405950187649,184ff116-78b4-442d-b468-ecc5849a9171,37.7910725,-107.9706105
2019-11-30,5009.683079722505,184ff116-78b4-442d-b468-ecc5849a9171,37.7910725,-107.9706105
2019-12-01,5942.435692027745,184ff116-78b4-442d-b468-ecc5849a9171,37.7910725,-107.9706105
2019-12-02,4847.375730694869,184ff116-78b4-442d-b468-ecc5849a9171,37.7910725,-107.9706105
2019-12-03,4901.733538041624,184ff116-78b4-442d-b468-ecc5849a9171,37.7910725,-107.9706105
2019-12-04,5082.938519276696,184ff116-78b4-442d-b468-ecc5849a9171,37.7910725,-107.9706105
2019-12-05,3750.161592175593,184ff116-78b4-442d-b468-ecc5849a9171,37.7910725,-107.9706105
2019-12-06,6854.58739906744,184ff116-78b4-442d-b468-ecc5849a9171,37.7910725,-107.9706105
2019-12-07,5061.909996588195,184ff116-78b4-442d-b468-ecc5849a9171,37.7910725,-107.9706105
2019-12-08,4479.400309336971,184ff116-78b4-442d-b468-ecc5849a9171,37.7910725,-107.9706105
2019-12-09,5353.92921642215,184ff116-78b4-442d-b468-ecc5849a9171,37.7910725,-107.9706105
2019-12-10,6552.275996815646,184ff116-78b4-442d-b468-ecc5849a9171,37.7910725,-107.9706105
2019-12-11,6206.939083361759,184ff116-78b4-442d-b468-ecc5849a9171,37.7910725,-107.9706105
2019-12-12,6104.877952917089,184ff116-78b4-442d-b468-ecc5849a9171,37.7910725,-107.9706105
2019-12-13,6060.834900489024,184ff116-78b4-442d-b468-ecc5849a9171,37.7910725,-107.9706105
2019-12-14,1847.73023086546,184ff116-78b4-442d-b468-ecc5849a9171,37.7910725,-107.9706105
2019-12-15,2517.859224383032,184ff116-78b4-442d-b468-ecc5849a9171,37.7910725,-107.9706105
2019-12-16,5798.474800409412,184ff116-78b4-442d-b468-ecc5849a9171,37.7910725,-107.9706105
2019-12-17,6732.500129648582,184ff116-78b4-442d-b468-ecc5849a9171,37.7910725,-107.9706105
2019-12-18,5767.524840213802,184ff116-78b4-442d-b468-ecc5849a9171,37.7910725,-107.9706105
2019-12-19,5765.921278289545,184ff116-78b4-442d-b468-ecc5849a9171,37.7910725,-107.9706105
2019-12-20,6338.863127487769,184ff116-78b4-442d-b468-ecc5849a9171,37.7910725,-107.9706105
2019-12-21,5339.139288070054,184ff116-78b4-442d-b468-ecc5849a9171,37.7910725,-107.9706105
2019-12-22,4561.695403161602,184ff116-78b4-442d-b468-ecc5849a9171,37.7910725,-107.9706105
2019-12-23,2118.2771977709526,184ff116-78b4-442d-b468-ecc5849a9171,37.7910725,-107.9706105
2019-12-24,5178.523702945525,184ff116-78b4-442d-b468-ecc5849a9171,37.7910725,-107.9706105
2019-12-25,5146.978874104402,184ff116-78b4-442d-b468-ecc5849a9171,37.7910725,-107.9706105
2019-12-26,6353.177363812124,184ff116-78b4-442d-b468-ecc5849a9171,37.7910725,-107.9706105
2019-12-27,4806.460757420677,184ff116-78b4-442d-b468-ecc5849a9171,37.7910725,-107.9706105
2019-12-28,4115.693397020356,184ff116-78b4-442d-b468-ecc5849a9171,37.7910725,-107.9706105
2019-12-29,6883.365931991355,184ff116-78b4-442d-b468-ecc5849a9171,37.7910725,-107.9706105
2019-12-30,3788.110287728872,184ff116-78b4-442d-b468-ecc5849a9171,37.7910725,-107.9706105
2019-12-31,7038.0229819174365,184ff116-78b4-442d-b468-ecc5849a9171,37.7910725,-107.9706105
2020-01-01,1711.7259365404293,184ff116-78b4-442d-b468-ecc5849a9171,37.7910725,-107.9706105
2020-01-02,5454.082115319,184ff116-78b4-442d-b468-ecc5849a9171,37.7910725,-107.9706105
2020-01-03,5489.177177300125,184ff116-78b4-442d-b468-ecc5849a9171,37.7910725,-107.9706105
2020-01-04,3338.1461890139876,184ff116-78b4-442d-b468-ecc5849a9171,37.7910725,-107.9706105
2020-01-05,6066.111893551684,184ff116-78b4-442d-b468-ecc5849a9171,37.7910725,-107.9706105
2020-01-06,5588.456203798477,184ff116-78b4-442d-b468-ecc5849a9171,37.7910725,-107.9706105
2020-01-07,6620.3679654270445,184ff116-78b4-442d-b468-ecc5849a9171,37.7910725,-107.9706105
2020-01-08,2345.9342476970314,184ff116-78b4-442d-b468-ecc5849a9171,37.7910725,-107.9706105
2020-01-09,3405.2122142613434,184ff116-78b4-442d-b468-ecc5849a9171,37.7910725,-107.9706105
2020-01-10,2625.6249425679525,184ff116-78b4-442d-b468-ecc5849a9171,37.7910725,-107.9706105
2020-01-11,5246.049421130441,184ff116-78b4-442d-b468-ecc5849a9171,37.7910725,-107.9706105
2020-01-12,4168.20765609007,184ff116-78b4-442d-b468-ecc5849a9171,37.7910725,-107.9706105
2020-01-13,724.3514295462298,184ff116-78b4-442d-b468-ecc5849a9171,37.7910725,-107.9706105
2020-01-14,6792.140802911405,184ff116-78b4-442d-b468-ecc5849a9171,37.7910725,-107.9706105
2020-01-15,5478.005003980438,184ff116-78b4-442d-b468-ecc5849a9171,37.7910725,-107.9706105
2020-01-16,3716.7443056977154,184ff116-78b4-442d-b468-ecc5849a9171,37.7910725,-107.9706105
2020-01-17,1775.0634777664043,184ff116-78b4-442d-b468-ecc5849a9171,37.7910725,-107.9706105
2020-01-18,4800.071816217446,184ff116-78b4-442d-b468-ecc5849a9171,37.7910725,-107.9706105
2020-01-19,3259.629482542931,184ff116-78b4-442d-b468-ecc5849a9171,37.7910725,-107.9706105
2020-01-20,4071.482420106902,184ff116-78b4-442d-b468-ecc5849a9171,37.7910725,-107.9706105
2020-01-21,4846.708422608894,184ff116-78b4-442d-b468-ecc5849a9171,37.7910725,-107.9706105
2020-01-22,3632.6386261799134,184ff116-78b4-442d-b468-ecc5849a9171,37.7910725,-107.9706105
2020-01-23,5550.271324917546,184ff116-78b4-442d-b468-ecc5849a9171,37.7910725,-107.9706105
2020-01-24,5860.05897873308,184ff116-78b4-442d-b468-ecc5849a9171,37.7910725,-107.9706105
2020-01-25,5943.372300693731,184ff116-78b4-442d-b468-ecc5849a9171,37.7910725,-107.9706105
2020-01-26,4969.41530763107,184ff116-78b4-442d-b468-ecc5849a9171,37.7910725,-107.9706105
2020-01-27,4637.87610144433,184ff116-78b4-442d-b468-ecc5849a9171,37.7910725,-107.9706105
2020-01-28,4905.031088365745,184ff116-78b4-442d-b468-ecc5849a9171,37.7910725,-107.9706105
2020-01-29,3898.616535880814,184ff116-78b4-442d-b468-ecc5849a9171,37.7910725,-107.9706105
2020-01-30,6369.138996929372,184ff116-78b4-442d-b468-ecc5849a9171,37.7910725,-107.9706105
2020-01-31,1739.18006596156,184ff116-78b4-442d-b468-ecc5849a9171,37.7910725,-107.9706105
2020-02-01,2542.5020857500276,184ff116-78b4-442d-b468-ecc5849a9171,37.7910725,-107.9706105
2020-02-02,5788.3915569202745,184ff116-78b4-442d-b468-ecc5849a9171,37.7910725,-107.9706105
2020-02-03,4108.6211713863295,184ff116-78b4-442d-b468-ecc5849a9171,37.7910725,-107.9706105
2020-02-04,4915.439654270439,184ff116-78b4-442d-b468-ecc5849a9171,37.7910725,-107.9706105
2020-02-05,3488.18086659843,184ff116-78b4-442d-b468-ecc5849a9171,37.7910725,-107.9706105
2020-02-06,2069.4847674286366,184ff116-78b4-442d-b468-ecc5849a9171,37.7910725,-107.9706105
2020-02-07,3294.7359490503786,184ff116-78b4-442d-b468-ecc5849a9171,37.7910725,-107.9706105
2020-02-08,4624.0578232685075,184ff116-78b4-442d-b468-ecc5849a9171,37.7910725,-107.9706105
2020-02-09,744.5079358580688,184ff116-78b4-442d-b468-ecc5849a9171,37.7910725,-107.9706105
2020-02-10,3428.246700784716,184ff116-78b4-442d-b468-ecc5849a9171,37.7910725,-107.9706105
2020-02-11,2871.344683270782,184ff116-78b4-442d-b468-ecc5849a9171,37.7910725,-107.9706105
2020-02-12,3967.2572773797306,184ff116-78b4-442d-b468-ecc5849a9171,37.7910725,-107.9706105
2020-02-13,6295.367292164219,184ff116-78b4-442d-b468-ecc5849a9171,37.7910725,-107.9706105
2020-02-14,5033.345711361309,184ff116-78b4-442d-b468-ecc5849a9171,37.7910725,-107.9706105
2020-02-15,6973.086555214373,184ff116-78b4-442d-b468-ecc5849a9171,37.7910725,-107.9706105
2020-02-16,1607.4418105311033,184ff116-78b4-442d-b468-ecc5849a9171,37.7910725,-107.9706105
2020-02-17,2536.313972478105,184ff116-78b4-442d-b468-ecc5849a9171,37.7910725,-107.9706105
2020-02-18,2914.8778710337765,184ff116-78b4-442d-b468-ecc5849a9171,37.7910725,-107.9706105
2020-02-19,1874.1484499033322,184ff116-78b4-442d-b468-ecc5849a9171,37.7910725,-107.9706105
2020-02-20,5899.527319458655,184ff116-78b4-442d-b468-ecc5849a9171,37.7910725,-107.9706105
2020-02-21,2748.361505743205,184ff116-78b4-442d-b468-ecc5849a9171,37.7910725,-107.9706105
2020-02-22,2426.0835300807457,184ff116-78b4-442d-b468-ecc5849a9171,37.7910725,-107.9706105
2020-02-23,2847.521742295006,184ff116-78b4-442d-b468-ecc5849a9171,37.7910725,-107.9706105
2020-02-24,5005.058387353578,184ff116-78b4-442d-b468-ecc5849a9171,37.7910725,-107.9706105
2020-02-25,2622.4919640623225,184ff116-78b4-442d-b468-ecc5849a9171,37.7910725,-107.9706105
2020-02-26,5139.5875400887035,184ff116-78b4-442d-b468-ecc5849a9171,37.7910725,-107.9706105
2020-02-27,5294.76147389969,184ff116-78b4-442d-b468-ecc5849a9171,37.7910725,-107.9706105
2020-02-28,4632.346871374958,184ff116-78b4-442d-b468-ecc5849a9171,37.7910725,-107.9706105
2020-02-29,6142.265502103942,184ff116-78b4-442d-b468-ecc5849a9171,37.7910725,-107.9706105
2020-03-01,1871.1696667803922,184ff116-78b4-442d-b468-ecc5849a9171,37.7910725,-107.9706105
2020-03-02,3564.190146707607,184ff116-78b4-442d-b468-ecc5849a9171,37.7910725,-107.9706105
2020-03-03,5043.900780166038,184ff116-78b4-442d-b468-ecc5849a9171,37.7910725,-107.9706105
2020-03-04,6868.19389514386,184ff116-78b4-442d-b468-ecc5849a9171,37.7910725,-107.9706105
2020-03-05,6114.125094961902,184ff116-78b4-442d-b468-ecc5849a9171,37.7910725,-107.9706105
2020-03-06,6295.221780962126,184ff116-78b4-442d-b468-ecc5849a9171,37.7910725,-107.9706105
2020-03-07,5421.4655885363345,184ff116-78b4-442d-b468-ecc5849a9171,37.7910725,-107.9706105
2020-03-08,1724.0383623336727,184ff116-78b4-442d-b468-ecc5849a9171,37.7910725,-107.9706105
2020-03-09,2833.5309587171623,184ff116-78b4-442d-b468-ecc5849a9171,37.7910725,-107.9706105
2020-03-10,2107.4008552257465,184ff116-78b4-442d-b468-ecc5849a9171,37.7910725,-107.9706105
2020-03-11,3700.1560650517426,184ff116-78b4-442d-b468-ecc5849a9171,37.7910725,-107.9706105
2020-03-12,3356.0283134311367,184ff116-78b4-442d-b468-ecc5849a9171,37.7910725,-107.9706105
2020-03-13,3996.758903673377,184ff116-78b4-442d-b468-ecc5849a9171,37.7910725,-107.9706105
2020-03-14,1026.0622950073916,184ff116-78b4-442d-b468-ecc5849a9171,37.7910725,-107.9706105
2020-03-15,3680.762174456955,184ff116-78b4-442d-b468-ecc5849a9171,37.7910725,-107.9706105
2020-03-16,7043.499802115322,184ff116-78b4-442d-b468-ecc5849a9171,37.7910725,-107.9706105
2020-03-17,3642.8183145684056,184ff116-78b4-442d-b468-ecc5849a9171,37.7910725,-107.9706105
2020-03-18,4853.928938928691,184ff116-78b4-442d-b468-ecc5849a9171,37.7910725,-107.9706105
2020-03-19,3496.7029045831896,184ff116-78b4-442d-b468-ecc5849a9171,37.7910725,-107.9706105
2020-03-20,4762.358457864206,184ff116-78b4-442d-b468-ecc5849a9171,37.7910725,-107.9706105
2020-03-21,3461.45836460821,184ff116-78b4-442d-b468-ecc5849a9171,37.7910725,-107.9706105
2020-03-22,2969.95627885818,184ff116-78b4-442d-b468-ecc5849a9171,37.7910725,-107.9706105
2020-03-23,976.6088752416694,184ff116-78b4-442d-b468-ecc5849a9171,37.7910725,-107.9706105
2020-03-24,6144.957798248607,184ff116-78b4-442d-b468-ecc5849a9171,37.7910725,-107.9706105
2020-03-25,2237.6279995450914,184ff116-78b4-442d-b468-ecc5849a9171,37.7910725,-107.9706105
2020-03-26,4143.7716820197875,184ff116-78b4-442d-b468-ecc5849a9171,37.7910725,-107.9706105
2020-03-27,5421.613114977824,184ff116-78b4-442d-b468-ecc5849a9171,37.7910725,-107.9706105
2020-03-28,2424.005704537699,184ff116-78b4-442d-b468-ecc5849a9171,37.7910725,-107.9706105
2020-03-29,1971.4725668145102,184ff116-78b4-442d-b468-ecc5849a9171,37.7910725,-107.9706105
2020-03-30,2312.990501535311,184ff116-78b4-442d-b468-ecc5849a9171,37.7910725,-107.9706105
2020-03-31,5741.607624246561,184ff116-78b4-442d-b468-ecc5849a9171,37.7910725,-107.9706105
2020-04-01,6701.5184851586455,184ff116-78b4-442d-b468-ecc5849a9171,37.7910725,-107.9706105
2020-04-02,4178.236092346184,184ff116-78b4-442d-b468-ecc5849a9171,37.7910725,-107.9706105
2020-04-03,6702.2615808029095,184ff116-78b4-442d-b468-ecc5849a9171,37.7910725,-107.9706105
2020-04-04,569.0415739793013,184ff116-78b4-442d-b468-ecc5849a9171,37.7910725,-107.9706105
2020-04-05,6716.852418969633,184ff116-78b4-442d-b468-ecc5849a9171,37.7910725,-107.9706105
2020-04-06,6886.213387922211,184ff116-78b4-442d-b468-ecc5849a9171,37.7910725,-107.9706105
2020-04-07,6470.724899351759,184ff116-78b4-442d-b468-ecc5849a9171,37.7910725,-107.9706105
2020-04-08,7500.747681109972,184ff116-78b4-442d-b468-ecc5849a9171,37.7910725,-107.9706105
2020-04-09,723.400514045263,184ff116-78b4-442d-b468-ecc5849a9171,37.7910725,-107.9706105
2020-04-10,6689.206473331057,184ff116-78b4-442d-b468-ecc5849a9171,37.7910725,-107.9706105
2020-04-11,5963.072412146021,184ff116-78b4-442d-b468-ecc5849a9171,37.7910725,-107.9706105
2020-04-12,1906.9936585920607,184ff116-78b4-442d-b468-ecc5849a9171,37.7910725,-107.9706105
2020-04-13,2341.5693892869317,184ff116-78b4-442d-b468-ecc5849a9171,37.7910725,-107.9706105
2020-04-14,5110.389550779026,184ff116-78b4-442d-b468-ecc5849a9171,37.7910725,-107.9706105
2020-04-15,852.0527328556803,184ff116-78b4-442d-b468-ecc5849a9171,37.7910725,-107.9706105
2020-04-16,1443.1853747298987,184ff116-78b4-442d-b468-ecc5849a9171,37.7910725,-107.9706105
2020-04-17,5265.8170817695855,184ff116-78b4-442d-b468-ecc5849a9171,37.7910725,-107.9706105
2020-04-18,1049.9986261799154,184ff116-78b4-442d-b468-ecc5849a9171,37.7910725,-107.9706105
2020-04-19,7244.6407596952085,184ff116-78b4-442d-b468-ecc5849a9171,37.7910725,-107.9706105
2020-04-20,4564.500980325255,184ff116-78b4-442d-b468-ecc5849a9171,37.7910725,-107.9706105
2020-04-21,1087.2917820993969,184ff116-78b4-442d-b468-ecc5849a9171,37.7910725,-107.9706105
2020-04-22,3595.2628045035835,184ff116-78b4-442d-b468-ecc5849a9171,37.7910725,-107.9706105
2020-04-23,1718.703200272943,184ff116-78b4-442d-b468-ecc5849a9171,37.7910725,-107.9706105
2020-04-24,5641.032020925732,184ff116-78b4-442d-b468-ecc5849a9171,37.7910725,-107.9706105
2020-04-25,5490.09172296144,184ff116-78b4-442d-b468-ecc5849a9171,37.7910725,-107.9706105
2020-04-26,2993.2556715569185,184ff116-78b4-442d-b468-ecc5849a9171,37.7910725,-107.9706105
2020-04-27,4726.352635050606,184ff116-78b4-442d-b468-ecc5849a9171,37.7910725,-107.9706105
2020-04-28,5898.566032070967,184ff116-78b4-442d-b468-ecc5849a9171,37.7910725,-107.9706105
2020-04-29,5811.191452291591,184ff116-78b4-442d-b468-ecc5849a9171,37.7910725,-107.9706105
2020-04-30,3460.100234277266,184ff116-78b4-442d-b468-ecc5849a9171,37.7910725,-107.9706105
2020-05-01,4979.2627044239725,184ff116-78b4-442d-b468-ecc5849a9171,37.7910725,-107.9706105
2020-05-02,2557.123029682701,184ff116-78b4-442d-b468-ecc5849a9171,37.7910725,-107.9706105
2020-05-03,4118.62025702263,184ff116-78b4-442d-b468-ecc5849a9171,37.7910725,-107.9706105
2020-05-04,777.0082474695781,184ff116-78b4-442d-b468-ecc5849a9171,37.7910725,-107.9706105
2020-05-05,4676.494679858974,184ff116-78b4-442d-b468-ecc5849a9171,37.7910725,-107.9706105
2020-05-06,3431.3254088479466,184ff116-78b4-442d-b468-ecc5849a9171,37.7910725,-107.9706105
2020-05-07,1320.5738064369377,184ff116-78b4-442d-b468-ecc5849a9171,37.7910725,-107.9706105
2020-05-08,2001.1293847378593,184ff116-78b4-442d-b468-ecc5849a9171,37.7910725,-107.9706105
2020-05-09,-827.1453292391673,184ff116-78b4-442d-b468-ecc5849a9171,37.7910725,-107.9706105
2020-05-10,1319.1385920618673,184ff116-78b4-442d-b468-ecc5849a9171,37.7910725,-107.9706105
2020-05-11,1831.1976526782664,184ff116-78b4-442d-b468-ecc5849a9171,37.7910725,-107.9706105
2020-05-12,47.3199954509268,184ff116-78b4-442d-b468-ecc5849a9171,37.7910725,-107.9706105
2020-05-13,-1910.1900284317067,184ff116-78b4-442d-b468-ecc5849a9171,37.7910725,-107.9706105
2020-05-14,-1379.293356078698,184ff116-78b4-442d-b468-ecc5849a9171,37.7910725,-107.9706105
2020-05-15,1930.0470874559294,184ff116-78b4-442d-b468-ecc5849a9171,37.7910725,-107.9706105
2020-05-16,-177.77674058910483,184ff116-78b4-442d-b468-ecc5849a9171,37.7910725,-107.9706105
2020-05-17,156.44463550551566,184ff116-78b4-442d-b468-ecc5849a9171,37.7910725,-107.9706105
2020-05-18,-3308.941148640962,184ff116-78b4-442d-b468-ecc5849a9171,37.7910725,-107.9706105
2020-05-19,-1324.3790697145446,184ff116-78b4-442d-b468-ecc5849a9171,37.7910725,-107.9706105
2020-05-20,-2837.798598885478,184ff116-78b4-442d-b468-ecc5849a9171,37.7910725,-107.9706105
2020-05-21,-3350.7653315137036,184ff116-78b4-442d-b468-ecc5849a9171,37.7910725,-107.9706105
2020-05-22,-1723.7133674513814,184ff116-78b4-442d-b468-ecc5849a9171,37.7910725,-107.9706105
2020-05-23,-3984.846382349595,184ff116-78b4-442d-b468-ecc5849a9171,37.7910725,-107.9706105
2020-05-24,1030.8179551916292,184ff116-78b4-442d-b468-ecc5849a9171,37.7910725,-107.9706105
2020-05-25,-3520.0298783122935,184ff116-78b4-442d-b468-ecc5849a9171,37.7910725,-107.9706105
2020-05-26,-3246.655207551461,184ff116-78b4-442d-b468-ecc5849a9171,37.7910725,-107.9706105
2020-05-27,-3212.2809234618435,184ff116-78b4-442d-b468-ecc5849a9171,37.7910725,-107.9706105
2020-05-28,1069.9261776413052,184ff116-78b4-442d-b468-ecc5849a9171,37.7910725,-107.9706105
2020-05-29,-1214.4595155237118,184ff116-78b4-442d-b468-ecc5849a9171,37.7910725,-107.9706105
2020-05-30,4981.18991488113,184ff116-78b4-442d-b468-ecc5849a9171,37.7910725,-107.9706105
2020-05-31,1588.166291368134,184ff116-78b4-442d-b468-ecc5849a9171,37.7910725,-107.9706105
2020-06-01,1563.7349027635616,184ff116-78b4-442d-b468-ecc5849a9171,37.7910725,-107.9706105
2020-06-02,-3018.7502604344345,184ff116-78b4-442d-b468-ecc5849a9171,37.7910725,-107.9706105
2020-06-03,-1295.26357329694,184ff116-78b4-442d-b468-ecc5849a9171,37.7910725,-107.9706105
2020-06-04,-3518.9151188445326,184ff116-78b4-442d-b468-ecc5849a9171,37.7910725,-107.9706105
2020-06-05,-1391.7541089503018,184ff116-78b4-442d-b468-ecc5849a9171,37.7910725,-107.9706105
2020-06-06,2057.6538537308393,184ff116-78b4-442d-b468-ecc5849a9171,37.7910725,-107.9706105
2020-06-07,-629.965395200728,184ff116-78b4-442d-b468-ecc5849a9171,37.7910725,-107.9706105
2020-06-08,-1899.9911429546212,184ff116-78b4-442d-b468-ecc5849a9171,37.7910725,-107.9706105
2020-06-09,-739.8884931195264,184ff116-78b4-442d-b468-ecc5849a9171,37.7910725,-107.9706105
2020-06-10,-3738.3514340953043,184ff116-78b4-442d-b468-ecc5849a9171,37.7910725,-107.9706105
2020-06-11,-3526.2107312635053,184ff116-78b4-442d-b468-ecc5849a9171,37.7910725,-107.9706105
2020-06-12,-464.3649084499033,184ff116-78b4-442d-b468-ecc5849a9171,37.7910725,-107.9706105
2020-06-13,477.34836802001576,184ff116-78b4-442d-b468-ecc5849a9171,37.7910725,-107.9706105
2020-06-14,-2657.592803366314,184ff116-78b4-442d-b468-ecc5849a9171,37.7910725,-107.9706105
2020-06-15,-4410.253201410212,184ff116-78b4-442d-b468-ecc5849a9171,37.7910725,-107.9706105
2020-06-16,-515.1725054020241,184ff116-78b4-442d-b468-ecc5849a9171,37.7910725,-107.9706105
2020-06-17,-4062.735967246672,184ff116-78b4-442d-b468-ecc5849a9171,37.7910725,-107.9706105
2020-06-18,-409.9924849311951,184ff116-78b4-442d-b468-ecc5849a9171,37.7910725,-107.9706105
2020-06-19,949.9323279881722,184ff116-78b4-442d-b468-ecc5849a9171,37.7910725,-107.9706105
2020-06-20,-3441.7265233708617,184ff116-78b4-442d-b468-ecc5849a9171,37.7910725,-107.9706105
2020-06-21,984.4023518708059,184ff116-78b4-442d-b468-ecc5849a9171,37.7910725,-107.9706105
2020-06-22,-1288.0576185602179,184ff116-78b4-442d-b468-ecc5849a9171,37.7910725,-107.9706105
2020-06-23,-2352.3419083361764,184ff116-78b4-442d-b468-ecc5849a9171,37.7910725,-107.9706105
2020-06-24,-4309.997279654269,184ff116-78b4-442d-b468-ecc5849a9171,37.7910725,-107.9706105
2020-06-25,1747.5679153872388,184ff116-78b4-442d-b468-ecc5849a9171,37.7910725,-107.9706105
2020-06-26,-1879.3622745365624,184ff116-78b4-442d-b468-ecc5849a9171,37.7910725,-107.9706105
2020-06-27,-2473.6367792562255,184ff116-78b4-442d-b468-ecc5849a9171,37.7910725,-107.9706105
2020-06-28,-957.0527737973384,184ff116-78b4-442d-b468-ecc5849a9171,37.7910725,-107.9706105
2020-06-29,-2255.991520527692,184ff116-78b4-442d-b468-ecc5849a9171,37.7910725,-107.9706105
2020-06-30,-2674.8451268054114,184ff116-78b4-442d-b468-ecc5849a9171,37.7910725,-107.9706105
2020-07-01,-4172.38891390879,184ff116-78b4-442d-b468-ecc5849a9171,37.7910725,-107.9706105
2020-07-02,-67.25184123734785,184ff116-78b4-442d-b468-ecc5849a9171,37.7910725,-107.9706105
2020-07-03,-1294.487078357784,184ff116-78b4-442d-b468-ecc5849a9171,37.7910725,-107.9706105
2020-07-04,-965.9056249289201,184ff116-78b4-442d-b468-ecc5849a9171,37.7910725,-107.9706105
2020-07-05,665.3156374388714,184ff116-78b4-442d-b468-ecc5849a9171,37.7910725,-107.9706105
2020-07-06,-3227.64269305129,184ff116-78b4-442d-b468-ecc5849a9171,37.7910725,-107.9706105
2020-07-07,-148.8601887865347,184ff116-78b4-442d-b468-ecc5849a9171,37.7910725,-107.9706105
2020-07-08,-1671.1390014784483,184ff116-78b4-442d-b468-ecc5849a9171,37.7910725,-107.9706105
2020-07-09,-1547.8219447287609,184ff116-78b4-442d-b468-ecc5849a9171,37.7910725,-107.9706105
2020-07-10,-4239.164521778687,184ff116-78b4-442d-b468-ecc5849a9171,37.7910725,-107.9706105
2020-07-11,-1954.6602797679961,184ff116-78b4-442d-b468-ecc5849a9171,37.7910725,-107.9706105
2020-07-12,-1797.8662754463764,184ff116-78b4-442d-b468-ecc5849a9171,37.7910725,-107.9706105
2020-07-13,1734.5261230524266,184ff116-78b4-442d-b468-ecc5849a9171,37.7910725,-107.9706105
2020-07-14,-1135.0478471511426,184ff116-78b4-442d-b468-ecc5849a9171,37.7910725,-107.9706105
2020-07-15,-2638.4868736494914,184ff116-78b4-442d-b468-ecc5849a9171,37.7910725,-107.9706105
2020-07-16,3592.441232798816,184ff116-78b4-442d-b468-ecc5849a9171,37.7910725,-107.9706105
2020-07-17,3021.289052320698,184ff116-78b4-442d-b468-ecc5849a9171,37.7910725,-107.9706105
2020-07-18,-132.91263505060843,184ff116-78b4-442d-b468-ecc5849a9171,37.7910725,-107.9706105
2020-07-19,5426.448584100989,184ff116-78b4-442d-b468-ecc5849a9171,37.7910725,-107.9706105
2020-07-20,35.629518935516906,184ff116-78b4-442d-b468-ecc5849a9171,37.7910725,-107.9706105
2020-07-21,4848.126368159206,184ff116-78b4-442d-b468-ecc5849a9171,37.7910725,-107.9706105
2020-07-22,5722.140031414097,184ff116-78b4-442d-b468-ecc5849a9171,37.7910725,-107.9706105
2020-07-23,176.3803571022404,184ff116-78b4-442d-b468-ecc5849a9171,37.7910725,-107.9706105
2020-07-24,608.5401296485841,184ff116-78b4-442d-b468-ecc5849a9171,37.7910725,-107.9706105
2020-07-25,3395.171609234618,184ff116-78b4-442d-b468-ecc5849a9171,37.7910725,-107.9706105
2020-07-26,-797.7711361310126,184ff116-78b4-442d-b468-ecc5849a9171,37.7910725,-107.9706105
2020-07-27,5447.651677470715,184ff116-78b4-442d-b468-ecc5849a9171,37.7910725,-107.9706105
2020-07-28,-2177.5107062436023,184ff116-78b4-442d-b468-ecc5849a9171,37.7910725,-107.9706105
2020-07-29,1152.624992607756,184ff116-78b4-442d-b468-ecc5849a9171,37.7910725,-107.9706105
2020-07-30,-2839.360095530534,184ff116-78b4-442d-b468-ecc5849a9171,37.7910725,-107.9706105
2020-07-31,-3020.4945752302956,184ff116-78b4-442d-b468-ecc5849a9171,37.7910725,-107.9706105
2020-08-01,-1189.8208256567718,184ff116-78b4-442d-b468-ecc5849a9171,37.7910725,-107.9706105
2020-08-02,2312.226994199931,184ff116-78b4-442d-b468-ecc5849a9171,37.7910725,-107.9706105
2020-08-03,2293.898310019331,184ff116-78b4-442d-b468-ecc5849a9171,37.7910725,-107.9706105
2020-08-04,-3716.2464369384716,184ff116-78b4-442d-b468-ecc5849a9171,37.7910725,-107.9706105
2020-08-05,-102.35842602069823,184ff116-78b4-442d-b468-ecc5849a9171,37.7910725,-107.9706105
2020-08-06,-3329.912002729445,184ff116-78b4-442d-b468-ecc5849a9171,37.7910725,-107.9706105
2020-08-07,-3631.5072171045126,184ff116-78b4-442d-b468-ecc5849a9171,37.7910725,-107.9706105
2020-08-08,-712.0235732969402,184ff116-78b4-442d-b468-ecc5849a9171,37.7910725,-107.9706105
2020-08-09,681.1272239281245,184ff116-78b4-442d-b468-ecc5849a9171,37.7910725,-107.9706105
2020-08-10,-421.2152075514614,184ff116-78b4-442d-b468-ecc5849a9171,37.7910725,-107.9706105
2020-08-11,-4179.119868076879,184ff116-78b4-442d-b468-ecc5849a9171,37.7910725,-107.9706105
2020-08-12,1047.9752211986806,184ff116-78b4-442d-b468-ecc5849a9171,37.7910725,-107.9706105
2020-08-13,-2165.211290799499,184ff116-78b4-442d-b468-ecc5849a9171,37.7910725,-107.9706105
2020-08-14,-503.8531013306035,184ff116-78b4-442d-b468-ecc5849a9171,37.7910725,-107.9706105
2020-08-15,-2852.2363698396443,184ff116-78b4-442d-b468-ecc5849a9171,37.7910725,-107.9706105
2020-08-16,-3394.1005663596043,184ff116-78b4-442d-b468-ecc5849a9171,37.7910725,-107.9706105
2020-08-17,-1762.7806027521879,184ff116-78b4-442d-b468-ecc5849a9171,37.7910725,-107.9706105
2020-08-18,-3548.7366723530067,184ff116-78b4-442d-b468-ecc5849a9171,37.7910725,-107.9706105
2020-08-19,4065.63843056977,184ff116-78b4-442d-b468-ecc5849a9171,37.7910725,-107.9706105
2020-08-20,-1117.4176049129987,184ff116-78b4-442d-b468-ecc5849a9171,37.7910725,-107.9706105
2020-08-21,-1704.8075560104621,184ff116-78b4-442d-b468-ecc5849a9171,37.7910725,-107.9706105
2020-08-22,-1036.5553508472644,184ff116-78b4-442d-b468-ecc5849a9171,37.7910725,-107.9706105
2020-08-23,1289.638990105766,184ff116-78b4-442d-b468-ecc5849a9171,37.7910725,-107.9706105
2020-08-24,1805.311515978619,184ff116-78b4-442d-b468-ecc5849a9171,37.7910725,-107.9706105
2020-08-25,1918.2188422608872,184ff116-78b4-442d-b468-ecc5849a9171,37.7910725,-107.9706105
2020-08-26,515.5684021380641,184ff116-78b4-442d-b468-ecc5849a9171,37.7910725,-107.9706105
2020-08-27,2087.9365404298865,184ff116-78b4-442d-b468-ecc5849a9171,37.7910725,-107.9706105
2020-08-28,-648.7887910838168,184ff116-78b4-442d-b468-ecc5849a9171,37.7910725,-107.9706105
2020-08-29,-823.6365199590583,184ff116-78b4-442d-b468-ecc5849a9171,37.7910725,-107.9706105
2020-08-30,2521.7873262822686,184ff116-78b4-442d-b468-ecc5849a9171,37.7910725,-107.9706105
2020-08-31,-179.65697714090754,184ff116-78b4-442d-b468-ecc5849a9171,37.7910725,-107.9706105
2020-09-01,-2085.692428067781,184ff116-78b4-442d-b468-ecc5849a9171,37.7910725,-107.9706105
2020-09-02,-2793.120805185943,184ff116-78b4-442d-b468-ecc5849a9171,37.7910725,-107.9706105
2020-09-03,-4277.427080632319,184ff116-78b4-442d-b468-ecc5849a9171,37.7910725,-107.9706105
2020-09-04,-2300.294306834982,184ff116-78b4-442d-b468-ecc5849a9171,37.7910725,-107.9706105
2020-09-05,-4000.9942408734205,184ff116-78b4-442d-b468-ecc5849a9171,37.7910725,-107.9706105
2020-09-06,-2872.7530035255304,184ff116-78b4-442d-b468-ecc5849a9171,37.7910725,-107.9706105
2020-09-07,-1027.211463664278,184ff116-78b4-442d-b468-ecc5849a9171,37.7910725,-107.9706105
2020-09-08,6342.14726714432,184ff116-78b4-442d-b468-ecc5849a9171,37.7910725,-107.9706105
2020-09-09,160.01714090753998,184ff116-78b4-442d-b468-ecc5849a9171,37.7910725,-107.9706105
2020-09-10,4088.857932446263,184ff116-78b4-442d-b468-ecc5849a9171,37.7910725,-107.9706105
2020-09-11,1254.760432161947,184ff116-78b4-442d-b468-ecc5849a9171,37.7910725,-107.9706105
2020-09-12,-3036.4923097918795,184ff116-78b4-442d-b468-ecc5849a9171,37.7910725,-107.9706105
2020-09-13,-373.1504833390194,184ff116-78b4-442d-b468-ecc5849a9171,37.7910725,-107.9706105
2020-09-14,-1409.120832480382,184ff116-78b4-442d-b468-ecc5849a9171,37.7910725,-107.9706105
2020-09-15,-157.66789491641072,184ff116-78b4-442d-b468-ecc5849a9171,37.7910725,-107.9706105
2020-09-16,-1687.6311566018428,184ff116-78b4-442d-b468-ecc5849a9171,37.7910725,-107.9706105
2020-09-17,-488.8049584897075,184ff116-78b4-442d-b468-ecc5849a9171,37.7910725,-107.9706105
2020-09-18,-2186.682834072557,184ff116-78b4-442d-b468-ecc5849a9171,37.7910725,-107.9706105
2020-09-19,1619.1650676674622,184ff116-78b4-442d-b468-ecc5849a9171,37.7910725,-107.9706105
2020-09-20,137.0290185374729,184ff116-78b4-442d-b468-ecc5849a9171,37.7910725,-107.9706105
2020-09-21,-2508.9508927556003,184ff116-78b4-442d-b468-ecc5849a9171,37.7910725,-107.9706105
2020-09-22,4345.420261571702,184ff116-78b4-442d-b468-ecc5849a9171,37.7910725,-107.9706105
2020-09-23,-2992.886036620037,184ff116-78b4-442d-b468-ecc5849a9171,37.7910725,-107.9706105
2020-09-24,-3232.8985420220633,184ff116-78b4-442d-b468-ecc5849a9171,37.7910725,-107.9706105
2020-09-25,-2917.9127669737286,184ff116-78b4-442d-b468-ecc5849a9171,37.7910725,-107.9706105
2020-09-26,-3887.7912066416443,184ff116-78b4-442d-b468-ecc5849a9171,37.7910725,-107.9706105
2020-09-27,-1791.5123166154885,184ff116-78b4-442d-b468-ecc5849a9171,37.7910725,-107.9706105
2020-09-28,-3383.118580689183,184ff116-78b4-442d-b468-ecc5849a9171,37.7910725,-107.9706105
2020-09-29,-3248.1992675992246,184ff116-78b4-442d-b468-ecc5849a9171,37.7910725,-107.9706105
2020-09-30,-3750.995127942677,184ff116-78b4-442d-b468-ecc5849a9171,37.7910725,-107.9706105
2020-10-01,-3374.702445126804,184ff116-78b4-442d-b468-ecc5849a9171,37.7910725,-107.9706105
2020-10-02,-1985.9991311270335,184ff116-78b4-442d-b468-ecc5849a9171,37.7910725,-107.9706105
2020-10-03,-4012.9790105765946,184ff116-78b4-442d-b468-ecc5849a9171,37.7910725,-107.9706105
2020-10-04,-2881.183768907085,184ff116-78b4-442d-b468-ecc5849a9171,37.7910725,-107.9706105
2020-10-05,-4065.261885590808,184ff116-78b4-442d-b468-ecc5849a9171,37.7910725,-107.9706105
2020-10-06,-2116.13588991243,184ff116-78b4-442d-b468-ecc5849a9171,37.7910725,-107.9706105
2020-10-07,-3907.8187239849867,184ff116-78b4-442d-b468-ecc5849a9171,37.7910725,-107.9706105
2020-10-08,-2901.7940452632765,184ff116-78b4-442d-b468-ecc5849a9171,37.7910725,-107.9706105
2020-10-09,-3710.3161924257947,184ff116-78b4-442d-b468-ecc5849a9171,37.7910725,-107.9706105
2020-10-10,-2907.3347253497086,184ff116-78b4-442d-b468-ecc5849a9171,37.7910725,-107.9706105
2020-10-11,-2555.4112453087655,184ff116-78b4-442d-b468-ecc5849a9171,37.7910725,-107.9706105
2020-10-12,-4329.241965199589,184ff116-78b4-442d-b468-ecc5849a9171,37.7910725,-107.9706105
2020-10-13,-2176.7131900375302,184ff116-78b4-442d-b468-ecc5849a9171,37.7910725,-107.9706105
2020-10-14,-4186.552666894118,184ff116-78b4-442d-b468-ecc5849a9171,37.7910725,-107.9706105
2020-10-15,-180.27699306266345,184ff116-78b4-442d-b468-ecc5849a9171,37.7910725,-107.9706105
2020-10-16,-3735.754295462301,184ff116-78b4-442d-b468-ecc5849a9171,37.7910725,-107.9706105
2020-10-17,-3679.4818105311037,184ff116-78b4-442d-b468-ecc5849a9171,37.7910725,-107.9706105
2020-10-18,-3451.555291709312,184ff116-78b4-442d-b468-ecc5849a9171,37.7910725,-107.9706105
2020-10-19,-4072.5029364267007,184ff116-78b4-442d-b468-ecc5849a9171,37.7910725,-107.9706105
2020-10-20,-2607.00416240191,184ff116-78b4-442d-b468-ecc5849a9171,37.7910725,-107.9706105
2020-10-21,-4275.531281701352,184ff116-78b4-442d-b468-ecc5849a9171,37.7910725,-107.9706105
2020-10-22,-2531.0162037984765,184ff116-78b4-442d-b468-ecc5849a9171,37.7910725,-107.9706105
2020-10-23,-4038.136335721597,184ff116-78b4-442d-b468-ecc5849a9171,37.7910725,-107.9706105
2020-10-24,-2403.9134311384055,184ff116-78b4-442d-b468-ecc5849a9171,37.7910725,-107.9706105
2020-10-25,4274.519481405663,184ff116-78b4-442d-b468-ecc5849a9171,37.7910725,-107.9706105
2020-10-26,2027.5145547594668,184ff116-78b4-442d-b468-ecc5849a9171,37.7910725,-107.9706105
2020-10-27,5085.623086546113,184ff116-78b4-442d-b468-ecc5849a9171,37.7910725,-107.9706105
2020-10-28,3527.537864210166,184ff116-78b4-442d-b468-ecc5849a9171,37.7910725,-107.9706105
2020-10-29,-313.0042442852266,184ff116-78b4-442d-b468-ecc5849a9171,37.7910725,-107.9706105
2020-10-30,-2022.356811099737,184ff116-78b4-442d-b468-ecc5849a9171,37.7910725,-107.9706105
2020-10-31,-2074.9375048333895,184ff116-78b4-442d-b468-ecc5849a9171,37.7910725,-107.9706105
2020-11-01,-2973.4114909587156,184ff116-78b4-442d-b468-ecc5849a9171,37.7910725,-107.9706105
2020-11-02,-2835.993076310701,184ff116-78b4-442d-b468-ecc5849a9171,37.7910725,-107.9706105
2020-11-03,-3131.443602865917,184ff116-78b4-442d-b468-ecc5849a9171,37.7910725,-107.9706105
2020-11-04,-3352.50748549983,184ff116-78b4-442d-b468-ecc5849a9171,37.7910725,-107.9706105
2020-11-05,-2717.1359035596483,184ff116-78b4-442d-b468-ecc5849a9171,37.7910725,-107.9706105
2020-11-06,-869.7104742408734,184ff116-78b4-442d-b468-ecc5849a9171,37.7910725,-107.9706105
2020-11-07,1866.816581371546,184ff116-78b4-442d-b468-ecc5849a9171,37.7910725,-107.9706105
2020-11-08,3515.9361992494028,184ff116-78b4-442d-b468-ecc5849a9171,37.7910725,-107.9706105
2020-11-09,1541.2711838962805,184ff116-78b4-442d-b468-ecc5849a9171,37.7910725,-107.9706105
2020-11-10,6618.598107585579,184ff116-78b4-442d-b468-ecc5849a9171,37.7910725,-107.9706105
2020-11-11,7074.0167223928165,184ff116-78b4-442d-b468-ecc5849a9171,37.7910725,-107.9706105
2020-11-12,5932.807032867047,184ff116-78b4-442d-b468-ecc5849a9171,37.7910725,-107.9706105
2020-11-13,6842.937054475144,184ff116-78b4-442d-b468-ecc5849a9171,37.7910725,-107.9706105
2020-11-14,1577.2606573410665,184ff116-78b4-442d-b468-ecc5849a9171,37.7910725,-107.9706105
2020-11-15,6177.18268622768,184ff116-78b4-442d-b468-ecc5849a9171,37.7910725,-107.9706105
2020-11-16,5326.032380302509,184ff116-78b4-442d-b468-ecc5849a9171,37.7910725,-107.9706105
2020-11-17,5955.770094393269,184ff116-78b4-442d-b468-ecc5849a9171,37.7910725,-107.9706105
2020-11-18,2189.485649948822,184ff116-78b4-442d-b468-ecc5849a9171,37.7910725,-107.9706105
2020-11-19,5101.225515751165,184ff116-78b4-442d-b468-ecc5849a9171,37.7910725,-107.9706105
2020-11-20,3439.1331331741158,184ff116-78b4-442d-b468-ecc5849a9171,37.7910725,-107.9706105
2020-11-21,786.1242124417148,184ff116-78b4-442d-b468-ecc5849a9171,37.7910725,-107.9706105
2020-11-22,5293.059797566242,184ff116-78b4-442d-b468-ecc5849a9171,37.7910725,-107.9706105
2020-11-23,1590.4432662345037,184ff116-78b4-442d-b468-ecc5849a9171,37.7910725,-107.9706105
2020-11-24,1639.4564949391556,184ff116-78b4-442d-b468-ecc5849a9171,37.7910725,-107.9706105
2020-11-25,6339.672876151476,184ff116-78b4-442d-b468-ecc5849a9171,37.7910725,-107.9706105
2020-11-26,5148.110351415896,184ff116-78b4-442d-b468-ecc5849a9171,37.7910725,-107.9706105
2020-11-27,5546.263477766403,184ff116-78b4-442d-b468-ecc5849a9171,37.7910725,-107.9706105
2020-11-28,4592.575444103261,184ff116-78b4-442d-b468-ecc5849a9171,37.7910725,-107.9706105
2020-11-29,6137.467167064707,184ff116-78b4-442d-b468-ecc5849a9171,37.7910725,-107.9706105
2020-11-30,3810.4233867849402,184ff116-78b4-442d-b468-ecc5849a9171,37.7910725,-107.9706105
2020-12-01,4513.386207210281,184ff116-78b4-442d-b468-ecc5849a9171,37.7910725,-107.9706105
2020-12-02,3493.936199249402,184ff116-78b4-442d-b468-ecc5849a9171,37.7910725,-107.9706105
2020-12-03,4032.490808597745,184ff116-78b4-442d-b468-ecc5849a9171,37.7910725,-107.9706105
2020-12-04,4314.124767428634,184ff116-78b4-442d-b468-ecc5849a9171,37.7910725,-107.9706105
2020-12-05,3830.7725599909018,184ff116-78b4-442d-b468-ecc5849a9171,37.7910725,-107.9706105
2020-12-06,4853.015357670875,184ff116-78b4-442d-b468-ecc5849a9171,37.7910725,-107.9706105
2020-12-07,3718.3226703059217,184ff116-78b4-442d-b468-ecc5849a9171,37.7910725,-107.9706105
2020-12-08,5043.460802911406,184ff116-78b4-442d-b468-ecc5849a9171,37.7910725,-107.9706105
2020-12-09,3964.633449334698,184ff116-78b4-442d-b468-ecc5849a9171,37.7910725,-107.9706105
2020-12-10,4830.390128511317,184ff116-78b4-442d-b468-ecc5849a9171,37.7910725,-107.9706105
2020-12-11,4060.324667349027,184ff116-78b4-442d-b468-ecc5849a9171,37.7910725,-107.9706105
2020-12-12,2656.002320027294,184ff116-78b4-442d-b468-ecc5849a9171,37.7910725,-107.9706105
2020-12-13,6103.623031957237,184ff116-78b4-442d-b468-ecc5849a9171,37.7910725,-107.9706105
2020-12-14,1672.3937268281575,184ff116-78b4-442d-b468-ecc5849a9171,37.7910725,-107.9706105
2020-12-15,6096.87511884453,184ff116-78b4-442d-b468-ecc5849a9171,37.7910725,-107.9706105
2020-12-16,3468.6340589104952,184ff116-78b4-442d-b468-ecc5849a9171,37.7910725,-107.9706105
2020-12-17,3569.5613010349134,184ff116-78b4-442d-b468-ecc5849a9171,37.7910725,-107.9706105
2020-12-18,1123.54467872171,184ff116-78b4-442d-b468-ecc5849a9171,37.7910725,-107.9706105
2020-12-19,6470.956319799836,184ff116-78b4-442d-b468-ecc5849a9171,37.7910725,-107.9706105
2020-12-20,5470.691522802229,184ff116-78b4-442d-b468-ecc5849a9171,37.7910725,-107.9706105
2020-12-21,5442.076237916523,184ff116-78b4-442d-b468-ecc5849a9171,37.7910725,-107.9706105
2020-12-22,2667.6160400318427,184ff116-78b4-442d-b468-ecc5849a9171,37.7910725,-107.9706105
2020-12-23,1842.6159899920378,184ff116-78b4-442d-b468-ecc5849a9171,37.7910725,-107.9706105
2020-12-24,5231.016508586374,184ff116-78b4-442d-b468-ecc5849a9171,37.7910725,-107.9706105
2020-12-25,4836.339642897761,184ff116-78b4-442d-b468-ecc5849a9171,37.7910725,-107.9706105
2020-12-26,5634.732823837141,184ff116-78b4-442d-b468-ecc5849a9171,37.7910725,-107.9706105
2020-12-27,2777.1292164221536,184ff116-78b4-442d-b468-ecc5849a9171,37.7910725,-107.9706105
2020-12-28,3192.8902900034113,184ff116-78b4-442d-b468-ecc5849a9171,37.7910725,-107.9706105
2020-12-29,4639.689835096098,184ff116-78b4-442d-b468-ecc5849a9171,37.7910725,-107.9706105
2020-12-30,6069.361487546908,184ff116-78b4-442d-b468-ecc5849a9171,37.7910725,-107.9706105
2020-12-31,1510.8124781075855,184ff116-78b4-442d-b468-ecc5849a9171,37.7910725,-107.9706105
2021-01-01,755.8617081769585,184ff116-78b4-442d-b468-ecc5849a9171,37.7910725,-107.9706105
2021-01-02,4959.101580802911,184ff116-78b4-442d-b468-ecc5849a9171,37.7910725,-107.9706105
2021-01-03,3644.038621630842,184ff116-78b4-442d-b468-ecc5849a9171,37.7910725,-107.9706105
2021-01-04,6117.251299897644,184ff116-78b4-442d-b468-ecc5849a9171,37.7910725,-107.9706105
2021-01-05,2506.007851700216,184ff116-78b4-442d-b468-ecc5849a9171,37.7910725,-107.9706105
2021-01-06,4320.279267599226,184ff116-78b4-442d-b468-ecc5849a9171,37.7910725,-107.9706105
2021-01-07,5909.727933583529,184ff116-78b4-442d-b468-ecc5849a9171,37.7910725,-107.9706105
2021-01-08,5142.947185261001,184ff116-78b4-442d-b468-ecc5849a9171,37.7910725,-107.9706105
2021-01-09,3686.10892755601,184ff116-78b4-442d-b468-ecc5849a9171,37.7910725,-107.9706105
2021-01-10,536.1422677129535,184ff116-78b4-442d-b468-ecc5849a9171,37.7910725,-107.9706105
2021-01-11,5700.023932673714,184ff116-78b4-442d-b468-ecc5849a9171,37.7910725,-107.9706105
2021-01-12,5257.080491299896,184ff116-78b4-442d-b468-ecc5849a9171,37.7910725,-107.9706105
2021-01-13,4651.882806778117,184ff116-78b4-442d-b468-ecc5849a9171,37.7910725,-107.9706105
2021-01-14,6205.374443307175,184ff116-78b4-442d-b468-ecc5849a9171,37.7910725,-107.9706105
2021-01-15,5627.6234823154755,184ff116-78b4-442d-b468-ecc5849a9171,37.7910725,-107.9706105
2021-01-16,5104.660516319794,184ff116-78b4-442d-b468-ecc5849a9171,37.7910725,-107.9706105
2021-01-17,4543.072948936652,184ff116-78b4-442d-b468-ecc5849a9171,37.7910725,-107.9706105
2021-01-18,2678.533383373138,184ff116-78b4-442d-b468-ecc5849a9171,37.7910725,-107.9706105
2021-01-19,2764.1786102581564,184ff116-78b4-442d-b468-ecc5849a9171,37.7910725,-107.9706105
2021-01-20,-29.85045377004434,184ff116-78b4-442d-b468-ecc5849a9171,37.7910725,-107.9706105
2021-01-21,1494.695821676333,184ff116-78b4-442d-b468-ecc5849a9171,37.7910725,-107.9706105
2021-01-22,521.1407847151138,184ff116-78b4-442d-b468-ecc5849a9171,37.7910725,-107.9706105
2021-01-23,3773.4536517684505,184ff116-78b4-442d-b468-ecc5849a9171,37.7910725,-107.9706105
2021-01-24,3515.1712271124725,184ff116-78b4-442d-b468-ecc5849a9171,37.7910725,-107.9706105
2021-01-25,5480.841214602524,184ff116-78b4-442d-b468-ecc5849a9171,37.7910725,-107.9706105
2021-01-26,2954.294206755373,184ff116-78b4-442d-b468-ecc5849a9171,37.7910725,-107.9706105
2021-01-27,6769.117675423631,184ff116-78b4-442d-b468-ecc5849a9171,37.7910725,-107.9706105
2021-01-28,3669.8222859092457,184ff116-78b4-442d-b468-ecc5849a9171,37.7910725,-107.9706105
2021-01-29,1330.5295394063453,184ff116-78b4-442d-b468-ecc5849a9171,37.7910725,-107.9706105
2021-01-30,3602.8083702945523,184ff116-78b4-442d-b468-ecc5849a9171,37.7910725,-107.9706105
2021-01-31,6560.998389628114,184ff116-78b4-442d-b468-ecc5849a9171,37.7910725,-107.9706105
2021-02-01,4642.586157170477,184ff116-78b4-442d-b468-ecc5849a9171,37.7910725,-107.9706105
2021-02-02,2071.2603025133626,184ff116-78b4-442d-b468-ecc5849a9171,37.7910725,-107.9706105
2021-02-03,2560.6122006141254,184ff116-78b4-442d-b468-ecc5849a9171,37.7910725,-107.9706105
2021-02-04,4872.449589446151,184ff116-78b4-442d-b468-ecc5849a9171,37.7910725,-107.9706105
2021-02-05,625.6117639031045,184ff116-78b4-442d-b468-ecc5849a9171,37.7910725,-107.9706105
2021-02-06,4729.788577277378,184ff116-78b4-442d-b468-ecc5849a9171,37.7910725,-107.9706105
2021-02-07,3981.1825997952897,184ff116-78b4-442d-b468-ecc5849a9171,37.7910725,-107.9706105
2021-02-08,6014.264983509608,184ff116-78b4-442d-b468-ecc5849a9171,37.7910725,-107.9706105
2021-02-09,853.5747344478565,184ff116-78b4-442d-b468-ecc5849a9171,37.7910725,-107.9706105
2021-02-10,1503.0674764016828,184ff116-78b4-442d-b468-ecc5849a9171,37.7910725,-107.9706105
2021-02-11,6262.295899010574,184ff116-78b4-442d-b468-ecc5849a9171,37.7910725,-107.9706105
2021-02-12,2088.2159081087225,184ff116-78b4-442d-b468-ecc5849a9171,37.7910725,-107.9706105
2021-02-13,4433.801373820083,184ff116-78b4-442d-b468-ecc5849a9171,37.7910725,-107.9706105
2021-02-14,5712.286978278169,184ff116-78b4-442d-b468-ecc5849a9171,37.7910725,-107.9706105
2021-02-15,2373.1026179915834,184ff116-78b4-442d-b468-ecc5849a9171,37.7910725,-107.9706105
2021-02-16,4607.930854088478,184ff116-78b4-442d-b468-ecc5849a9171,37.7910725,-107.9706105
2021-02-17,4117.146075287159,184ff116-78b4-442d-b468-ecc5849a9171,37.7910725,-107.9706105
2021-02-18,6129.046268622768,184ff116-78b4-442d-b468-ecc5849a9171,37.7910725,-107.9706105
2021-02-19,3988.179488229272,184ff116-78b4-442d-b468-ecc5849a9171,37.7910725,-107.9706105
2021-02-20,6416.166941885589,184ff116-78b4-442d-b468-ecc5849a9171,37.7910725,-107.9706105
2021-02-21,5394.258705788691,184ff116-78b4-442d-b468-ecc5849a9171,37.7910725,-107.9706105
2021-02-22,5906.615039235756,184ff116-78b4-442d-b468-ecc5849a9171,37.7910725,-107.9706105
2021-02-23,5593.683989537129,184ff116-78b4-442d-b468-ecc5849a9171,37.7910725,-107.9706105
2021-02-24,6792.899369953371,184ff116-78b4-442d-b468-ecc5849a9171,37.7910725,-107.9706105
2021-02-25,4114.472280222904,184ff116-78b4-442d-b468-ecc5849a9171,37.7910725,-107.9706105
2021-02-26,7404.661398839987,184ff116-78b4-442d-b468-ecc5849a9171,37.7910725,-107.9706105
2021-02-27,1817.8653110428759,184ff116-78b4-442d-b468-ecc5849a9171,37.7910725,-107.9706105
2021-02-28,5363.911952689639,184ff116-78b4-442d-b468-ecc5849a9171,37.7910725,-107.9706105
2021-03-01,5443.726327760717,184ff116-78b4-442d-b468-ecc5849a9171,37.7910725,-107.9706105
2021-03-02,5631.14904128284,184ff116-78b4-442d-b468-ecc5849a9171,37.7910725,-107.9706105
2021-03-03,7011.838171272604,184ff116-78b4-442d-b468-ecc5849a9171,37.7910725,-107.9706105
2021-03-04,4350.146448311157,184ff116-78b4-442d-b468-ecc5849a9171,37.7910725,-107.9706105
2021-03-05,7262.847701580798,184ff116-78b4-442d-b468-ecc5849a9171,37.7910725,-107.9706105
2021-03-06,1664.1012487205728,184ff116-78b4-442d-b468-ecc5849a9171,37.7910725,-107.9706105
2021-03-07,6817.436788354367,184ff116-78b4-442d-b468-ecc5849a9171,37.7910725,-107.9706105
2021-03-08,689.0751916297049,184ff116-78b4-442d-b468-ecc5849a9171,37.7910725,-107.9706105
2021-03-09,4062.218387353576,184ff116-78b4-442d-b468-ecc5849a9171,37.7910725,-107.9706105
2021-03-10,3453.8910224041833,184ff116-78b4-442d-b468-ecc5849a9171,37.7910725,-107.9706105
2021-03-11,1250.844544524052,184ff116-78b4-442d-b468-ecc5849a9171,37.7910725,-107.9706105
2021-03-12,5868.698155350847,184ff116-78b4-442d-b468-ecc5849a9171,37.7910725,-107.9706105
2021-03-13,4958.319381326057,184ff116-78b4-442d-b468-ecc5849a9171,37.7910725,-107.9706105
2021-03-14,5266.338760377573,184ff116-78b4-442d-b468-ecc5849a9171,37.7910725,-107.9706105
2021-03-15,2524.119071989082,184ff116-78b4-442d-b468-ecc5849a9171,37.7910725,-107.9706105
2021-03-16,4573.839758899122,184ff116-78b4-442d-b468-ecc5849a9171,37.7910725,-107.9706105
2021-03-17,5304.599631525077,184ff116-78b4-442d-b468-ecc5849a9171,37.7910725,-107.9706105
2021-03-18,5570.583122938698,184ff116-78b4-442d-b468-ecc5849a9171,37.7910725,-107.9706105
2021-03-19,7343.470569771408,184ff116-78b4-442d-b468-ecc5849a9171,37.7910725,-107.9706105
2021-03-20,6292.945233708629,184ff116-78b4-442d-b468-ecc5849a9171,37.7910725,-107.9706105
2021-03-21,1807.6162128966216,184ff116-78b4-442d-b468-ecc5849a9171,37.7910725,-107.9706105
2021-03-22,3972.7469214147645,184ff116-78b4-442d-b468-ecc5849a9171,37.7910725,-107.9706105
2021-03-23,4360.14128966223,184ff116-78b4-442d-b468-ecc5849a9171,37.7910725,-107.9706105
2021-03-24,4159.537987035141,184ff116-78b4-442d-b468-ecc5849a9171,37.7910725,-107.9706105
2021-03-25,5589.872139201635,184ff116-78b4-442d-b468-ecc5849a9171,37.7910725,-107.9706105
2021-03-26,5449.687064710562,184ff116-78b4-442d-b468-ecc5849a9171,37.7910725,-107.9706105
2021-03-27,6137.153294666209,184ff116-78b4-442d-b468-ecc5849a9171,37.7910725,-107.9706105
2021-03-28,7351.902085750028,184ff116-78b4-442d-b468-ecc5849a9171,37.7910725,-107.9706105
2021-03-29,6157.079281246444,184ff116-78b4-442d-b468-ecc5849a9171,37.7910725,-107.9706105
2021-03-30,7885.5408120095535,184ff116-78b4-442d-b468-ecc5849a9171,37.7910725,-107.9706105
2021-03-31,6801.226703059252,184ff116-78b4-442d-b468-ecc5849a9171,37.7910725,-107.9706105
2021-04-01,7113.266434663935,184ff116-78b4-442d-b468-ecc5849a9171,37.7910725,-107.9706105
2021-04-02,3415.544815193902,184ff116-78b4-442d-b468-ecc5849a9171,37.7910725,-107.9706105
2021-04-03,6423.978633003526,184ff116-78b4-442d-b468-ecc5849a9171,37.7910725,-107.9706105
2021-04-04,4451.404326168541,184ff116-78b4-442d-b468-ecc5849a9171,37.7910725,-107.9706105
2021-04-05,4046.041064483109,184ff116-78b4-442d-b468-ecc5849a9171,37.7910725,-107.9706105
2021-04-06,7720.872580461729,184ff116-78b4-442d-b468-ecc5849a9171,37.7910725,-107.9706105
2021-04-07,6293.767701580802,184ff116-78b4-442d-b468-ecc5849a9171,37.7910725,-107.9706105
2021-04-08,2695.1943045604444,184ff116-78b4-442d-b468-ecc5849a9171,37.7910725,-107.9706105
2021-04-09,6724.710833617646,184ff116-78b4-442d-b468-ecc5849a9171,37.7910725,-107.9706105
2021-04-10,5849.8897122711205,184ff116-78b4-442d-b468-ecc5849a9171,37.7910725,-107.9706105
2021-04-11,7121.314818605706,184ff116-78b4-442d-b468-ecc5849a9171,37.7910725,-107.9706105
2021-04-12,4709.008324803819,184ff116-78b4-442d-b468-ecc5849a9171,37.7910725,-107.9706105
2021-04-13,4373.625957011258,184ff116-78b4-442d-b468-ecc5849a9171,37.7910725,-107.9706105
2021-04-14,4854.192494029338,184ff116-78b4-442d-b468-ecc5849a9171,37.7910725,-107.9706105
2021-04-15,6540.177200045489,184ff116-78b4-442d-b468-ecc5849a9171,37.7910725,-107.9706105
2021-04-16,919.4468372569083,184ff116-78b4-442d-b468-ecc5849a9171,37.7910725,-107.9706105
2021-04-17,3488.0091710212046,184ff116-78b4-442d-b468-ecc5849a9171,37.7910725,-107.9706105
2021-04-18,4920.023195723868,184ff116-78b4-442d-b468-ecc5849a9171,37.7910725,-107.9706105
2021-04-19,4290.565745479357,184ff116-78b4-442d-b468-ecc5849a9171,37.7910725,-107.9706105
2021-04-20,4923.402743091091,184ff116-78b4-442d-b468-ecc5849a9171,37.7910725,-107.9706105
2021-04-21,3011.025329239166,184ff116-78b4-442d-b468-ecc5849a9171,37.7910725,-107.9706105
2021-04-22,2237.0998521551232,184ff116-78b4-442d-b468-ecc5849a9171,37.7910725,-107.9706105
2021-04-23,3001.175243944046,184ff116-78b4-442d-b468-ecc5849a9171,37.7910725,-107.9706105
2021-04-24,4699.04109632662,184ff116-78b4-442d-b468-ecc5849a9171,37.7910725,-107.9706105
2021-04-25,4971.014306834981,184ff116-78b4-442d-b468-ecc5849a9171,37.7910725,-107.9706105
2021-04-26,2878.6673717730005,184ff116-78b4-442d-b468-ecc5849a9171,37.7910725,-107.9706105
2021-04-27,4382.999640623222,184ff116-78b4-442d-b468-ecc5849a9171,37.7910725,-107.9706105
2021-04-28,5173.479185715911,184ff116-78b4-442d-b468-ecc5849a9171,37.7910725,-107.9706105
2021-04-29,4746.969516660981,184ff116-78b4-442d-b468-ecc5849a9171,37.7910725,-107.9706105
2021-04-30,1824.8454224951654,184ff116-78b4-442d-b468-ecc5849a9171,37.7910725,-107.9706105
2021-05-01,2619.743309450697,184ff116-78b4-442d-b468-ecc5849a9171,37.7910725,-107.9706105
2021-05-02,1864.1669646309563,184ff116-78b4-442d-b468-ecc5849a9171,37.7910725,-107.9706105
2021-05-03,4934.291654725349,184ff116-78b4-442d-b468-ecc5849a9171,37.7910725,-107.9706105
2021-05-04,298.2215535084724,184ff116-78b4-442d-b468-ecc5849a9171,37.7910725,-107.9706105
2021-05-05,-225.76343455021012,184ff116-78b4-442d-b468-ecc5849a9171,37.7910725,-107.9706105
2021-05-06,1031.784319344933,184ff116-78b4-442d-b468-ecc5849a9171,37.7910725,-107.9706105
2021-05-07,786.3561924257932,184ff116-78b4-442d-b468-ecc5849a9171,37.7910725,-107.9706105
2021-05-08,2280.8131013306033,184ff116-78b4-442d-b468-ecc5849a9171,37.7910725,-107.9706105
2021-05-09,2347.6159490503806,184ff116-78b4-442d-b468-ecc5849a9171,37.7910725,-107.9706105
2021-05-10,3550.735653360627,184ff116-78b4-442d-b468-ecc5849a9171,37.7910725,-107.9706105
2021-05-11,-414.3908973046738,184ff116-78b4-442d-b468-ecc5849a9171,37.7910725,-107.9706105
2021-05-12,-2044.6942749914685,184ff116-78b4-442d-b468-ecc5849a9171,37.7910725,-107.9706105
2021-05-13,-1216.6686910042072,184ff116-78b4-442d-b468-ecc5849a9171,37.7910725,-107.9706105
2021-05-14,2063.067549186853,184ff116-78b4-442d-b468-ecc5849a9171,37.7910725,-107.9706105
2021-05-15,415.3452610030704,184ff116-78b4-442d-b468-ecc5849a9171,37.7910725,-107.9706105
2021-05-16,-2507.2241601273727,184ff116-78b4-442d-b468-ecc5849a9171,37.7910725,-107.9706105
2021-05-17,3424.8630774479684,184ff116-78b4-442d-b468-ecc5849a9171,37.7910725,-107.9706105
2021-05-18,1391.0762970544752,184ff116-78b4-442d-b468-ecc5849a9171,37.7910725,-107.9706105
2021-05-19,-1392.3464119185714,184ff116-78b4-442d-b468-ecc5849a9171,37.7910725,-107.9706105
2021-05-20,-1816.7949323325356,184ff116-78b4-442d-b468-ecc5849a9171,37.7910725,-107.9706105
2021-05-21,5495.314604799271,184ff116-78b4-442d-b468-ecc5849a9171,37.7910725,-107.9706105
2021-05-22,4695.806350506084,184ff116-78b4-442d-b468-ecc5849a9171,37.7910725,-107.9706105
2021-05-23,-916.1003662003861,184ff116-78b4-442d-b468-ecc5849a9171,37.7910725,-107.9706105
2021-05-24,-2767.5106789491615,184ff116-78b4-442d-b468-ecc5849a9171,37.7910725,-107.9706105
2021-05-25,-1193.2152348459006,184ff116-78b4-442d-b468-ecc5849a9171,37.7910725,-107.9706105
2021-05-26,2971.1676924826543,184ff116-78b4-442d-b468-ecc5849a9171,37.7910725,-107.9706105
2021-05-27,1025.4825520300233,184ff116-78b4-442d-b468-ecc5849a9171,37.7910725,-107.9706105
2021-05-28,-880.3992675992264,184ff116-78b4-442d-b468-ecc5849a9171,37.7910725,-107.9706105
2021-05-29,904.1499465483902,184ff116-78b4-442d-b468-ecc5849a9171,37.7910725,-107.9706105
2021-05-30,3284.9233299215275,184ff116-78b4-442d-b468-ecc5849a9171,37.7910725,-107.9706105
2021-05-31,5746.0,184ff116-78b4-442d-b468-ecc5849a9171,37.7910725,-107.9706105
2021-06-01,-612.6702467872171,184ff116-78b4-442d-b468-ecc5849a9171,37.7910725,-107.9706105
2021-06-02,599.3748163311727,184ff116-78b4-442d-b468-ecc5849a9171,37.7910725,-107.9706105
2021-06-03,1190.5435187080632,184ff116-78b4-442d-b468-ecc5849a9171,37.7910725,-107.9706105
2021-06-04,-3969.2036028659136,184ff116-78b4-442d-b468-ecc5849a9171,37.7910725,-107.9706105
2021-06-05,3958.491577391107,184ff116-78b4-442d-b468-ecc5849a9171,37.7910725,-107.9706105
2021-06-06,723.1839554190835,184ff116-78b4-442d-b468-ecc5849a9171,37.7910725,-107.9706105
2021-06-07,-3194.192671443191,184ff116-78b4-442d-b468-ecc5849a9171,37.7910725,-107.9706105
2021-06-08,-2705.958307744796,184ff116-78b4-442d-b468-ecc5849a9171,37.7910725,-107.9706105
2021-06-09,-3371.171736608666,184ff116-78b4-442d-b468-ecc5849a9171,37.7910725,-107.9706105
2021-06-10,-674.4429887410438,184ff116-78b4-442d-b468-ecc5849a9171,37.7910725,-107.9706105
2021-06-11,-4393.815112020924,184ff116-78b4-442d-b468-ecc5849a9171,37.7910725,-107.9706105
2021-06-12,-2467.292559990902,184ff116-78b4-442d-b468-ecc5849a9171,37.7910725,-107.9706105
2021-06-13,-3793.7197270556117,184ff116-78b4-442d-b468-ecc5849a9171,37.7910725,-107.9706105
2021-06-14,-2912.102431479586,184ff116-78b4-442d-b468-ecc5849a9171,37.7910725,-107.9706105
2021-06-15,-2467.631957238711,184ff116-78b4-442d-b468-ecc5849a9171,37.7910725,-107.9706105
2021-06-16,634.0672944387583,184ff116-78b4-442d-b468-ecc5849a9171,37.7910725,-107.9706105
2021-06-17,309.7271556920276,184ff116-78b4-442d-b468-ecc5849a9171,37.7910725,-107.9706105
2021-06-18,3320.721100875695,184ff116-78b4-442d-b468-ecc5849a9171,37.7910725,-107.9706105
2021-06-19,4304.754427385418,184ff116-78b4-442d-b468-ecc5849a9171,37.7910725,-107.9706105
2021-06-20,911.9975525986581,184ff116-78b4-442d-b468-ecc5849a9171,37.7910725,-107.9706105
2021-06-21,-2404.6019697486636,184ff116-78b4-442d-b468-ecc5849a9171,37.7910725,-107.9706105
2021-06-22,-2954.832530421927,184ff116-78b4-442d-b468-ecc5849a9171,37.7910725,-107.9706105
2021-06-23,4044.8085522574747,184ff116-78b4-442d-b468-ecc5849a9171,37.7910725,-107.9706105
2021-06-24,1935.506584783349,184ff116-78b4-442d-b468-ecc5849a9171,37.7910725,-107.9706105
2021-06-25,1517.2917457068115,184ff116-78b4-442d-b468-ecc5849a9171,37.7910725,-107.9706105
2021-06-26,548.3305765950186,184ff116-78b4-442d-b468-ecc5849a9171,37.7910725,-107.9706105
2021-06-27,2225.7289571249867,184ff116-78b4-442d-b468-ecc5849a9171,37.7910725,-107.9706105
2021-06-28,1731.3907153417476,184ff116-78b4-442d-b468-ecc5849a9171,37.7910725,-107.9706105
2021-06-29,-631.7295075628339,184ff116-78b4-442d-b468-ecc5849a9171,37.7910725,-107.9706105
2021-06-30,3363.7410940520854,184ff116-78b4-442d-b468-ecc5849a9171,37.7910725,-107.9706105
2021-07-01,-2561.1886364153297,184ff116-78b4-442d-b468-ecc5849a9171,37.7910725,-107.9706105
2021-07-02,2145.0838940065955,184ff116-78b4-442d-b468-ecc5849a9171,37.7910725,-107.9706105
2021-07-03,897.752589559877,184ff116-78b4-442d-b468-ecc5849a9171,37.7910725,-107.9706105
2021-07-04,-2731.073785966106,184ff116-78b4-442d-b468-ecc5849a9171,37.7910725,-107.9706105
2021-07-05,2750.5390833617644,184ff116-78b4-442d-b468-ecc5849a9171,37.7910725,-107.9706105
2021-07-06,-1532.0187876720115,184ff116-78b4-442d-b468-ecc5849a9171,37.7910725,-107.9706105
2021-07-07,-2134.361774138518,184ff116-78b4-442d-b468-ecc5849a9171,37.7910725,-107.9706105
2021-07-08,156.07208916183328,184ff116-78b4-442d-b468-ecc5849a9171,37.7910725,-107.9706105
2021-07-09,2069.6757830092115,184ff116-78b4-442d-b468-ecc5849a9171,37.7910725,-107.9706105
2021-07-10,-2628.1217059024216,184ff116-78b4-442d-b468-ecc5849a9171,37.7910725,-107.9706105
2021-07-11,-2408.031465938814,184ff116-78b4-442d-b468-ecc5849a9171,37.7910725,-107.9706105
2021-07-12,2211.9449016262943,184ff116-78b4-442d-b468-ecc5849a9171,37.7910725,-107.9706105
2021-07-13,-1931.3369862390534,184ff116-78b4-442d-b468-ecc5849a9171,37.7910725,-107.9706105
2021-07-14,1698.2714568406682,184ff116-78b4-442d-b468-ecc5849a9171,37.7910725,-107.9706105
2021-07-15,-2895.424055498692,184ff116-78b4-442d-b468-ecc5849a9171,37.7910725,-107.9706105
2021-07-16,-731.6122688502217,184ff116-78b4-442d-b468-ecc5849a9171,37.7910725,-107.9706105
2021-07-17,-372.0999294893665,184ff116-78b4-442d-b468-ecc5849a9171,37.7910725,-107.9706105
2021-07-18,-1495.0376708745591,184ff116-78b4-442d-b468-ecc5849a9171,37.7910725,-107.9706105
2021-07-19,-1689.84026384624,184ff116-78b4-442d-b468-ecc5849a9171,37.7910725,-107.9706105
2021-07-20,4296.470936635862,184ff116-78b4-442d-b468-ecc5849a9171,37.7910725,-107.9706105
2021-07-21,2056.9673876947577,184ff116-78b4-442d-b468-ecc5849a9171,37.7910725,-107.9706105
2021-07-22,1660.0209393835999,184ff116-78b4-442d-b468-ecc5849a9171,37.7910725,-107.9706105
2021-07-23,400.3411486409641,184ff116-78b4-442d-b468-ecc5849a9171,37.7910725,-107.9706105
2021-07-24,-2292.9941271465927,184ff116-78b4-442d-b468-ecc5849a9171,37.7910725,-107.9706105
2021-07-25,889.9665233708628,184ff116-78b4-442d-b468-ecc5849a9171,37.7910725,-107.9706105
2021-07-26,359.27724781075847,184ff116-78b4-442d-b468-ecc5849a9171,37.7910725,-107.9706105
2021-07-27,1757.5787785738657,184ff116-78b4-442d-b468-ecc5849a9171,37.7910725,-107.9706105
2021-07-28,5491.216617764128,184ff116-78b4-442d-b468-ecc5849a9171,37.7910725,-107.9706105
2021-07-29,-2346.87418583903,184ff116-78b4-442d-b468-ecc5849a9171,37.7910725,-107.9706105
2021-07-30,730.4517820993972,184ff116-78b4-442d-b468-ecc5849a9171,37.7910725,-107.9706105
2021-07-31,1153.8793767769816,184ff116-78b4-442d-b468-ecc5849a9171,37.7910725,-107.9706105
2021-08-01,5052.483621062206,184ff116-78b4-442d-b468-ecc5849a9171,37.7910725,-107.9706105
2021-08-02,-813.6424564994875,184ff116-78b4-442d-b468-ecc5849a9171,37.7910725,-107.9706105
2021-08-03,4394.9860388945735,184ff116-78b4-442d-b468-ecc5849a9171,37.7910725,-107.9706105
2021-08-04,-2062.0007596952114,184ff116-78b4-442d-b468-ecc5849a9171,37.7910725,-107.9706105
2021-08-05,-2639.0804776526766,184ff116-78b4-442d-b468-ecc5849a9171,37.7910725,-107.9706105
2021-08-06,1471.867121573978,184ff116-78b4-442d-b468-ecc5849a9171,37.7910725,-107.9706105
2021-08-07,-713.982113044467,184ff116-78b4-442d-b468-ecc5849a9171,37.7910725,-107.9706105
2021-08-08,-984.4339406345953,184ff116-78b4-442d-b468-ecc5849a9171,37.7910725,-107.9706105
2021-08-09,-2082.53938360059,184ff116-78b4-442d-b468-ecc5849a9171,37.7910725,-107.9706105
2021-08-10,717.8005959285794,184ff116-78b4-442d-b468-ecc5849a9171,37.7910725,-107.9706105
2021-08-11,-1034.6145160923459,184ff116-78b4-442d-b468-ecc5849a9171,37.7910725,-107.9706105
2021-08-12,-2901.7242897759575,184ff116-78b4-442d-b468-ecc5849a9171,37.7910725,-107.9706105
2021-08-13,399.05000341180477,184ff116-78b4-442d-b468-ecc5849a9171,37.7910725,-107.9706105
2021-08-14,-2333.780361651313,184ff116-78b4-442d-b468-ecc5849a9171,37.7910725,-107.9706105
2021-08-15,-570.9676105993404,184ff116-78b4-442d-b468-ecc5849a9171,37.7910725,-107.9706105
2021-08-16,-2371.938510178551,184ff116-78b4-442d-b468-ecc5849a9171,37.7910725,-107.9706105
2021-08-17,-1408.9237939269872,184ff116-78b4-442d-b468-ecc5849a9171,37.7910725,-107.9706105
2021-08-18,-1467.8113408393037,184ff116-78b4-442d-b468-ecc5849a9171,37.7910725,-107.9706105
2021-08-19,1194.6737495735244,184ff116-78b4-442d-b468-ecc5849a9171,37.7910725,-107.9706105
2021-08-20,-1744.489948822927,184ff116-78b4-442d-b468-ecc5849a9171,37.7910725,-107.9706105
2021-08-21,219.84243830319576,184ff116-78b4-442d-b468-ecc5849a9171,37.7910725,-107.9706105
2021-08-22,-1024.977850562948,184ff116-78b4-442d-b468-ecc5849a9171,37.7910725,-107.9706105
2021-08-23,-1498.72395769362,184ff116-78b4-442d-b468-ecc5849a9171,37.7910725,-107.9706105
2021-08-24,-2657.8048402138047,184ff116-78b4-442d-b468-ecc5849a9171,37.7910725,-107.9706105
2021-08-25,-3247.5022222222233,184ff116-78b4-442d-b468-ecc5849a9171,37.7910725,-107.9706105
2021-08-26,274.2790901853747,184ff116-78b4-442d-b468-ecc5849a9171,37.7910725,-107.9706105
2021-08-27,-706.5419265324682,184ff116-78b4-442d-b468-ecc5849a9171,37.7910725,-107.9706105
2021-08-28,-4026.2736358466946,184ff116-78b4-442d-b468-ecc5849a9171,37.7910725,-107.9706105
2021-08-29,62.61111793472067,184ff116-78b4-442d-b468-ecc5849a9171,37.7910725,-107.9706105
2021-08-30,-1551.544587740247,184ff116-78b4-442d-b468-ecc5849a9171,37.7910725,-107.9706105
2021-08-31,134.50454224951667,184ff116-78b4-442d-b468-ecc5849a9171,37.7910725,-107.9706105
2021-09-01,2692.442602069827,184ff116-78b4-442d-b468-ecc5849a9171,37.7910725,-107.9706105
2021-09-02,1692.866994199932,184ff116-78b4-442d-b468-ecc5849a9171,37.7910725,-107.9706105
2021-09-03,584.4499670192195,184ff116-78b4-442d-b468-ecc5849a9171,37.7910725,-107.9706105
2021-09-04,-3564.0655339474547,184ff116-78b4-442d-b468-ecc5849a9171,37.7910725,-107.9706105
2021-09-05,-2569.117225065392,184ff116-78b4-442d-b468-ecc5849a9171,37.7910725,-107.9706105
2021-09-06,-3809.1001205504363,184ff116-78b4-442d-b468-ecc5849a9171,37.7910725,-107.9706105
2021-09-07,-1220.2109086773567,184ff116-78b4-442d-b468-ecc5849a9171,37.7910725,-107.9706105
2021-09-08,-3736.0324439895344,184ff116-78b4-442d-b468-ecc5849a9171,37.7910725,-107.9706105
2021-09-09,-2642.7870988286127,184ff116-78b4-442d-b468-ecc5849a9171,37.7910725,-107.9706105
2021-09-10,-2983.707189810075,184ff116-78b4-442d-b468-ecc5849a9171,37.7910725,-107.9706105
2021-09-11,-2642.225693165018,184ff116-78b4-442d-b468-ecc5849a9171,37.7910725,-107.9706105
2021-09-12,709.6020425338337,184ff116-78b4-442d-b468-ecc5849a9171,37.7910725,-107.9706105
2021-09-13,-981.5176390310471,184ff116-78b4-442d-b468-ecc5849a9171,37.7910725,-107.9706105
2021-09-14,-78.30245422495167,184ff116-78b4-442d-b468-ecc5849a9171,37.7910725,-107.9706105
2021-09-15,-3970.811231661547,184ff116-78b4-442d-b468-ecc5849a9171,37.7910725,-107.9706105
2021-09-16,-1750.9875491868534,184ff116-78b4-442d-b468-ecc5849a9171,37.7910725,-107.9706105
2021-09-17,-3542.388354372794,184ff116-78b4-442d-b468-ecc5849a9171,37.7910725,-107.9706105
2021-09-18,-1230.7547503696128,184ff116-78b4-442d-b468-ecc5849a9171,37.7910725,-107.9706105
2021-09-19,-1607.8119276697369,184ff116-78b4-442d-b468-ecc5849a9171,37.7910725,-107.9706105
2021-09-20,-3608.059178892299,184ff116-78b4-442d-b468-ecc5849a9171,37.7910725,-107.9706105
2021-09-21,-2845.841355623789,184ff116-78b4-442d-b468-ecc5849a9171,37.7910725,-107.9706105
2021-09-23,67.34478789946544,184ff116-78b4-442d-b468-ecc5849a9171,37.7910725,-107.9706105
2021-09-24,-3752.200432161949,184ff116-78b4-442d-b468-ecc5849a9171,37.7910725,-107.9706105
2021-09-25,28.69549869214148,184ff116-78b4-442d-b468-ecc5849a9171,37.7910725,-107.9706105
2021-09-26,-990.1196497213685,184ff116-78b4-442d-b468-ecc5849a9171,37.7910725,-107.9706105
2021-09-27,-258.5632662345046,184ff116-78b4-442d-b468-ecc5849a9171,37.7910725,-107.9706105
2021-09-28,1293.0029523484588,184ff116-78b4-442d-b468-ecc5849a9171,37.7910725,-107.9706105
2021-09-29,1282.1998635278067,184ff116-78b4-442d-b468-ecc5849a9171,37.7910725,-107.9706105
2021-09-30,1128.6450676674624,184ff116-78b4-442d-b468-ecc5849a9171,37.7910725,-107.9706105
2021-10-01,1206.121460252473,184ff116-78b4-442d-b468-ecc5849a9171,37.7910725,-107.9706105
2021-10-02,1828.485022176731,184ff116-78b4-442d-b468-ecc5849a9171,37.7910725,-107.9706105
2021-10-03,1398.1210189923802,184ff116-78b4-442d-b468-ecc5849a9171,37.7910725,-107.9706105
2021-10-04,-2406.2535380416234,184ff116-78b4-442d-b468-ecc5849a9171,37.7910725,-107.9706105
2021-10-05,-2501.9514750369603,184ff116-78b4-442d-b468-ecc5849a9171,37.7910725,-107.9706105
2021-10-06,2377.1184169225517,184ff116-78b4-442d-b468-ecc5849a9171,37.7910725,-107.9706105
2021-10-07,-2230.7114704878877,184ff116-78b4-442d-b468-ecc5849a9171,37.7910725,-107.9706105
2021-10-08,-1317.574911861708,184ff116-78b4-442d-b468-ecc5849a9171,37.7910725,-107.9706105
2021-10-09,-1159.8995564653696,184ff116-78b4-442d-b468-ecc5849a9171,37.7910725,-107.9706105
2021-10-10,-3382.9523029682696,184ff116-78b4-442d-b468-ecc5849a9171,37.7910725,-107.9706105
2021-10-11,-2079.1768634140785,184ff116-78b4-442d-b468-ecc5849a9171,37.7910725,-107.9706105
2021-10-12,3191.0608438530626,184ff116-78b4-442d-b468-ecc5849a9171,37.7910725,-107.9706105
2021-10-13,4553.883853064935,184ff116-78b4-442d-b468-ecc5849a9171,37.7910725,-107.9706105
2021-10-14,1311.685317866484,184ff116-78b4-442d-b468-ecc5849a9171,37.7910725,-107.9706105
2021-10-15,6235.989992039117,184ff116-78b4-442d-b468-ecc5849a9171,37.7910725,-107.9706105
2021-10-16,2678.5343386784916,184ff116-78b4-442d-b468-ecc5849a9171,37.7910725,-107.9706105
2021-10-17,237.8768656886159,184ff116-78b4-442d-b468-ecc5849a9171,37.7910725,-107.9706105
2021-10-18,-1499.6690094393264,184ff116-78b4-442d-b468-ecc5849a9171,37.7910725,-107.9706105
2021-10-19,2326.7204367110185,184ff116-78b4-442d-b468-ecc5849a9171,37.7910725,-107.9706105
2021-10-20,-1762.6119458660291,184ff116-78b4-442d-b468-ecc5849a9171,37.7910725,-107.9706105
2021-10-21,410.1913567610601,184ff116-78b4-442d-b468-ecc5849a9171,37.7910725,-107.9706105
2021-10-22,-1121.101571704765,184ff116-78b4-442d-b468-ecc5849a9171,37.7910725,-107.9706105
2021-10-23,3587.265656772432,184ff116-78b4-442d-b468-ecc5849a9171,37.7910725,-107.9706105
2021-10-24,-1273.672398498805,184ff116-78b4-442d-b468-ecc5849a9171,37.7910725,-107.9706105
2021-10-25,-1943.100398043898,184ff116-78b4-442d-b468-ecc5849a9171,37.7910725,-107.9706105
2021-10-26,2348.1959058341845,184ff116-78b4-442d-b468-ecc5849a9171,37.7910725,-107.9706105
2021-10-27,5511.663573296942,184ff116-78b4-442d-b468-ecc5849a9171,37.7910725,-107.9706105
2021-10-28,4794.501553508471,184ff116-78b4-442d-b468-ecc5849a9171,37.7910725,-107.9706105
2021-10-29,3230.0748504492167,184ff116-78b4-442d-b468-ecc5849a9171,37.7910725,-107.9706105
2021-10-30,-361.7048470374159,184ff116-78b4-442d-b468-ecc5849a9171,37.7910725,-107.9706105
2021-10-31,923.5347662913683,184ff116-78b4-442d-b468-ecc5849a9171,37.7910725,-107.9706105
2021-11-01,-495.95866257250094,184ff116-78b4-442d-b468-ecc5849a9171,37.7910725,-107.9706105
2021-11-02,1728.5046195837592,184ff116-78b4-442d-b468-ecc5849a9171,37.7910725,-107.9706105
2021-11-03,-65.3108245195041,184ff116-78b4-442d-b468-ecc5849a9171,37.7910725,-107.9706105
2021-11-04,-1853.9365768224718,184ff116-78b4-442d-b468-ecc5849a9171,37.7910725,-107.9706105
2021-11-05,-2139.9502786307285,184ff116-78b4-442d-b468-ecc5849a9171,37.7910725,-107.9706105
2021-11-06,-2239.643170703969,184ff116-78b4-442d-b468-ecc5849a9171,37.7910725,-107.9706105
2021-11-07,-2283.4413010349135,184ff116-78b4-442d-b468-ecc5849a9171,37.7910725,-107.9706105
2021-11-08,-1466.236692823837,184ff116-78b4-442d-b468-ecc5849a9171,37.7910725,-107.9706105
2021-11-09,1514.6741544410327,184ff116-78b4-442d-b468-ecc5849a9171,37.7910725,-107.9706105
2021-11-10,2540.317156829296,184ff116-78b4-442d-b468-ecc5849a9171,37.7910725,-107.9706105
2021-11-11,1321.634541112248,184ff116-78b4-442d-b468-ecc5849a9171,37.7910725,-107.9706105
2021-11-12,-644.8286955532807,184ff116-78b4-442d-b468-ecc5849a9171,37.7910725,-107.9706105
2021-11-13,-1962.8599385875123,184ff116-78b4-442d-b468-ecc5849a9171,37.7910725,-107.9706105
2021-11-14,663.5533765495283,184ff116-78b4-442d-b468-ecc5849a9171,37.7910725,-107.9706105
2021-11-15,-1942.838526100307,184ff116-78b4-442d-b468-ecc5849a9171,37.7910725,-107.9706105
2021-11-16,684.1965108609119,184ff116-78b4-442d-b468-ecc5849a9171,37.7910725,-107.9706105
2021-11-17,-1067.6644740134195,184ff116-78b4-442d-b468-ecc5849a9171,37.7910725,-107.9706105
2021-11-18,-2692.5056294779934,184ff116-78b4-442d-b468-ecc5849a9171,37.7910725,-107.9706105
2021-11-19,-1567.4195519162965,184ff116-78b4-442d-b468-ecc5849a9171,37.7910725,-107.9706105
2021-11-20,1373.415166609802,184ff116-78b4-442d-b468-ecc5849a9171,37.7910725,-107.9706105
2021-11-21,-2109.285595359944,184ff116-78b4-442d-b468-ecc5849a9171,37.7910725,-107.9706105
2021-11-22,-2433.4523598316837,184ff116-78b4-442d-b468-ecc5849a9171,37.7910725,-107.9706105
2021-11-23,4567.761978846809,184ff116-78b4-442d-b468-ecc5849a9171,37.7910725,-107.9706105
2021-11-24,3635.6729079949946,184ff116-78b4-442d-b468-ecc5849a9171,37.7910725,-107.9706105
2021-11-25,5679.054666211757,184ff116-78b4-442d-b468-ecc5849a9171,37.7910725,-107.9706105
2021-11-26,2526.0262845445236,184ff116-78b4-442d-b468-ecc5849a9171,37.7910725,-107.9706105
2021-11-27,1292.6063868986687,184ff116-78b4-442d-b468-ecc5849a9171,37.7910725,-107.9706105
2021-11-28,388.58295007392223,184ff116-78b4-442d-b468-ecc5849a9171,37.7910725,-107.9706105
2021-11-29,-1441.570844990333,184ff116-78b4-442d-b468-ecc5849a9171,37.7910725,-107.9706105
2021-11-30,-1499.8016422153978,184ff116-78b4-442d-b468-ecc5849a9171,37.7910725,-107.9706105
2021-12-01,-1575.0647105652222,184ff116-78b4-442d-b468-ecc5849a9171,37.7910725,-107.9706105
2021-12-02,-1893.9578892300685,184ff116-78b4-442d-b468-ecc5849a9171,37.7910725,-107.9706105
2021-12-03,-1188.718162174457,184ff116-78b4-442d-b468-ecc5849a9171,37.7910725,-107.9706105
2021-12-04,-2044.1796019561,184ff116-78b4-442d-b468-ecc5849a9171,37.7910725,-107.9706105
2021-12-05,-1150.6477015808027,184ff116-78b4-442d-b468-ecc5849a9171,37.7910725,-107.9706105
2021-12-06,-4.510979187990433,184ff116-78b4-442d-b468-ecc5849a9171,37.7910725,-107.9706105
2021-12-07,1848.81546684863,184ff116-78b4-442d-b468-ecc5849a9171,37.7910725,-107.9706105
2021-12-08,3837.192716933922,184ff116-78b4-442d-b468-ecc5849a9171,37.7910725,-107.9706105
2021-12-09,3165.4042488343,184ff116-78b4-442d-b468-ecc5849a9171,37.7910725,-107.9706105
2021-12-10,1440.8021835551003,184ff116-78b4-442d-b468-ecc5849a9171,37.7910725,-107.9706105
2021-12-11,6601.554759467753,184ff116-78b4-442d-b468-ecc5849a9171,37.7910725,-107.9706105
2021-12-12,6315.184433071757,184ff116-78b4-442d-b468-ecc5849a9171,37.7910725,-107.9706105
2021-12-13,7015.718157625379,184ff116-78b4-442d-b468-ecc5849a9171,37.7910725,-107.9706105
2021-12-14,1660.7404935744328,184ff116-78b4-442d-b468-ecc5849a9171,37.7910725,-107.9706105
2021-12-15,4033.1694939156137,184ff116-78b4-442d-b468-ecc5849a9171,37.7910725,-107.9706105
2021-12-16,3750.1546548390743,184ff116-78b4-442d-b468-ecc5849a9171,37.7910725,-107.9706105
2021-12-17,5780.467576481292,184ff116-78b4-442d-b468-ecc5849a9171,37.7910725,-107.9706105
2021-12-18,6716.538737632205,184ff116-78b4-442d-b468-ecc5849a9171,37.7910725,-107.9706105
2021-12-19,5327.902445126804,184ff116-78b4-442d-b468-ecc5849a9171,37.7910725,-107.9706105
2021-12-20,6579.0888024564965,184ff116-78b4-442d-b468-ecc5849a9171,37.7910725,-107.9706105
2021-12-21,6122.369998862727,184ff116-78b4-442d-b468-ecc5849a9171,37.7910725,-107.9706105
2021-12-22,6141.065806891845,184ff116-78b4-442d-b468-ecc5849a9171,37.7910725,-107.9706105
2021-12-23,2641.418828613668,184ff116-78b4-442d-b468-ecc5849a9171,37.7910725,-107.9706105
2021-12-24,4046.0503218469216,184ff116-78b4-442d-b468-ecc5849a9171,37.7910725,-107.9706105
2021-12-25,2887.3237347890376,184ff116-78b4-442d-b468-ecc5849a9171,37.7910725,-107.9706105
2021-12-26,2765.497591265778,184ff116-78b4-442d-b468-ecc5849a9171,37.7910725,-107.9706105
2021-12-27,2934.931954964177,184ff116-78b4-442d-b468-ecc5849a9171,37.7910725,-107.9706105
2021-12-28,669.6643693847382,184ff116-78b4-442d-b468-ecc5849a9171,37.7910725,-107.9706105
2021-12-29,4025.027330831342,184ff116-78b4-442d-b468-ecc5849a9171,37.7910725,-107.9706105
2021-12-30,2852.222745365631,184ff116-78b4-442d-b468-ecc5849a9171,37.7910725,-107.9706105
