date,mod10a1_ndsi,cell_id,latitude,longitude
2020-01-01,6431,d4a964fe-4e3d-4afe-ab15-fb70c86f20a0,37.6845115,-106.4883905
2020-01-02,5281,d4a964fe-4e3d-4afe-ab15-fb70c86f20a0,37.6845115,-106.4883905
2020-01-03,6278,d4a964fe-4e3d-4afe-ab15-fb70c86f20a0,37.6845115,-106.4883905
2020-01-04,5318,d4a964fe-4e3d-4afe-ab15-fb70c86f20a0,37.6845115,-106.4883905
2020-01-05,7996,d4a964fe-4e3d-4afe-ab15-fb70c86f20a0,37.6845115,-106.4883905
2020-01-06,7510,d4a964fe-4e3d-4afe-ab15-fb70c86f20a0,37.6845115,-106.4883905
2020-01-07,7725,d4a964fe-4e3d-4afe-ab15-fb70c86f20a0,37.6845115,-106.4883905
2020-01-08,4768,d4a964fe-4e3d-4afe-ab15-fb70c86f20a0,37.6845115,-106.4883905
2020-01-09,7067,d4a964fe-4e3d-4afe-ab15-fb70c86f20a0,37.6845115,-106.4883905
2020-01-10,7257,d4a964fe-4e3d-4afe-ab15-fb70c86f20a0,37.6845115,-106.4883905
2020-01-11,8317,d4a964fe-4e3d-4afe-ab15-fb70c86f20a0,37.6845115,-106.4883905
2020-01-12,7016,d4a964fe-4e3d-4afe-ab15-fb70c86f20a0,37.6845115,-106.4883905
2020-01-13,7011,d4a964fe-4e3d-4afe-ab15-fb70c86f20a0,37.6845115,-106.4883905
2020-01-14,7420,d4a964fe-4e3d-4afe-ab15-fb70c86f20a0,37.6845115,-106.4883905
2020-01-15,6971,d4a964fe-4e3d-4afe-ab15-fb70c86f20a0,37.6845115,-106.4883905
2020-01-16,4478,d4a964fe-4e3d-4afe-ab15-fb70c86f20a0,37.6845115,-106.4883905
2020-01-17,5369,d4a964fe-4e3d-4afe-ab15-fb70c86f20a0,37.6845115,-106.4883905
2020-01-18,6852,d4a964fe-4e3d-4afe-ab15-fb70c86f20a0,37.6845115,-106.4883905
2020-01-19,4505,d4a964fe-4e3d-4afe-ab15-fb70c86f20a0,37.6845115,-106.4883905
2020-01-20,6726,d4a964fe-4e3d-4afe-ab15-fb70c86f20a0,37.6845115,-106.4883905
2020-01-21,3840,d4a964fe-4e3d-4afe-ab15-fb70c86f20a0,37.6845115,-106.4883905
2020-01-22,6655,d4a964fe-4e3d-4afe-ab15-fb70c86f20a0,37.6845115,-106.4883905
2020-01-23,6415,d4a964fe-4e3d-4afe-ab15-fb70c86f20a0,37.6845115,-106.4883905
2020-01-24,6342,d4a964fe-4e3d-4afe-ab15-fb70c86f20a0,37.6845115,-106.4883905
2020-01-25,7070,d4a964fe-4e3d-4afe-ab15-fb70c86f20a0,37.6845115,-106.4883905
2020-01-26,5177,d4a964fe-4e3d-4afe-ab15-fb70c86f20a0,37.6845115,-106.4883905
2020-01-27,3583,d4a964fe-4e3d-4afe-ab15-fb70c86f20a0,37.6845115,-106.4883905
2020-01-28,6617,d4a964fe-4e3d-4afe-ab15-fb70c86f20a0,37.6845115,-106.4883905
2020-01-29,7510,d4a964fe-4e3d-4afe-ab15-fb70c86f20a0,37.6845115,-106.4883905
2020-01-30,6544,d4a964fe-4e3d-4afe-ab15-fb70c86f20a0,37.6845115,-106.4883905
2020-01-31,6152,d4a964fe-4e3d-4afe-ab15-fb70c86f20a0,37.6845115,-106.4883905
2020-02-01,2753,d4a964fe-4e3d-4afe-ab15-fb70c86f20a0,37.6845115,-106.4883905
2020-02-02,6859,d4a964fe-4e3d-4afe-ab15-fb70c86f20a0,37.6845115,-106.4883905
2020-02-03,6217,d4a964fe-4e3d-4afe-ab15-fb70c86f20a0,37.6845115,-106.4883905
2020-02-04,3788,d4a964fe-4e3d-4afe-ab15-fb70c86f20a0,37.6845115,-106.4883905
2020-02-05,3977,d4a964fe-4e3d-4afe-ab15-fb70c86f20a0,37.6845115,-106.4883905
2020-02-06,6541,d4a964fe-4e3d-4afe-ab15-fb70c86f20a0,37.6845115,-106.4883905
2020-02-07,5357,d4a964fe-4e3d-4afe-ab15-fb70c86f20a0,37.6845115,-106.4883905
2020-02-08,4422,d4a964fe-4e3d-4afe-ab15-fb70c86f20a0,37.6845115,-106.4883905
2020-02-09,4270,d4a964fe-4e3d-4afe-ab15-fb70c86f20a0,37.6845115,-106.4883905
2020-02-10,5883,d4a964fe-4e3d-4afe-ab15-fb70c86f20a0,37.6845115,-106.4883905
2020-02-11,994,d4a964fe-4e3d-4afe-ab15-fb70c86f20a0,37.6845115,-106.4883905
2020-02-12,1474,d4a964fe-4e3d-4afe-ab15-fb70c86f20a0,37.6845115,-106.4883905
2020-02-13,5564,d4a964fe-4e3d-4afe-ab15-fb70c86f20a0,37.6845115,-106.4883905
2020-02-14,4937,d4a964fe-4e3d-4afe-ab15-fb70c86f20a0,37.6845115,-106.4883905
2020-02-15,3700,d4a964fe-4e3d-4afe-ab15-fb70c86f20a0,37.6845115,-106.4883905
2020-02-16,2463,d4a964fe-4e3d-4afe-ab15-fb70c86f20a0,37.6845115,-106.4883905
2020-02-17,2350,d4a964fe-4e3d-4afe-ab15-fb70c86f20a0,37.6845115,-106.4883905
2020-02-18,2314,d4a964fe-4e3d-4afe-ab15-fb70c86f20a0,37.6845115,-106.4883905
2020-02-19,1421,d4a964fe-4e3d-4afe-ab15-fb70c86f20a0,37.6845115,-106.4883905
2020-02-20,1912,d4a964fe-4e3d-4afe-ab15-fb70c86f20a0,37.6845115,-106.4883905
2020-02-21,543,d4a964fe-4e3d-4afe-ab15-fb70c86f20a0,37.6845115,-106.4883905
2020-02-22,2692,d4a964fe-4e3d-4afe-ab15-fb70c86f20a0,37.6845115,-106.4883905
2020-02-23,3479,d4a964fe-4e3d-4afe-ab15-fb70c86f20a0,37.6845115,-106.4883905
2020-02-24,265,d4a964fe-4e3d-4afe-ab15-fb70c86f20a0,37.6845115,-106.4883905
2020-02-25,182,d4a964fe-4e3d-4afe-ab15-fb70c86f20a0,37.6845115,-106.4883905
2020-02-26,-751,d4a964fe-4e3d-4afe-ab15-fb70c86f20a0,37.6845115,-106.4883905
2020-02-27,-811,d4a964fe-4e3d-4afe-ab15-fb70c86f20a0,37.6845115,-106.4883905
2020-02-28,-710,d4a964fe-4e3d-4afe-ab15-fb70c86f20a0,37.6845115,-106.4883905
2020-02-29,-2156,d4a964fe-4e3d-4afe-ab15-fb70c86f20a0,37.6845115,-106.4883905
2020-03-01,-2317,d4a964fe-4e3d-4afe-ab15-fb70c86f20a0,37.6845115,-106.4883905
2020-03-02,-2859,d4a964fe-4e3d-4afe-ab15-fb70c86f20a0,37.6845115,-106.4883905
2020-03-03,-2896,d4a964fe-4e3d-4afe-ab15-fb70c86f20a0,37.6845115,-106.4883905
2020-03-04,-2929,d4a964fe-4e3d-4afe-ab15-fb70c86f20a0,37.6845115,-106.4883905
2020-03-05,-3495,d4a964fe-4e3d-4afe-ab15-fb70c86f20a0,37.6845115,-106.4883905
2020-03-06,-3606,d4a964fe-4e3d-4afe-ab15-fb70c86f20a0,37.6845115,-106.4883905
2020-03-07,-3642,d4a964fe-4e3d-4afe-ab15-fb70c86f20a0,37.6845115,-106.4883905
2020-03-08,-1961,d4a964fe-4e3d-4afe-ab15-fb70c86f20a0,37.6845115,-106.4883905
2020-03-09,2846,d4a964fe-4e3d-4afe-ab15-fb70c86f20a0,37.6845115,-106.4883905
2020-03-10,-733,d4a964fe-4e3d-4afe-ab15-fb70c86f20a0,37.6845115,-106.4883905
2020-03-11,-3422,d4a964fe-4e3d-4afe-ab15-fb70c86f20a0,37.6845115,-106.4883905
2020-03-12,-996,d4a964fe-4e3d-4afe-ab15-fb70c86f20a0,37.6845115,-106.4883905
2020-03-13,1288,d4a964fe-4e3d-4afe-ab15-fb70c86f20a0,37.6845115,-106.4883905
2020-03-14,-3852,d4a964fe-4e3d-4afe-ab15-fb70c86f20a0,37.6845115,-106.4883905
2020-03-15,-3979,d4a964fe-4e3d-4afe-ab15-fb70c86f20a0,37.6845115,-106.4883905
2020-03-16,-4351,d4a964fe-4e3d-4afe-ab15-fb70c86f20a0,37.6845115,-106.4883905
2020-03-17,-3630,d4a964fe-4e3d-4afe-ab15-fb70c86f20a0,37.6845115,-106.4883905
2020-03-18,-2945,d4a964fe-4e3d-4afe-ab15-fb70c86f20a0,37.6845115,-106.4883905
2020-03-19,4129,d4a964fe-4e3d-4afe-ab15-fb70c86f20a0,37.6845115,-106.4883905
2020-03-20,-1368,d4a964fe-4e3d-4afe-ab15-fb70c86f20a0,37.6845115,-106.4883905
2020-03-21,-2470,d4a964fe-4e3d-4afe-ab15-fb70c86f20a0,37.6845115,-106.4883905
2020-03-22,-2682,d4a964fe-4e3d-4afe-ab15-fb70c86f20a0,37.6845115,-106.4883905
2020-03-23,-4352,d4a964fe-4e3d-4afe-ab15-fb70c86f20a0,37.6845115,-106.4883905
2020-03-24,-4238,d4a964fe-4e3d-4afe-ab15-fb70c86f20a0,37.6845115,-106.4883905
2020-03-25,1309,d4a964fe-4e3d-4afe-ab15-fb70c86f20a0,37.6845115,-106.4883905
2020-03-26,-8,d4a964fe-4e3d-4afe-ab15-fb70c86f20a0,37.6845115,-106.4883905
2020-03-27,1551,d4a964fe-4e3d-4afe-ab15-fb70c86f20a0,37.6845115,-106.4883905
2020-03-28,-3808,d4a964fe-4e3d-4afe-ab15-fb70c86f20a0,37.6845115,-106.4883905
2020-03-29,-652,d4a964fe-4e3d-4afe-ab15-fb70c86f20a0,37.6845115,-106.4883905
2020-03-30,449,d4a964fe-4e3d-4afe-ab15-fb70c86f20a0,37.6845115,-106.4883905
2020-03-31,-4382,d4a964fe-4e3d-4afe-ab15-fb70c86f20a0,37.6845115,-106.4883905
2020-04-01,-3069,d4a964fe-4e3d-4afe-ab15-fb70c86f20a0,37.6845115,-106.4883905
2020-04-02,-4092,d4a964fe-4e3d-4afe-ab15-fb70c86f20a0,37.6845115,-106.4883905
2020-04-03,-4660,d4a964fe-4e3d-4afe-ab15-fb70c86f20a0,37.6845115,-106.4883905
2020-04-04,-3580,d4a964fe-4e3d-4afe-ab15-fb70c86f20a0,37.6845115,-106.4883905
2020-04-05,-4501,d4a964fe-4e3d-4afe-ab15-fb70c86f20a0,37.6845115,-106.4883905
2020-04-06,-4336,d4a964fe-4e3d-4afe-ab15-fb70c86f20a0,37.6845115,-106.4883905
2020-04-07,-4391,d4a964fe-4e3d-4afe-ab15-fb70c86f20a0,37.6845115,-106.4883905
2020-04-08,-4413,d4a964fe-4e3d-4afe-ab15-fb70c86f20a0,37.6845115,-106.4883905
2020-04-09,-374,d4a964fe-4e3d-4afe-ab15-fb70c86f20a0,37.6845115,-106.4883905
2020-04-10,-4469,d4a964fe-4e3d-4afe-ab15-fb70c86f20a0,37.6845115,-106.4883905
2020-04-11,-4017,d4a964fe-4e3d-4afe-ab15-fb70c86f20a0,37.6845115,-106.4883905
2020-04-12,-4551,d4a964fe-4e3d-4afe-ab15-fb70c86f20a0,37.6845115,-106.4883905
2020-04-13,1760,d4a964fe-4e3d-4afe-ab15-fb70c86f20a0,37.6845115,-106.4883905
2020-04-14,-4506,d4a964fe-4e3d-4afe-ab15-fb70c86f20a0,37.6845115,-106.4883905
2020-04-15,-2529,d4a964fe-4e3d-4afe-ab15-fb70c86f20a0,37.6845115,-106.4883905
2020-04-16,-4153,d4a964fe-4e3d-4afe-ab15-fb70c86f20a0,37.6845115,-106.4883905
2020-04-17,-4456,d4a964fe-4e3d-4afe-ab15-fb70c86f20a0,37.6845115,-106.4883905
2020-04-18,-4021,d4a964fe-4e3d-4afe-ab15-fb70c86f20a0,37.6845115,-106.4883905
2020-04-19,1379,d4a964fe-4e3d-4afe-ab15-fb70c86f20a0,37.6845115,-106.4883905
2020-04-20,-1348,d4a964fe-4e3d-4afe-ab15-fb70c86f20a0,37.6845115,-106.4883905
2020-04-21,-737,d4a964fe-4e3d-4afe-ab15-fb70c86f20a0,37.6845115,-106.4883905
2020-04-22,-2909,d4a964fe-4e3d-4afe-ab15-fb70c86f20a0,37.6845115,-106.4883905
2020-04-23,1083,d4a964fe-4e3d-4afe-ab15-fb70c86f20a0,37.6845115,-106.4883905
2020-04-24,-4345,d4a964fe-4e3d-4afe-ab15-fb70c86f20a0,37.6845115,-106.4883905
2020-04-25,-4181,d4a964fe-4e3d-4afe-ab15-fb70c86f20a0,37.6845115,-106.4883905
2020-04-26,-2567,d4a964fe-4e3d-4afe-ab15-fb70c86f20a0,37.6845115,-106.4883905
2020-04-27,-4131,d4a964fe-4e3d-4afe-ab15-fb70c86f20a0,37.6845115,-106.4883905
2020-04-28,-3063,d4a964fe-4e3d-4afe-ab15-fb70c86f20a0,37.6845115,-106.4883905
2020-04-29,-4285,d4a964fe-4e3d-4afe-ab15-fb70c86f20a0,37.6845115,-106.4883905
2020-04-30,-3083,d4a964fe-4e3d-4afe-ab15-fb70c86f20a0,37.6845115,-106.4883905
2020-05-01,-4387,d4a964fe-4e3d-4afe-ab15-fb70c86f20a0,37.6845115,-106.4883905
2020-05-02,-4411,d4a964fe-4e3d-4afe-ab15-fb70c86f20a0,37.6845115,-106.4883905
2020-05-03,-4352,d4a964fe-4e3d-4afe-ab15-fb70c86f20a0,37.6845115,-106.4883905
2020-05-04,-4010,d4a964fe-4e3d-4afe-ab15-fb70c86f20a0,37.6845115,-106.4883905
2020-05-05,-4298,d4a964fe-4e3d-4afe-ab15-fb70c86f20a0,37.6845115,-106.4883905
2020-05-06,-3687,d4a964fe-4e3d-4afe-ab15-fb70c86f20a0,37.6845115,-106.4883905
2020-05-07,-4330,d4a964fe-4e3d-4afe-ab15-fb70c86f20a0,37.6845115,-106.4883905
2020-05-08,-4023,d4a964fe-4e3d-4afe-ab15-fb70c86f20a0,37.6845115,-106.4883905
2020-05-09,-4236,d4a964fe-4e3d-4afe-ab15-fb70c86f20a0,37.6845115,-106.4883905
2020-05-10,-2192,d4a964fe-4e3d-4afe-ab15-fb70c86f20a0,37.6845115,-106.4883905
2020-05-11,4668,d4a964fe-4e3d-4afe-ab15-fb70c86f20a0,37.6845115,-106.4883905
2020-05-12,-4423,d4a964fe-4e3d-4afe-ab15-fb70c86f20a0,37.6845115,-106.4883905
2020-05-13,-3777,d4a964fe-4e3d-4afe-ab15-fb70c86f20a0,37.6845115,-106.4883905
2020-05-14,-4072,d4a964fe-4e3d-4afe-ab15-fb70c86f20a0,37.6845115,-106.4883905
2020-05-15,-942,d4a964fe-4e3d-4afe-ab15-fb70c86f20a0,37.6845115,-106.4883905
2020-05-16,-2257,d4a964fe-4e3d-4afe-ab15-fb70c86f20a0,37.6845115,-106.4883905
2020-05-17,-4069,d4a964fe-4e3d-4afe-ab15-fb70c86f20a0,37.6845115,-106.4883905
2020-05-18,-3979,d4a964fe-4e3d-4afe-ab15-fb70c86f20a0,37.6845115,-106.4883905
2020-05-19,-3846,d4a964fe-4e3d-4afe-ab15-fb70c86f20a0,37.6845115,-106.4883905
2020-05-20,-3319,d4a964fe-4e3d-4afe-ab15-fb70c86f20a0,37.6845115,-106.4883905
2020-05-21,-4155,d4a964fe-4e3d-4afe-ab15-fb70c86f20a0,37.6845115,-106.4883905
2020-05-22,-3581,d4a964fe-4e3d-4afe-ab15-fb70c86f20a0,37.6845115,-106.4883905
2020-05-23,584,d4a964fe-4e3d-4afe-ab15-fb70c86f20a0,37.6845115,-106.4883905
2020-05-24,-1000,d4a964fe-4e3d-4afe-ab15-fb70c86f20a0,37.6845115,-106.4883905
2020-05-25,-4068,d4a964fe-4e3d-4afe-ab15-fb70c86f20a0,37.6845115,-106.4883905
2020-05-26,-3389,d4a964fe-4e3d-4afe-ab15-fb70c86f20a0,37.6845115,-106.4883905
2020-05-27,-1206,d4a964fe-4e3d-4afe-ab15-fb70c86f20a0,37.6845115,-106.4883905
2020-05-28,-3823,d4a964fe-4e3d-4afe-ab15-fb70c86f20a0,37.6845115,-106.4883905
2020-05-29,-3481,d4a964fe-4e3d-4afe-ab15-fb70c86f20a0,37.6845115,-106.4883905
2020-05-30,1988,d4a964fe-4e3d-4afe-ab15-fb70c86f20a0,37.6845115,-106.4883905
2020-05-31,1503,d4a964fe-4e3d-4afe-ab15-fb70c86f20a0,37.6845115,-106.4883905
2020-06-01,-3554,d4a964fe-4e3d-4afe-ab15-fb70c86f20a0,37.6845115,-106.4883905
2020-06-02,118,d4a964fe-4e3d-4afe-ab15-fb70c86f20a0,37.6845115,-106.4883905
2020-06-03,-3978,d4a964fe-4e3d-4afe-ab15-fb70c86f20a0,37.6845115,-106.4883905
2020-06-04,1367,d4a964fe-4e3d-4afe-ab15-fb70c86f20a0,37.6845115,-106.4883905
2020-06-05,-3198,d4a964fe-4e3d-4afe-ab15-fb70c86f20a0,37.6845115,-106.4883905
2020-06-06,-3543,d4a964fe-4e3d-4afe-ab15-fb70c86f20a0,37.6845115,-106.4883905
2020-06-07,-3333,d4a964fe-4e3d-4afe-ab15-fb70c86f20a0,37.6845115,-106.4883905
2020-06-08,-4124,d4a964fe-4e3d-4afe-ab15-fb70c86f20a0,37.6845115,-106.4883905
2020-06-09,-3693,d4a964fe-4e3d-4afe-ab15-fb70c86f20a0,37.6845115,-106.4883905
2020-06-10,-4039,d4a964fe-4e3d-4afe-ab15-fb70c86f20a0,37.6845115,-106.4883905
2020-06-11,-3919,d4a964fe-4e3d-4afe-ab15-fb70c86f20a0,37.6845115,-106.4883905
2020-06-12,-3650,d4a964fe-4e3d-4afe-ab15-fb70c86f20a0,37.6845115,-106.4883905
2020-06-13,2470,d4a964fe-4e3d-4afe-ab15-fb70c86f20a0,37.6845115,-106.4883905
2020-06-14,-1213,d4a964fe-4e3d-4afe-ab15-fb70c86f20a0,37.6845115,-106.4883905
2020-06-15,-4001,d4a964fe-4e3d-4afe-ab15-fb70c86f20a0,37.6845115,-106.4883905
2020-06-16,-343,d4a964fe-4e3d-4afe-ab15-fb70c86f20a0,37.6845115,-106.4883905
2020-06-17,-3653,d4a964fe-4e3d-4afe-ab15-fb70c86f20a0,37.6845115,-106.4883905
2020-06-18,-2373,d4a964fe-4e3d-4afe-ab15-fb70c86f20a0,37.6845115,-106.4883905
2020-06-19,-1392,d4a964fe-4e3d-4afe-ab15-fb70c86f20a0,37.6845115,-106.4883905
2020-06-20,-4225,d4a964fe-4e3d-4afe-ab15-fb70c86f20a0,37.6845115,-106.4883905
2020-06-21,-1823,d4a964fe-4e3d-4afe-ab15-fb70c86f20a0,37.6845115,-106.4883905
2020-06-22,2830,d4a964fe-4e3d-4afe-ab15-fb70c86f20a0,37.6845115,-106.4883905
2020-06-23,-3202,d4a964fe-4e3d-4afe-ab15-fb70c86f20a0,37.6845115,-106.4883905
2020-06-24,-3742,d4a964fe-4e3d-4afe-ab15-fb70c86f20a0,37.6845115,-106.4883905
2020-06-25,1399,d4a964fe-4e3d-4afe-ab15-fb70c86f20a0,37.6845115,-106.4883905
2020-06-26,-3857,d4a964fe-4e3d-4afe-ab15-fb70c86f20a0,37.6845115,-106.4883905
2020-06-27,3030,d4a964fe-4e3d-4afe-ab15-fb70c86f20a0,37.6845115,-106.4883905
2020-06-28,-3280,d4a964fe-4e3d-4afe-ab15-fb70c86f20a0,37.6845115,-106.4883905
2020-06-29,-743,d4a964fe-4e3d-4afe-ab15-fb70c86f20a0,37.6845115,-106.4883905
2020-06-30,-3499,d4a964fe-4e3d-4afe-ab15-fb70c86f20a0,37.6845115,-106.4883905
2020-07-01,-3861,d4a964fe-4e3d-4afe-ab15-fb70c86f20a0,37.6845115,-106.4883905
2020-07-02,-1218,d4a964fe-4e3d-4afe-ab15-fb70c86f20a0,37.6845115,-106.4883905
2020-07-03,-2454,d4a964fe-4e3d-4afe-ab15-fb70c86f20a0,37.6845115,-106.4883905
2020-07-04,479,d4a964fe-4e3d-4afe-ab15-fb70c86f20a0,37.6845115,-106.4883905
2020-07-05,-3779,d4a964fe-4e3d-4afe-ab15-fb70c86f20a0,37.6845115,-106.4883905
2020-07-06,-38,d4a964fe-4e3d-4afe-ab15-fb70c86f20a0,37.6845115,-106.4883905
2020-07-07,-2290,d4a964fe-4e3d-4afe-ab15-fb70c86f20a0,37.6845115,-106.4883905
2020-07-08,-3866,d4a964fe-4e3d-4afe-ab15-fb70c86f20a0,37.6845115,-106.4883905
2020-07-09,-3555,d4a964fe-4e3d-4afe-ab15-fb70c86f20a0,37.6845115,-106.4883905
2020-07-10,-4152,d4a964fe-4e3d-4afe-ab15-fb70c86f20a0,37.6845115,-106.4883905
2020-07-11,-3670,d4a964fe-4e3d-4afe-ab15-fb70c86f20a0,37.6845115,-106.4883905
2020-07-12,-4064,d4a964fe-4e3d-4afe-ab15-fb70c86f20a0,37.6845115,-106.4883905
2020-07-13,4093,d4a964fe-4e3d-4afe-ab15-fb70c86f20a0,37.6845115,-106.4883905
2020-07-14,-1422,d4a964fe-4e3d-4afe-ab15-fb70c86f20a0,37.6845115,-106.4883905
2020-07-15,4981,d4a964fe-4e3d-4afe-ab15-fb70c86f20a0,37.6845115,-106.4883905
2020-07-16,3746,d4a964fe-4e3d-4afe-ab15-fb70c86f20a0,37.6845115,-106.4883905
2020-07-17,-1604,d4a964fe-4e3d-4afe-ab15-fb70c86f20a0,37.6845115,-106.4883905
2020-07-18,-890,d4a964fe-4e3d-4afe-ab15-fb70c86f20a0,37.6845115,-106.4883905
2020-07-19,-3865,d4a964fe-4e3d-4afe-ab15-fb70c86f20a0,37.6845115,-106.4883905
2020-07-20,4119,d4a964fe-4e3d-4afe-ab15-fb70c86f20a0,37.6845115,-106.4883905
2020-07-21,-3535,d4a964fe-4e3d-4afe-ab15-fb70c86f20a0,37.6845115,-106.4883905
2020-07-22,5553,d4a964fe-4e3d-4afe-ab15-fb70c86f20a0,37.6845115,-106.4883905
2020-07-23,-2350,d4a964fe-4e3d-4afe-ab15-fb70c86f20a0,37.6845115,-106.4883905
2020-07-24,-1390,d4a964fe-4e3d-4afe-ab15-fb70c86f20a0,37.6845115,-106.4883905
2020-07-25,-629,d4a964fe-4e3d-4afe-ab15-fb70c86f20a0,37.6845115,-106.4883905
2020-07-26,525,d4a964fe-4e3d-4afe-ab15-fb70c86f20a0,37.6845115,-106.4883905
2020-07-27,-2343,d4a964fe-4e3d-4afe-ab15-fb70c86f20a0,37.6845115,-106.4883905
2020-07-28,-2117,d4a964fe-4e3d-4afe-ab15-fb70c86f20a0,37.6845115,-106.4883905
2020-07-29,-3627,d4a964fe-4e3d-4afe-ab15-fb70c86f20a0,37.6845115,-106.4883905
2020-07-30,-3559,d4a964fe-4e3d-4afe-ab15-fb70c86f20a0,37.6845115,-106.4883905
2020-07-31,-3690,d4a964fe-4e3d-4afe-ab15-fb70c86f20a0,37.6845115,-106.4883905
2020-08-01,-3217,d4a964fe-4e3d-4afe-ab15-fb70c86f20a0,37.6845115,-106.4883905
2020-08-02,4351,d4a964fe-4e3d-4afe-ab15-fb70c86f20a0,37.6845115,-106.4883905
2020-08-03,4480,d4a964fe-4e3d-4afe-ab15-fb70c86f20a0,37.6845115,-106.4883905
2020-08-04,-3668,d4a964fe-4e3d-4afe-ab15-fb70c86f20a0,37.6845115,-106.4883905
2020-08-05,623,d4a964fe-4e3d-4afe-ab15-fb70c86f20a0,37.6845115,-106.4883905
2020-08-06,-3773,d4a964fe-4e3d-4afe-ab15-fb70c86f20a0,37.6845115,-106.4883905
2020-08-07,-3532,d4a964fe-4e3d-4afe-ab15-fb70c86f20a0,37.6845115,-106.4883905
2020-08-08,-1930,d4a964fe-4e3d-4afe-ab15-fb70c86f20a0,37.6845115,-106.4883905
2020-08-09,-3531,d4a964fe-4e3d-4afe-ab15-fb70c86f20a0,37.6845115,-106.4883905
2020-08-10,-3127,d4a964fe-4e3d-4afe-ab15-fb70c86f20a0,37.6845115,-106.4883905
2020-08-11,-4007,d4a964fe-4e3d-4afe-ab15-fb70c86f20a0,37.6845115,-106.4883905
2020-08-12,-3093,d4a964fe-4e3d-4afe-ab15-fb70c86f20a0,37.6845115,-106.4883905
2020-08-13,-3939,d4a964fe-4e3d-4afe-ab15-fb70c86f20a0,37.6845115,-106.4883905
2020-08-14,-3594,d4a964fe-4e3d-4afe-ab15-fb70c86f20a0,37.6845115,-106.4883905
2020-08-15,-3400,d4a964fe-4e3d-4afe-ab15-fb70c86f20a0,37.6845115,-106.4883905
2020-08-16,-3890,d4a964fe-4e3d-4afe-ab15-fb70c86f20a0,37.6845115,-106.4883905
2020-08-17,-3075,d4a964fe-4e3d-4afe-ab15-fb70c86f20a0,37.6845115,-106.4883905
2020-08-18,-4053,d4a964fe-4e3d-4afe-ab15-fb70c86f20a0,37.6845115,-106.4883905
2020-08-19,761,d4a964fe-4e3d-4afe-ab15-fb70c86f20a0,37.6845115,-106.4883905
2020-08-20,-592,d4a964fe-4e3d-4afe-ab15-fb70c86f20a0,37.6845115,-106.4883905
2020-08-21,-1925,d4a964fe-4e3d-4afe-ab15-fb70c86f20a0,37.6845115,-106.4883905
2020-08-22,-584,d4a964fe-4e3d-4afe-ab15-fb70c86f20a0,37.6845115,-106.4883905
2020-08-23,-898,d4a964fe-4e3d-4afe-ab15-fb70c86f20a0,37.6845115,-106.4883905
2020-08-24,-3145,d4a964fe-4e3d-4afe-ab15-fb70c86f20a0,37.6845115,-106.4883905
2020-08-25,-3222,d4a964fe-4e3d-4afe-ab15-fb70c86f20a0,37.6845115,-106.4883905
2020-08-26,-2823,d4a964fe-4e3d-4afe-ab15-fb70c86f20a0,37.6845115,-106.4883905
2020-08-27,-3877,d4a964fe-4e3d-4afe-ab15-fb70c86f20a0,37.6845115,-106.4883905
2020-08-28,-2264,d4a964fe-4e3d-4afe-ab15-fb70c86f20a0,37.6845115,-106.4883905
2020-08-29,-2199,d4a964fe-4e3d-4afe-ab15-fb70c86f20a0,37.6845115,-106.4883905
2020-08-30,-814,d4a964fe-4e3d-4afe-ab15-fb70c86f20a0,37.6845115,-106.4883905
2020-08-31,296,d4a964fe-4e3d-4afe-ab15-fb70c86f20a0,37.6845115,-106.4883905
2020-09-01,-2170,d4a964fe-4e3d-4afe-ab15-fb70c86f20a0,37.6845115,-106.4883905
2020-09-02,-3475,d4a964fe-4e3d-4afe-ab15-fb70c86f20a0,37.6845115,-106.4883905
2020-09-03,-4301,d4a964fe-4e3d-4afe-ab15-fb70c86f20a0,37.6845115,-106.4883905
2020-09-04,-3738,d4a964fe-4e3d-4afe-ab15-fb70c86f20a0,37.6845115,-106.4883905
2020-09-05,-4177,d4a964fe-4e3d-4afe-ab15-fb70c86f20a0,37.6845115,-106.4883905
2020-09-06,-3713,d4a964fe-4e3d-4afe-ab15-fb70c86f20a0,37.6845115,-106.4883905
2020-09-07,3,d4a964fe-4e3d-4afe-ab15-fb70c86f20a0,37.6845115,-106.4883905
2020-09-08,4599,d4a964fe-4e3d-4afe-ab15-fb70c86f20a0,37.6845115,-106.4883905
2020-09-09,1669,d4a964fe-4e3d-4afe-ab15-fb70c86f20a0,37.6845115,-106.4883905
2020-09-10,2359,d4a964fe-4e3d-4afe-ab15-fb70c86f20a0,37.6845115,-106.4883905
2020-09-11,6726,d4a964fe-4e3d-4afe-ab15-fb70c86f20a0,37.6845115,-106.4883905
2020-09-12,574,d4a964fe-4e3d-4afe-ab15-fb70c86f20a0,37.6845115,-106.4883905
2020-09-13,-3458,d4a964fe-4e3d-4afe-ab15-fb70c86f20a0,37.6845115,-106.4883905
2020-09-14,-3773,d4a964fe-4e3d-4afe-ab15-fb70c86f20a0,37.6845115,-106.4883905
2020-09-15,20,d4a964fe-4e3d-4afe-ab15-fb70c86f20a0,37.6845115,-106.4883905
2020-09-16,-2685,d4a964fe-4e3d-4afe-ab15-fb70c86f20a0,37.6845115,-106.4883905
2020-09-17,-2334,d4a964fe-4e3d-4afe-ab15-fb70c86f20a0,37.6845115,-106.4883905
2020-09-18,-2750,d4a964fe-4e3d-4afe-ab15-fb70c86f20a0,37.6845115,-106.4883905
2020-09-19,-2382,d4a964fe-4e3d-4afe-ab15-fb70c86f20a0,37.6845115,-106.4883905
2020-09-20,-532,d4a964fe-4e3d-4afe-ab15-fb70c86f20a0,37.6845115,-106.4883905
2020-09-21,-3965,d4a964fe-4e3d-4afe-ab15-fb70c86f20a0,37.6845115,-106.4883905
2020-09-22,-2547,d4a964fe-4e3d-4afe-ab15-fb70c86f20a0,37.6845115,-106.4883905
2020-09-23,-2912,d4a964fe-4e3d-4afe-ab15-fb70c86f20a0,37.6845115,-106.4883905
2020-09-24,-4094,d4a964fe-4e3d-4afe-ab15-fb70c86f20a0,37.6845115,-106.4883905
2020-09-25,-3545,d4a964fe-4e3d-4afe-ab15-fb70c86f20a0,37.6845115,-106.4883905
2020-09-26,-2711,d4a964fe-4e3d-4afe-ab15-fb70c86f20a0,37.6845115,-106.4883905
2020-09-27,-3360,d4a964fe-4e3d-4afe-ab15-fb70c86f20a0,37.6845115,-106.4883905
2020-09-28,-4078,d4a964fe-4e3d-4afe-ab15-fb70c86f20a0,37.6845115,-106.4883905
2020-09-29,-4165,d4a964fe-4e3d-4afe-ab15-fb70c86f20a0,37.6845115,-106.4883905
2020-09-30,-3986,d4a964fe-4e3d-4afe-ab15-fb70c86f20a0,37.6845115,-106.4883905
2020-10-01,-4062,d4a964fe-4e3d-4afe-ab15-fb70c86f20a0,37.6845115,-106.4883905
2020-10-02,-2050,d4a964fe-4e3d-4afe-ab15-fb70c86f20a0,37.6845115,-106.4883905
2020-10-03,-4003,d4a964fe-4e3d-4afe-ab15-fb70c86f20a0,37.6845115,-106.4883905
2020-10-04,-3449,d4a964fe-4e3d-4afe-ab15-fb70c86f20a0,37.6845115,-106.4883905
2020-10-05,-4201,d4a964fe-4e3d-4afe-ab15-fb70c86f20a0,37.6845115,-106.4883905
2020-10-06,-3286,d4a964fe-4e3d-4afe-ab15-fb70c86f20a0,37.6845115,-106.4883905
2020-10-07,-4103,d4a964fe-4e3d-4afe-ab15-fb70c86f20a0,37.6845115,-106.4883905
2020-10-08,-3560,d4a964fe-4e3d-4afe-ab15-fb70c86f20a0,37.6845115,-106.4883905
2020-10-09,-3439,d4a964fe-4e3d-4afe-ab15-fb70c86f20a0,37.6845115,-106.4883905
2020-10-10,-4127,d4a964fe-4e3d-4afe-ab15-fb70c86f20a0,37.6845115,-106.4883905
2020-10-11,-3704,d4a964fe-4e3d-4afe-ab15-fb70c86f20a0,37.6845115,-106.4883905
2020-10-12,-4531,d4a964fe-4e3d-4afe-ab15-fb70c86f20a0,37.6845115,-106.4883905
2020-10-13,-3770,d4a964fe-4e3d-4afe-ab15-fb70c86f20a0,37.6845115,-106.4883905
2020-10-14,-4536,d4a964fe-4e3d-4afe-ab15-fb70c86f20a0,37.6845115,-106.4883905
2020-10-15,-1971,d4a964fe-4e3d-4afe-ab15-fb70c86f20a0,37.6845115,-106.4883905
2020-10-16,-4258,d4a964fe-4e3d-4afe-ab15-fb70c86f20a0,37.6845115,-106.4883905
2020-10-17,-4356,d4a964fe-4e3d-4afe-ab15-fb70c86f20a0,37.6845115,-106.4883905
2020-10-18,-3971,d4a964fe-4e3d-4afe-ab15-fb70c86f20a0,37.6845115,-106.4883905
2020-10-19,-4450,d4a964fe-4e3d-4afe-ab15-fb70c86f20a0,37.6845115,-106.4883905
2020-10-20,-3355,d4a964fe-4e3d-4afe-ab15-fb70c86f20a0,37.6845115,-106.4883905
2020-10-21,-4654,d4a964fe-4e3d-4afe-ab15-fb70c86f20a0,37.6845115,-106.4883905
2020-10-22,-3782,d4a964fe-4e3d-4afe-ab15-fb70c86f20a0,37.6845115,-106.4883905
2020-10-23,-4353,d4a964fe-4e3d-4afe-ab15-fb70c86f20a0,37.6845115,-106.4883905
2020-10-24,-3474,d4a964fe-4e3d-4afe-ab15-fb70c86f20a0,37.6845115,-106.4883905
2020-10-25,-582,d4a964fe-4e3d-4afe-ab15-fb70c86f20a0,37.6845115,-106.4883905
2020-10-26,7249,d4a964fe-4e3d-4afe-ab15-fb70c86f20a0,37.6845115,-106.4883905
2020-10-27,6574,d4a964fe-4e3d-4afe-ab15-fb70c86f20a0,37.6845115,-106.4883905
2020-10-28,7137,d4a964fe-4e3d-4afe-ab15-fb70c86f20a0,37.6845115,-106.4883905
2020-10-29,3678,d4a964fe-4e3d-4afe-ab15-fb70c86f20a0,37.6845115,-106.4883905
2020-10-30,-1144,d4a964fe-4e3d-4afe-ab15-fb70c86f20a0,37.6845115,-106.4883905
2020-10-31,-3760,d4a964fe-4e3d-4afe-ab15-fb70c86f20a0,37.6845115,-106.4883905
2020-11-01,-4127,d4a964fe-4e3d-4afe-ab15-fb70c86f20a0,37.6845115,-106.4883905
2020-11-02,-4089,d4a964fe-4e3d-4afe-ab15-fb70c86f20a0,37.6845115,-106.4883905
2020-11-03,-4005,d4a964fe-4e3d-4afe-ab15-fb70c86f20a0,37.6845115,-106.4883905
2020-11-04,-4441,d4a964fe-4e3d-4afe-ab15-fb70c86f20a0,37.6845115,-106.4883905
2020-11-05,-3756,d4a964fe-4e3d-4afe-ab15-fb70c86f20a0,37.6845115,-106.4883905
2020-11-06,-1998,d4a964fe-4e3d-4afe-ab15-fb70c86f20a0,37.6845115,-106.4883905
2020-11-07,-18,d4a964fe-4e3d-4afe-ab15-fb70c86f20a0,37.6845115,-106.4883905
2020-11-08,-2828,d4a964fe-4e3d-4afe-ab15-fb70c86f20a0,37.6845115,-106.4883905
2020-11-09,2002,d4a964fe-4e3d-4afe-ab15-fb70c86f20a0,37.6845115,-106.4883905
2020-11-10,6588,d4a964fe-4e3d-4afe-ab15-fb70c86f20a0,37.6845115,-106.4883905
2020-11-11,5980,d4a964fe-4e3d-4afe-ab15-fb70c86f20a0,37.6845115,-106.4883905
2020-11-12,3149,d4a964fe-4e3d-4afe-ab15-fb70c86f20a0,37.6845115,-106.4883905
2020-11-13,1777,d4a964fe-4e3d-4afe-ab15-fb70c86f20a0,37.6845115,-106.4883905
2020-11-14,1685,d4a964fe-4e3d-4afe-ab15-fb70c86f20a0,37.6845115,-106.4883905
2020-11-15,-2225,d4a964fe-4e3d-4afe-ab15-fb70c86f20a0,37.6845115,-106.4883905
2020-11-16,-3412,d4a964fe-4e3d-4afe-ab15-fb70c86f20a0,37.6845115,-106.4883905
2020-11-17,-3720,d4a964fe-4e3d-4afe-ab15-fb70c86f20a0,37.6845115,-106.4883905
2020-11-18,-844,d4a964fe-4e3d-4afe-ab15-fb70c86f20a0,37.6845115,-106.4883905
2020-11-19,-4018,d4a964fe-4e3d-4afe-ab15-fb70c86f20a0,37.6845115,-106.4883905
2020-11-20,-4221,d4a964fe-4e3d-4afe-ab15-fb70c86f20a0,37.6845115,-106.4883905
2020-11-21,-3272,d4a964fe-4e3d-4afe-ab15-fb70c86f20a0,37.6845115,-106.4883905
2020-11-22,-2009,d4a964fe-4e3d-4afe-ab15-fb70c86f20a0,37.6845115,-106.4883905
2020-11-23,1798,d4a964fe-4e3d-4afe-ab15-fb70c86f20a0,37.6845115,-106.4883905
2020-11-24,5536,d4a964fe-4e3d-4afe-ab15-fb70c86f20a0,37.6845115,-106.4883905
2020-11-25,-3307,d4a964fe-4e3d-4afe-ab15-fb70c86f20a0,37.6845115,-106.4883905
2020-11-26,-3463,d4a964fe-4e3d-4afe-ab15-fb70c86f20a0,37.6845115,-106.4883905
2020-11-27,-3959,d4a964fe-4e3d-4afe-ab15-fb70c86f20a0,37.6845115,-106.4883905
2020-11-28,-3613,d4a964fe-4e3d-4afe-ab15-fb70c86f20a0,37.6845115,-106.4883905
2020-11-29,-4147,d4a964fe-4e3d-4afe-ab15-fb70c86f20a0,37.6845115,-106.4883905
2020-11-30,-3234,d4a964fe-4e3d-4afe-ab15-fb70c86f20a0,37.6845115,-106.4883905
2020-12-01,-374,d4a964fe-4e3d-4afe-ab15-fb70c86f20a0,37.6845115,-106.4883905
2020-12-02,-3476,d4a964fe-4e3d-4afe-ab15-fb70c86f20a0,37.6845115,-106.4883905
2020-12-03,-3944,d4a964fe-4e3d-4afe-ab15-fb70c86f20a0,37.6845115,-106.4883905
2020-12-04,-3980,d4a964fe-4e3d-4afe-ab15-fb70c86f20a0,37.6845115,-106.4883905
2020-12-05,-3742,d4a964fe-4e3d-4afe-ab15-fb70c86f20a0,37.6845115,-106.4883905
2020-12-06,-4220,d4a964fe-4e3d-4afe-ab15-fb70c86f20a0,37.6845115,-106.4883905
2020-12-07,-3467,d4a964fe-4e3d-4afe-ab15-fb70c86f20a0,37.6845115,-106.4883905
2020-12-08,-4144,d4a964fe-4e3d-4afe-ab15-fb70c86f20a0,37.6845115,-106.4883905
2020-12-09,-3603,d4a964fe-4e3d-4afe-ab15-fb70c86f20a0,37.6845115,-106.4883905
2020-12-10,5019,d4a964fe-4e3d-4afe-ab15-fb70c86f20a0,37.6845115,-106.4883905
2020-12-11,2132,d4a964fe-4e3d-4afe-ab15-fb70c86f20a0,37.6845115,-106.4883905
2020-12-12,-798,d4a964fe-4e3d-4afe-ab15-fb70c86f20a0,37.6845115,-106.4883905
2020-12-13,-680,d4a964fe-4e3d-4afe-ab15-fb70c86f20a0,37.6845115,-106.4883905
2020-12-14,2902,d4a964fe-4e3d-4afe-ab15-fb70c86f20a0,37.6845115,-106.4883905
2020-12-15,759,d4a964fe-4e3d-4afe-ab15-fb70c86f20a0,37.6845115,-106.4883905
2020-12-16,-1961,d4a964fe-4e3d-4afe-ab15-fb70c86f20a0,37.6845115,-106.4883905
2020-12-17,1581,d4a964fe-4e3d-4afe-ab15-fb70c86f20a0,37.6845115,-106.4883905
2020-12-18,1682,d4a964fe-4e3d-4afe-ab15-fb70c86f20a0,37.6845115,-106.4883905
2020-12-19,-213,d4a964fe-4e3d-4afe-ab15-fb70c86f20a0,37.6845115,-106.4883905
2020-12-20,532,d4a964fe-4e3d-4afe-ab15-fb70c86f20a0,37.6845115,-106.4883905
2020-12-21,-1928,d4a964fe-4e3d-4afe-ab15-fb70c86f20a0,37.6845115,-106.4883905
2020-12-22,-2484,d4a964fe-4e3d-4afe-ab15-fb70c86f20a0,37.6845115,-106.4883905
2020-12-23,-3062,d4a964fe-4e3d-4afe-ab15-fb70c86f20a0,37.6845115,-106.4883905
2020-12-24,-3103,d4a964fe-4e3d-4afe-ab15-fb70c86f20a0,37.6845115,-106.4883905
2020-12-25,-3172,d4a964fe-4e3d-4afe-ab15-fb70c86f20a0,37.6845115,-106.4883905
2020-12-26,-3635,d4a964fe-4e3d-4afe-ab15-fb70c86f20a0,37.6845115,-106.4883905
2020-12-27,933,d4a964fe-4e3d-4afe-ab15-fb70c86f20a0,37.6845115,-106.4883905
2020-12-28,3946,d4a964fe-4e3d-4afe-ab15-fb70c86f20a0,37.6845115,-106.4883905
2020-12-29,5992,d4a964fe-4e3d-4afe-ab15-fb70c86f20a0,37.6845115,-106.4883905
2020-12-30,6354,d4a964fe-4e3d-4afe-ab15-fb70c86f20a0,37.6845115,-106.4883905
2020-12-31,7363,d4a964fe-4e3d-4afe-ab15-fb70c86f20a0,37.6845115,-106.4883905
2021-01-01,4347,d4a964fe-4e3d-4afe-ab15-fb70c86f20a0,37.6845115,-106.4883905
2021-01-02,6427,d4a964fe-4e3d-4afe-ab15-fb70c86f20a0,37.6845115,-106.4883905
2021-01-03,5841,d4a964fe-4e3d-4afe-ab15-fb70c86f20a0,37.6845115,-106.4883905
2021-01-04,7174,d4a964fe-4e3d-4afe-ab15-fb70c86f20a0,37.6845115,-106.4883905
2021-01-05,1247,d4a964fe-4e3d-4afe-ab15-fb70c86f20a0,37.6845115,-106.4883905
2021-01-06,6851,d4a964fe-4e3d-4afe-ab15-fb70c86f20a0,37.6845115,-106.4883905
2021-01-07,7945,d4a964fe-4e3d-4afe-ab15-fb70c86f20a0,37.6845115,-106.4883905
2021-01-08,7648,d4a964fe-4e3d-4afe-ab15-fb70c86f20a0,37.6845115,-106.4883905
2021-01-09,5669,d4a964fe-4e3d-4afe-ab15-fb70c86f20a0,37.6845115,-106.4883905
2021-01-10,4766,d4a964fe-4e3d-4afe-ab15-fb70c86f20a0,37.6845115,-106.4883905
2021-01-11,7221,d4a964fe-4e3d-4afe-ab15-fb70c86f20a0,37.6845115,-106.4883905
2021-01-12,6613,d4a964fe-4e3d-4afe-ab15-fb70c86f20a0,37.6845115,-106.4883905
2021-01-13,4325,d4a964fe-4e3d-4afe-ab15-fb70c86f20a0,37.6845115,-106.4883905
2021-01-14,6043,d4a964fe-4e3d-4afe-ab15-fb70c86f20a0,37.6845115,-106.4883905
2021-01-15,6929,d4a964fe-4e3d-4afe-ab15-fb70c86f20a0,37.6845115,-106.4883905
2021-01-16,7611,d4a964fe-4e3d-4afe-ab15-fb70c86f20a0,37.6845115,-106.4883905
2021-01-17,3495,d4a964fe-4e3d-4afe-ab15-fb70c86f20a0,37.6845115,-106.4883905
2021-01-18,1515,d4a964fe-4e3d-4afe-ab15-fb70c86f20a0,37.6845115,-106.4883905
2021-01-19,3707,d4a964fe-4e3d-4afe-ab15-fb70c86f20a0,37.6845115,-106.4883905
2021-01-20,6756,d4a964fe-4e3d-4afe-ab15-fb70c86f20a0,37.6845115,-106.4883905
2021-01-21,6784,d4a964fe-4e3d-4afe-ab15-fb70c86f20a0,37.6845115,-106.4883905
2021-01-22,7276,d4a964fe-4e3d-4afe-ab15-fb70c86f20a0,37.6845115,-106.4883905
2021-01-23,5309,d4a964fe-4e3d-4afe-ab15-fb70c86f20a0,37.6845115,-106.4883905
2021-01-24,4617,d4a964fe-4e3d-4afe-ab15-fb70c86f20a0,37.6845115,-106.4883905
2021-01-25,5850,d4a964fe-4e3d-4afe-ab15-fb70c86f20a0,37.6845115,-106.4883905
2021-01-26,2271,d4a964fe-4e3d-4afe-ab15-fb70c86f20a0,37.6845115,-106.4883905
2021-01-27,7149,d4a964fe-4e3d-4afe-ab15-fb70c86f20a0,37.6845115,-106.4883905
2021-01-28,6341,d4a964fe-4e3d-4afe-ab15-fb70c86f20a0,37.6845115,-106.4883905
2021-01-29,5850,d4a964fe-4e3d-4afe-ab15-fb70c86f20a0,37.6845115,-106.4883905
2021-01-30,5919,d4a964fe-4e3d-4afe-ab15-fb70c86f20a0,37.6845115,-106.4883905
2021-01-31,6796,d4a964fe-4e3d-4afe-ab15-fb70c86f20a0,37.6845115,-106.4883905
2021-02-01,2316,d4a964fe-4e3d-4afe-ab15-fb70c86f20a0,37.6845115,-106.4883905
2021-02-02,7054,d4a964fe-4e3d-4afe-ab15-fb70c86f20a0,37.6845115,-106.4883905
2021-02-03,2718,d4a964fe-4e3d-4afe-ab15-fb70c86f20a0,37.6845115,-106.4883905
2021-02-04,6009,d4a964fe-4e3d-4afe-ab15-fb70c86f20a0,37.6845115,-106.4883905
2021-02-05,6862,d4a964fe-4e3d-4afe-ab15-fb70c86f20a0,37.6845115,-106.4883905
2021-02-06,5590,d4a964fe-4e3d-4afe-ab15-fb70c86f20a0,37.6845115,-106.4883905
2021-02-07,4500,d4a964fe-4e3d-4afe-ab15-fb70c86f20a0,37.6845115,-106.4883905
2021-02-08,5218,d4a964fe-4e3d-4afe-ab15-fb70c86f20a0,37.6845115,-106.4883905
2021-02-09,3006,d4a964fe-4e3d-4afe-ab15-fb70c86f20a0,37.6845115,-106.4883905
2021-02-10,2898,d4a964fe-4e3d-4afe-ab15-fb70c86f20a0,37.6845115,-106.4883905
2021-02-11,782,d4a964fe-4e3d-4afe-ab15-fb70c86f20a0,37.6845115,-106.4883905
2021-02-12,2414,d4a964fe-4e3d-4afe-ab15-fb70c86f20a0,37.6845115,-106.4883905
2021-02-13,1729,d4a964fe-4e3d-4afe-ab15-fb70c86f20a0,37.6845115,-106.4883905
2021-02-14,3869,d4a964fe-4e3d-4afe-ab15-fb70c86f20a0,37.6845115,-106.4883905
2021-02-15,3511,d4a964fe-4e3d-4afe-ab15-fb70c86f20a0,37.6845115,-106.4883905
2021-02-16,2022,d4a964fe-4e3d-4afe-ab15-fb70c86f20a0,37.6845115,-106.4883905
2021-02-17,5507,d4a964fe-4e3d-4afe-ab15-fb70c86f20a0,37.6845115,-106.4883905
2021-02-18,4045,d4a964fe-4e3d-4afe-ab15-fb70c86f20a0,37.6845115,-106.4883905
2021-02-19,2880,d4a964fe-4e3d-4afe-ab15-fb70c86f20a0,37.6845115,-106.4883905
2021-02-20,274,d4a964fe-4e3d-4afe-ab15-fb70c86f20a0,37.6845115,-106.4883905
2021-02-21,-1043,d4a964fe-4e3d-4afe-ab15-fb70c86f20a0,37.6845115,-106.4883905
2021-02-22,-1924,d4a964fe-4e3d-4afe-ab15-fb70c86f20a0,37.6845115,-106.4883905
2021-02-23,-1231,d4a964fe-4e3d-4afe-ab15-fb70c86f20a0,37.6845115,-106.4883905
2021-02-24,-1253,d4a964fe-4e3d-4afe-ab15-fb70c86f20a0,37.6845115,-106.4883905
2021-02-25,1769,d4a964fe-4e3d-4afe-ab15-fb70c86f20a0,37.6845115,-106.4883905
2021-02-26,-1491,d4a964fe-4e3d-4afe-ab15-fb70c86f20a0,37.6845115,-106.4883905
2021-02-27,900,d4a964fe-4e3d-4afe-ab15-fb70c86f20a0,37.6845115,-106.4883905
2021-02-28,3668,d4a964fe-4e3d-4afe-ab15-fb70c86f20a0,37.6845115,-106.4883905
2021-03-01,-2799,d4a964fe-4e3d-4afe-ab15-fb70c86f20a0,37.6845115,-106.4883905
2021-03-02,-2701,d4a964fe-4e3d-4afe-ab15-fb70c86f20a0,37.6845115,-106.4883905
2021-03-03,-3229,d4a964fe-4e3d-4afe-ab15-fb70c86f20a0,37.6845115,-106.4883905
2021-03-04,-400,d4a964fe-4e3d-4afe-ab15-fb70c86f20a0,37.6845115,-106.4883905
2021-03-05,-2767,d4a964fe-4e3d-4afe-ab15-fb70c86f20a0,37.6845115,-106.4883905
2021-03-06,-2744,d4a964fe-4e3d-4afe-ab15-fb70c86f20a0,37.6845115,-106.4883905
2021-03-07,-1696,d4a964fe-4e3d-4afe-ab15-fb70c86f20a0,37.6845115,-106.4883905
2021-03-08,-2971,d4a964fe-4e3d-4afe-ab15-fb70c86f20a0,37.6845115,-106.4883905
2021-03-09,2365,d4a964fe-4e3d-4afe-ab15-fb70c86f20a0,37.6845115,-106.4883905
2021-03-10,1556,d4a964fe-4e3d-4afe-ab15-fb70c86f20a0,37.6845115,-106.4883905
2021-03-11,-3650,d4a964fe-4e3d-4afe-ab15-fb70c86f20a0,37.6845115,-106.4883905
2021-03-12,-3812,d4a964fe-4e3d-4afe-ab15-fb70c86f20a0,37.6845115,-106.4883905
2021-03-13,3473,d4a964fe-4e3d-4afe-ab15-fb70c86f20a0,37.6845115,-106.4883905
2021-03-14,3671,d4a964fe-4e3d-4afe-ab15-fb70c86f20a0,37.6845115,-106.4883905
2021-03-15,-2753,d4a964fe-4e3d-4afe-ab15-fb70c86f20a0,37.6845115,-106.4883905
2021-03-16,3131,d4a964fe-4e3d-4afe-ab15-fb70c86f20a0,37.6845115,-106.4883905
2021-03-17,-1262,d4a964fe-4e3d-4afe-ab15-fb70c86f20a0,37.6845115,-106.4883905
2021-03-18,-3470,d4a964fe-4e3d-4afe-ab15-fb70c86f20a0,37.6845115,-106.4883905
2021-03-19,-4092,d4a964fe-4e3d-4afe-ab15-fb70c86f20a0,37.6845115,-106.4883905
2021-03-20,-3872,d4a964fe-4e3d-4afe-ab15-fb70c86f20a0,37.6845115,-106.4883905
2021-03-21,-4130,d4a964fe-4e3d-4afe-ab15-fb70c86f20a0,37.6845115,-106.4883905
2021-03-22,-1751,d4a964fe-4e3d-4afe-ab15-fb70c86f20a0,37.6845115,-106.4883905
2021-03-23,-1204,d4a964fe-4e3d-4afe-ab15-fb70c86f20a0,37.6845115,-106.4883905
2021-03-24,5432,d4a964fe-4e3d-4afe-ab15-fb70c86f20a0,37.6845115,-106.4883905
2021-03-25,3253,d4a964fe-4e3d-4afe-ab15-fb70c86f20a0,37.6845115,-106.4883905
2021-03-26,4181,d4a964fe-4e3d-4afe-ab15-fb70c86f20a0,37.6845115,-106.4883905
2021-03-27,6275,d4a964fe-4e3d-4afe-ab15-fb70c86f20a0,37.6845115,-106.4883905
2021-03-28,2084,d4a964fe-4e3d-4afe-ab15-fb70c86f20a0,37.6845115,-106.4883905
2021-03-29,-3537,d4a964fe-4e3d-4afe-ab15-fb70c86f20a0,37.6845115,-106.4883905
2021-03-30,-4030,d4a964fe-4e3d-4afe-ab15-fb70c86f20a0,37.6845115,-106.4883905
2021-03-31,-3760,d4a964fe-4e3d-4afe-ab15-fb70c86f20a0,37.6845115,-106.4883905
2021-04-01,-4623,d4a964fe-4e3d-4afe-ab15-fb70c86f20a0,37.6845115,-106.4883905
2021-04-02,-4094,d4a964fe-4e3d-4afe-ab15-fb70c86f20a0,37.6845115,-106.4883905
2021-04-03,-4332,d4a964fe-4e3d-4afe-ab15-fb70c86f20a0,37.6845115,-106.4883905
2021-04-04,-377,d4a964fe-4e3d-4afe-ab15-fb70c86f20a0,37.6845115,-106.4883905
2021-04-05,-3380,d4a964fe-4e3d-4afe-ab15-fb70c86f20a0,37.6845115,-106.4883905
2021-04-06,-4827,d4a964fe-4e3d-4afe-ab15-fb70c86f20a0,37.6845115,-106.4883905
2021-04-07,-3899,d4a964fe-4e3d-4afe-ab15-fb70c86f20a0,37.6845115,-106.4883905
2021-04-08,-3621,d4a964fe-4e3d-4afe-ab15-fb70c86f20a0,37.6845115,-106.4883905
2021-04-09,-4096,d4a964fe-4e3d-4afe-ab15-fb70c86f20a0,37.6845115,-106.4883905
2021-04-10,-4452,d4a964fe-4e3d-4afe-ab15-fb70c86f20a0,37.6845115,-106.4883905
2021-04-11,-4338,d4a964fe-4e3d-4afe-ab15-fb70c86f20a0,37.6845115,-106.4883905
2021-04-12,-3696,d4a964fe-4e3d-4afe-ab15-fb70c86f20a0,37.6845115,-106.4883905
2021-04-13,1565,d4a964fe-4e3d-4afe-ab15-fb70c86f20a0,37.6845115,-106.4883905
2021-04-14,-3293,d4a964fe-4e3d-4afe-ab15-fb70c86f20a0,37.6845115,-106.4883905
2021-04-15,-4553,d4a964fe-4e3d-4afe-ab15-fb70c86f20a0,37.6845115,-106.4883905
2021-04-16,1625,d4a964fe-4e3d-4afe-ab15-fb70c86f20a0,37.6845115,-106.4883905
2021-04-17,5510,d4a964fe-4e3d-4afe-ab15-fb70c86f20a0,37.6845115,-106.4883905
2021-04-18,-2527,d4a964fe-4e3d-4afe-ab15-fb70c86f20a0,37.6845115,-106.4883905
2021-04-19,-4488,d4a964fe-4e3d-4afe-ab15-fb70c86f20a0,37.6845115,-106.4883905
2021-04-20,-4705,d4a964fe-4e3d-4afe-ab15-fb70c86f20a0,37.6845115,-106.4883905
2021-04-21,-1500,d4a964fe-4e3d-4afe-ab15-fb70c86f20a0,37.6845115,-106.4883905
2021-04-22,1840,d4a964fe-4e3d-4afe-ab15-fb70c86f20a0,37.6845115,-106.4883905
2021-04-23,2887,d4a964fe-4e3d-4afe-ab15-fb70c86f20a0,37.6845115,-106.4883905
2021-04-24,-1017,d4a964fe-4e3d-4afe-ab15-fb70c86f20a0,37.6845115,-106.4883905
2021-04-25,-3682,d4a964fe-4e3d-4afe-ab15-fb70c86f20a0,37.6845115,-106.4883905
2021-04-26,-1678,d4a964fe-4e3d-4afe-ab15-fb70c86f20a0,37.6845115,-106.4883905
2021-04-27,3791,d4a964fe-4e3d-4afe-ab15-fb70c86f20a0,37.6845115,-106.4883905
2021-04-28,-3863,d4a964fe-4e3d-4afe-ab15-fb70c86f20a0,37.6845115,-106.4883905
2021-04-29,-4469,d4a964fe-4e3d-4afe-ab15-fb70c86f20a0,37.6845115,-106.4883905
2021-04-30,-3929,d4a964fe-4e3d-4afe-ab15-fb70c86f20a0,37.6845115,-106.4883905
2021-05-01,-813,d4a964fe-4e3d-4afe-ab15-fb70c86f20a0,37.6845115,-106.4883905
2021-05-02,-3824,d4a964fe-4e3d-4afe-ab15-fb70c86f20a0,37.6845115,-106.4883905
2021-05-03,-1537,d4a964fe-4e3d-4afe-ab15-fb70c86f20a0,37.6845115,-106.4883905
2021-05-04,-1024,d4a964fe-4e3d-4afe-ab15-fb70c86f20a0,37.6845115,-106.4883905
2021-05-05,-4193,d4a964fe-4e3d-4afe-ab15-fb70c86f20a0,37.6845115,-106.4883905
2021-05-06,-4455,d4a964fe-4e3d-4afe-ab15-fb70c86f20a0,37.6845115,-106.4883905
2021-05-07,-3666,d4a964fe-4e3d-4afe-ab15-fb70c86f20a0,37.6845115,-106.4883905
2021-05-08,-4301,d4a964fe-4e3d-4afe-ab15-fb70c86f20a0,37.6845115,-106.4883905
2021-05-09,491,d4a964fe-4e3d-4afe-ab15-fb70c86f20a0,37.6845115,-106.4883905
2021-05-10,-3615,d4a964fe-4e3d-4afe-ab15-fb70c86f20a0,37.6845115,-106.4883905
2021-05-11,-1651,d4a964fe-4e3d-4afe-ab15-fb70c86f20a0,37.6845115,-106.4883905
2021-05-12,-4198,d4a964fe-4e3d-4afe-ab15-fb70c86f20a0,37.6845115,-106.4883905
2021-05-13,274,d4a964fe-4e3d-4afe-ab15-fb70c86f20a0,37.6845115,-106.4883905
2021-05-14,3140,d4a964fe-4e3d-4afe-ab15-fb70c86f20a0,37.6845115,-106.4883905
2021-05-15,-2170,d4a964fe-4e3d-4afe-ab15-fb70c86f20a0,37.6845115,-106.4883905
2021-05-16,-2582,d4a964fe-4e3d-4afe-ab15-fb70c86f20a0,37.6845115,-106.4883905
2021-05-17,4649,d4a964fe-4e3d-4afe-ab15-fb70c86f20a0,37.6845115,-106.4883905
2021-05-18,3318,d4a964fe-4e3d-4afe-ab15-fb70c86f20a0,37.6845115,-106.4883905
2021-05-19,1783,d4a964fe-4e3d-4afe-ab15-fb70c86f20a0,37.6845115,-106.4883905
2021-05-20,-56,d4a964fe-4e3d-4afe-ab15-fb70c86f20a0,37.6845115,-106.4883905
2021-05-21,4076,d4a964fe-4e3d-4afe-ab15-fb70c86f20a0,37.6845115,-106.4883905
2021-05-22,1851,d4a964fe-4e3d-4afe-ab15-fb70c86f20a0,37.6845115,-106.4883905
2021-05-23,-3335,d4a964fe-4e3d-4afe-ab15-fb70c86f20a0,37.6845115,-106.4883905
2021-05-24,-3816,d4a964fe-4e3d-4afe-ab15-fb70c86f20a0,37.6845115,-106.4883905
2021-05-25,-3452,d4a964fe-4e3d-4afe-ab15-fb70c86f20a0,37.6845115,-106.4883905
2021-05-26,4146,d4a964fe-4e3d-4afe-ab15-fb70c86f20a0,37.6845115,-106.4883905
2021-05-27,-1530,d4a964fe-4e3d-4afe-ab15-fb70c86f20a0,37.6845115,-106.4883905
2021-05-28,-3970,d4a964fe-4e3d-4afe-ab15-fb70c86f20a0,37.6845115,-106.4883905
2021-05-29,-1393,d4a964fe-4e3d-4afe-ab15-fb70c86f20a0,37.6845115,-106.4883905
2021-05-30,2517,d4a964fe-4e3d-4afe-ab15-fb70c86f20a0,37.6845115,-106.4883905
2021-05-31,4449,d4a964fe-4e3d-4afe-ab15-fb70c86f20a0,37.6845115,-106.4883905
2021-06-01,-3161,d4a964fe-4e3d-4afe-ab15-fb70c86f20a0,37.6845115,-106.4883905
2021-06-02,-567,d4a964fe-4e3d-4afe-ab15-fb70c86f20a0,37.6845115,-106.4883905
2021-06-03,-853,d4a964fe-4e3d-4afe-ab15-fb70c86f20a0,37.6845115,-106.4883905
2021-06-04,-4252,d4a964fe-4e3d-4afe-ab15-fb70c86f20a0,37.6845115,-106.4883905
2021-06-05,981,d4a964fe-4e3d-4afe-ab15-fb70c86f20a0,37.6845115,-106.4883905
2021-06-06,386,d4a964fe-4e3d-4afe-ab15-fb70c86f20a0,37.6845115,-106.4883905
2021-06-07,-3887,d4a964fe-4e3d-4afe-ab15-fb70c86f20a0,37.6845115,-106.4883905
2021-06-08,-2964,d4a964fe-4e3d-4afe-ab15-fb70c86f20a0,37.6845115,-106.4883905
2021-06-09,-3898,d4a964fe-4e3d-4afe-ab15-fb70c86f20a0,37.6845115,-106.4883905
2021-06-10,-3243,d4a964fe-4e3d-4afe-ab15-fb70c86f20a0,37.6845115,-106.4883905
2021-06-11,-4099,d4a964fe-4e3d-4afe-ab15-fb70c86f20a0,37.6845115,-106.4883905
2021-06-12,-3821,d4a964fe-4e3d-4afe-ab15-fb70c86f20a0,37.6845115,-106.4883905
2021-06-13,-4189,d4a964fe-4e3d-4afe-ab15-fb70c86f20a0,37.6845115,-106.4883905
2021-06-14,-3902,d4a964fe-4e3d-4afe-ab15-fb70c86f20a0,37.6845115,-106.4883905
2021-06-15,-3465,d4a964fe-4e3d-4afe-ab15-fb70c86f20a0,37.6845115,-106.4883905
2021-06-16,-3066,d4a964fe-4e3d-4afe-ab15-fb70c86f20a0,37.6845115,-106.4883905
2021-06-17,-2811,d4a964fe-4e3d-4afe-ab15-fb70c86f20a0,37.6845115,-106.4883905
2021-06-18,-3867,d4a964fe-4e3d-4afe-ab15-fb70c86f20a0,37.6845115,-106.4883905
2021-06-19,4370,d4a964fe-4e3d-4afe-ab15-fb70c86f20a0,37.6845115,-106.4883905
2021-06-20,441,d4a964fe-4e3d-4afe-ab15-fb70c86f20a0,37.6845115,-106.4883905
2021-06-21,-3786,d4a964fe-4e3d-4afe-ab15-fb70c86f20a0,37.6845115,-106.4883905
2021-06-22,-3673,d4a964fe-4e3d-4afe-ab15-fb70c86f20a0,37.6845115,-106.4883905
2021-06-23,-3021,d4a964fe-4e3d-4afe-ab15-fb70c86f20a0,37.6845115,-106.4883905
2021-06-24,-1678,d4a964fe-4e3d-4afe-ab15-fb70c86f20a0,37.6845115,-106.4883905
2021-06-25,-1422,d4a964fe-4e3d-4afe-ab15-fb70c86f20a0,37.6845115,-106.4883905
2021-06-26,-256,d4a964fe-4e3d-4afe-ab15-fb70c86f20a0,37.6845115,-106.4883905
2021-06-27,-3730,d4a964fe-4e3d-4afe-ab15-fb70c86f20a0,37.6845115,-106.4883905
2021-06-28,-1319,d4a964fe-4e3d-4afe-ab15-fb70c86f20a0,37.6845115,-106.4883905
2021-06-29,-3738,d4a964fe-4e3d-4afe-ab15-fb70c86f20a0,37.6845115,-106.4883905
2021-06-30,-1629,d4a964fe-4e3d-4afe-ab15-fb70c86f20a0,37.6845115,-106.4883905
2021-07-01,-3337,d4a964fe-4e3d-4afe-ab15-fb70c86f20a0,37.6845115,-106.4883905
2021-07-02,-2431,d4a964fe-4e3d-4afe-ab15-fb70c86f20a0,37.6845115,-106.4883905
2021-07-03,-3316,d4a964fe-4e3d-4afe-ab15-fb70c86f20a0,37.6845115,-106.4883905
2021-07-04,-3674,d4a964fe-4e3d-4afe-ab15-fb70c86f20a0,37.6845115,-106.4883905
2021-07-05,4630,d4a964fe-4e3d-4afe-ab15-fb70c86f20a0,37.6845115,-106.4883905
2021-07-06,-933,d4a964fe-4e3d-4afe-ab15-fb70c86f20a0,37.6845115,-106.4883905
2021-07-07,-3418,d4a964fe-4e3d-4afe-ab15-fb70c86f20a0,37.6845115,-106.4883905
2021-07-08,-3666,d4a964fe-4e3d-4afe-ab15-fb70c86f20a0,37.6845115,-106.4883905
2021-07-09,5076,d4a964fe-4e3d-4afe-ab15-fb70c86f20a0,37.6845115,-106.4883905
2021-07-10,-2948,d4a964fe-4e3d-4afe-ab15-fb70c86f20a0,37.6845115,-106.4883905
2021-07-11,-2476,d4a964fe-4e3d-4afe-ab15-fb70c86f20a0,37.6845115,-106.4883905
2021-07-12,-722,d4a964fe-4e3d-4afe-ab15-fb70c86f20a0,37.6845115,-106.4883905
2021-07-13,3552,d4a964fe-4e3d-4afe-ab15-fb70c86f20a0,37.6845115,-106.4883905
2021-07-14,1830,d4a964fe-4e3d-4afe-ab15-fb70c86f20a0,37.6845115,-106.4883905
2021-07-15,-3825,d4a964fe-4e3d-4afe-ab15-fb70c86f20a0,37.6845115,-106.4883905
2021-07-16,-1362,d4a964fe-4e3d-4afe-ab15-fb70c86f20a0,37.6845115,-106.4883905
2021-07-17,-3187,d4a964fe-4e3d-4afe-ab15-fb70c86f20a0,37.6845115,-106.4883905
2021-07-18,-3498,d4a964fe-4e3d-4afe-ab15-fb70c86f20a0,37.6845115,-106.4883905
2021-07-19,-2932,d4a964fe-4e3d-4afe-ab15-fb70c86f20a0,37.6845115,-106.4883905
2021-07-20,-3420,d4a964fe-4e3d-4afe-ab15-fb70c86f20a0,37.6845115,-106.4883905
2021-07-21,4411,d4a964fe-4e3d-4afe-ab15-fb70c86f20a0,37.6845115,-106.4883905
2021-07-22,-2165,d4a964fe-4e3d-4afe-ab15-fb70c86f20a0,37.6845115,-106.4883905
2021-07-23,-3176,d4a964fe-4e3d-4afe-ab15-fb70c86f20a0,37.6845115,-106.4883905
2021-07-24,-3243,d4a964fe-4e3d-4afe-ab15-fb70c86f20a0,37.6845115,-106.4883905
2021-07-25,-2743,d4a964fe-4e3d-4afe-ab15-fb70c86f20a0,37.6845115,-106.4883905
2021-07-26,-3153,d4a964fe-4e3d-4afe-ab15-fb70c86f20a0,37.6845115,-106.4883905
2021-07-27,-3770,d4a964fe-4e3d-4afe-ab15-fb70c86f20a0,37.6845115,-106.4883905
2021-07-28,-3042,d4a964fe-4e3d-4afe-ab15-fb70c86f20a0,37.6845115,-106.4883905
2021-07-29,-3789,d4a964fe-4e3d-4afe-ab15-fb70c86f20a0,37.6845115,-106.4883905
2021-07-30,-3143,d4a964fe-4e3d-4afe-ab15-fb70c86f20a0,37.6845115,-106.4883905
2021-07-31,-3719,d4a964fe-4e3d-4afe-ab15-fb70c86f20a0,37.6845115,-106.4883905
2021-08-01,730,d4a964fe-4e3d-4afe-ab15-fb70c86f20a0,37.6845115,-106.4883905
2021-08-02,1337,d4a964fe-4e3d-4afe-ab15-fb70c86f20a0,37.6845115,-106.4883905
2021-08-03,6343,d4a964fe-4e3d-4afe-ab15-fb70c86f20a0,37.6845115,-106.4883905
2021-08-04,-3182,d4a964fe-4e3d-4afe-ab15-fb70c86f20a0,37.6845115,-106.4883905
2021-08-05,-3352,d4a964fe-4e3d-4afe-ab15-fb70c86f20a0,37.6845115,-106.4883905
2021-08-06,-2560,d4a964fe-4e3d-4afe-ab15-fb70c86f20a0,37.6845115,-106.4883905
2021-08-07,-1945,d4a964fe-4e3d-4afe-ab15-fb70c86f20a0,37.6845115,-106.4883905
2021-08-08,-1838,d4a964fe-4e3d-4afe-ab15-fb70c86f20a0,37.6845115,-106.4883905
2021-08-09,-3312,d4a964fe-4e3d-4afe-ab15-fb70c86f20a0,37.6845115,-106.4883905
2021-08-10,-1151,d4a964fe-4e3d-4afe-ab15-fb70c86f20a0,37.6845115,-106.4883905
2021-08-11,-2979,d4a964fe-4e3d-4afe-ab15-fb70c86f20a0,37.6845115,-106.4883905
2021-08-12,-3134,d4a964fe-4e3d-4afe-ab15-fb70c86f20a0,37.6845115,-106.4883905
2021-08-13,-2698,d4a964fe-4e3d-4afe-ab15-fb70c86f20a0,37.6845115,-106.4883905
2021-08-14,-3413,d4a964fe-4e3d-4afe-ab15-fb70c86f20a0,37.6845115,-106.4883905
2021-08-15,301,d4a964fe-4e3d-4afe-ab15-fb70c86f20a0,37.6845115,-106.4883905
2021-08-16,-2813,d4a964fe-4e3d-4afe-ab15-fb70c86f20a0,37.6845115,-106.4883905
2021-08-17,-1947,d4a964fe-4e3d-4afe-ab15-fb70c86f20a0,37.6845115,-106.4883905
2021-08-18,-3045,d4a964fe-4e3d-4afe-ab15-fb70c86f20a0,37.6845115,-106.4883905
2021-08-19,-1627,d4a964fe-4e3d-4afe-ab15-fb70c86f20a0,37.6845115,-106.4883905
2021-08-20,-3341,d4a964fe-4e3d-4afe-ab15-fb70c86f20a0,37.6845115,-106.4883905
2021-08-21,-569,d4a964fe-4e3d-4afe-ab15-fb70c86f20a0,37.6845115,-106.4883905
2021-08-22,-3762,d4a964fe-4e3d-4afe-ab15-fb70c86f20a0,37.6845115,-106.4883905
2021-08-23,-4010,d4a964fe-4e3d-4afe-ab15-fb70c86f20a0,37.6845115,-106.4883905
2021-08-24,-3826,d4a964fe-4e3d-4afe-ab15-fb70c86f20a0,37.6845115,-106.4883905
2021-08-25,-3864,d4a964fe-4e3d-4afe-ab15-fb70c86f20a0,37.6845115,-106.4883905
2021-08-26,-429,d4a964fe-4e3d-4afe-ab15-fb70c86f20a0,37.6845115,-106.4883905
2021-08-27,-3447,d4a964fe-4e3d-4afe-ab15-fb70c86f20a0,37.6845115,-106.4883905
2021-08-28,-3908,d4a964fe-4e3d-4afe-ab15-fb70c86f20a0,37.6845115,-106.4883905
2021-08-29,-3060,d4a964fe-4e3d-4afe-ab15-fb70c86f20a0,37.6845115,-106.4883905
2021-08-30,-3557,d4a964fe-4e3d-4afe-ab15-fb70c86f20a0,37.6845115,-106.4883905
2021-08-31,-2521,d4a964fe-4e3d-4afe-ab15-fb70c86f20a0,37.6845115,-106.4883905
2021-09-01,5227,d4a964fe-4e3d-4afe-ab15-fb70c86f20a0,37.6845115,-106.4883905
2021-09-02,-2422,d4a964fe-4e3d-4afe-ab15-fb70c86f20a0,37.6845115,-106.4883905
2021-09-03,-3604,d4a964fe-4e3d-4afe-ab15-fb70c86f20a0,37.6845115,-106.4883905
2021-09-04,-3748,d4a964fe-4e3d-4afe-ab15-fb70c86f20a0,37.6845115,-106.4883905
2021-09-05,-3468,d4a964fe-4e3d-4afe-ab15-fb70c86f20a0,37.6845115,-106.4883905
2021-09-06,-3983,d4a964fe-4e3d-4afe-ab15-fb70c86f20a0,37.6845115,-106.4883905
2021-09-07,-3531,d4a964fe-4e3d-4afe-ab15-fb70c86f20a0,37.6845115,-106.4883905
2021-09-08,-4004,d4a964fe-4e3d-4afe-ab15-fb70c86f20a0,37.6845115,-106.4883905
2021-09-09,-3362,d4a964fe-4e3d-4afe-ab15-fb70c86f20a0,37.6845115,-106.4883905
2021-09-10,-3884,d4a964fe-4e3d-4afe-ab15-fb70c86f20a0,37.6845115,-106.4883905
2021-09-11,-4395,d4a964fe-4e3d-4afe-ab15-fb70c86f20a0,37.6845115,-106.4883905
2021-09-12,270,d4a964fe-4e3d-4afe-ab15-fb70c86f20a0,37.6845115,-106.4883905
2021-09-13,-2242,d4a964fe-4e3d-4afe-ab15-fb70c86f20a0,37.6845115,-106.4883905
2021-09-14,-3410,d4a964fe-4e3d-4afe-ab15-fb70c86f20a0,37.6845115,-106.4883905
2021-09-15,-4344,d4a964fe-4e3d-4afe-ab15-fb70c86f20a0,37.6845115,-106.4883905
2021-09-16,-3983,d4a964fe-4e3d-4afe-ab15-fb70c86f20a0,37.6845115,-106.4883905
2021-09-17,-4241,d4a964fe-4e3d-4afe-ab15-fb70c86f20a0,37.6845115,-106.4883905
2021-09-18,-3671,d4a964fe-4e3d-4afe-ab15-fb70c86f20a0,37.6845115,-106.4883905
2021-09-19,-3507,d4a964fe-4e3d-4afe-ab15-fb70c86f20a0,37.6845115,-106.4883905
2021-09-20,-1270,d4a964fe-4e3d-4afe-ab15-fb70c86f20a0,37.6845115,-106.4883905
2021-09-21,-3221,d4a964fe-4e3d-4afe-ab15-fb70c86f20a0,37.6845115,-106.4883905
2021-09-23,-4065,d4a964fe-4e3d-4afe-ab15-fb70c86f20a0,37.6845115,-106.4883905
2021-09-24,-4265,d4a964fe-4e3d-4afe-ab15-fb70c86f20a0,37.6845115,-106.4883905
2021-09-25,-4265,d4a964fe-4e3d-4afe-ab15-fb70c86f20a0,37.6845115,-106.4883905
2021-09-26,-3423,d4a964fe-4e3d-4afe-ab15-fb70c86f20a0,37.6845115,-106.4883905
2021-09-27,1301,d4a964fe-4e3d-4afe-ab15-fb70c86f20a0,37.6845115,-106.4883905
2021-09-28,-2688,d4a964fe-4e3d-4afe-ab15-fb70c86f20a0,37.6845115,-106.4883905
2021-09-29,521,d4a964fe-4e3d-4afe-ab15-fb70c86f20a0,37.6845115,-106.4883905
2021-09-30,-454,d4a964fe-4e3d-4afe-ab15-fb70c86f20a0,37.6845115,-106.4883905
2021-10-01,1291,d4a964fe-4e3d-4afe-ab15-fb70c86f20a0,37.6845115,-106.4883905
2021-10-02,-1720,d4a964fe-4e3d-4afe-ab15-fb70c86f20a0,37.6845115,-106.4883905
2021-10-03,-3640,d4a964fe-4e3d-4afe-ab15-fb70c86f20a0,37.6845115,-106.4883905
2021-10-04,-3895,d4a964fe-4e3d-4afe-ab15-fb70c86f20a0,37.6845115,-106.4883905
2021-10-05,-3756,d4a964fe-4e3d-4afe-ab15-fb70c86f20a0,37.6845115,-106.4883905
2021-10-06,-4063,d4a964fe-4e3d-4afe-ab15-fb70c86f20a0,37.6845115,-106.4883905
2021-10-07,-3652,d4a964fe-4e3d-4afe-ab15-fb70c86f20a0,37.6845115,-106.4883905
2021-10-08,-450,d4a964fe-4e3d-4afe-ab15-fb70c86f20a0,37.6845115,-106.4883905
2021-10-09,1586,d4a964fe-4e3d-4afe-ab15-fb70c86f20a0,37.6845115,-106.4883905
2021-10-10,-4014,d4a964fe-4e3d-4afe-ab15-fb70c86f20a0,37.6845115,-106.4883905
2021-10-11,-3904,d4a964fe-4e3d-4afe-ab15-fb70c86f20a0,37.6845115,-106.4883905
2021-10-12,4908,d4a964fe-4e3d-4afe-ab15-fb70c86f20a0,37.6845115,-106.4883905
2021-10-13,-1442,d4a964fe-4e3d-4afe-ab15-fb70c86f20a0,37.6845115,-106.4883905
2021-10-14,-2851,d4a964fe-4e3d-4afe-ab15-fb70c86f20a0,37.6845115,-106.4883905
2021-10-15,-4326,d4a964fe-4e3d-4afe-ab15-fb70c86f20a0,37.6845115,-106.4883905
2021-10-16,-3434,d4a964fe-4e3d-4afe-ab15-fb70c86f20a0,37.6845115,-106.4883905
2021-10-17,-4423,d4a964fe-4e3d-4afe-ab15-fb70c86f20a0,37.6845115,-106.4883905
2021-10-18,-4185,d4a964fe-4e3d-4afe-ab15-fb70c86f20a0,37.6845115,-106.4883905
2021-10-19,-2399,d4a964fe-4e3d-4afe-ab15-fb70c86f20a0,37.6845115,-106.4883905
2021-10-20,-4372,d4a964fe-4e3d-4afe-ab15-fb70c86f20a0,37.6845115,-106.4883905
2021-10-21,-400,d4a964fe-4e3d-4afe-ab15-fb70c86f20a0,37.6845115,-106.4883905
2021-10-22,-4080,d4a964fe-4e3d-4afe-ab15-fb70c86f20a0,37.6845115,-106.4883905
2021-10-23,-192,d4a964fe-4e3d-4afe-ab15-fb70c86f20a0,37.6845115,-106.4883905
2021-10-24,-4500,d4a964fe-4e3d-4afe-ab15-fb70c86f20a0,37.6845115,-106.4883905
2021-10-25,-4054,d4a964fe-4e3d-4afe-ab15-fb70c86f20a0,37.6845115,-106.4883905
2021-10-26,-2910,d4a964fe-4e3d-4afe-ab15-fb70c86f20a0,37.6845115,-106.4883905
2021-10-27,-4161,d4a964fe-4e3d-4afe-ab15-fb70c86f20a0,37.6845115,-106.4883905
2021-10-28,-3989,d4a964fe-4e3d-4afe-ab15-fb70c86f20a0,37.6845115,-106.4883905
2021-10-29,-4425,d4a964fe-4e3d-4afe-ab15-fb70c86f20a0,37.6845115,-106.4883905
2021-10-30,-3916,d4a964fe-4e3d-4afe-ab15-fb70c86f20a0,37.6845115,-106.4883905
2021-10-31,2029,d4a964fe-4e3d-4afe-ab15-fb70c86f20a0,37.6845115,-106.4883905
2021-11-01,-2966,d4a964fe-4e3d-4afe-ab15-fb70c86f20a0,37.6845115,-106.4883905
2021-11-02,-132,d4a964fe-4e3d-4afe-ab15-fb70c86f20a0,37.6845115,-106.4883905
2021-11-03,-2804,d4a964fe-4e3d-4afe-ab15-fb70c86f20a0,37.6845115,-106.4883905
2021-11-04,-4151,d4a964fe-4e3d-4afe-ab15-fb70c86f20a0,37.6845115,-106.4883905
2021-11-05,-4408,d4a964fe-4e3d-4afe-ab15-fb70c86f20a0,37.6845115,-106.4883905
2021-11-06,-3950,d4a964fe-4e3d-4afe-ab15-fb70c86f20a0,37.6845115,-106.4883905
2021-11-07,-4481,d4a964fe-4e3d-4afe-ab15-fb70c86f20a0,37.6845115,-106.4883905
2021-11-08,-3780,d4a964fe-4e3d-4afe-ab15-fb70c86f20a0,37.6845115,-106.4883905
2021-11-09,-1037,d4a964fe-4e3d-4afe-ab15-fb70c86f20a0,37.6845115,-106.4883905
2021-11-10,-2960,d4a964fe-4e3d-4afe-ab15-fb70c86f20a0,37.6845115,-106.4883905
2021-11-11,-4311,d4a964fe-4e3d-4afe-ab15-fb70c86f20a0,37.6845115,-106.4883905
2021-11-12,-4208,d4a964fe-4e3d-4afe-ab15-fb70c86f20a0,37.6845115,-106.4883905
2021-11-13,-4127,d4a964fe-4e3d-4afe-ab15-fb70c86f20a0,37.6845115,-106.4883905
2021-11-14,-3509,d4a964fe-4e3d-4afe-ab15-fb70c86f20a0,37.6845115,-106.4883905
2021-11-15,-3195,d4a964fe-4e3d-4afe-ab15-fb70c86f20a0,37.6845115,-106.4883905
2021-11-16,-20,d4a964fe-4e3d-4afe-ab15-fb70c86f20a0,37.6845115,-106.4883905
2021-11-17,-3741,d4a964fe-4e3d-4afe-ab15-fb70c86f20a0,37.6845115,-106.4883905
2021-11-18,-3320,d4a964fe-4e3d-4afe-ab15-fb70c86f20a0,37.6845115,-106.4883905
2021-11-19,-2938,d4a964fe-4e3d-4afe-ab15-fb70c86f20a0,37.6845115,-106.4883905
2021-11-20,797,d4a964fe-4e3d-4afe-ab15-fb70c86f20a0,37.6845115,-106.4883905
2021-11-21,-4285,d4a964fe-4e3d-4afe-ab15-fb70c86f20a0,37.6845115,-106.4883905
2021-11-22,-3894,d4a964fe-4e3d-4afe-ab15-fb70c86f20a0,37.6845115,-106.4883905
2021-11-23,-3667,d4a964fe-4e3d-4afe-ab15-fb70c86f20a0,37.6845115,-106.4883905
2021-11-24,-3700,d4a964fe-4e3d-4afe-ab15-fb70c86f20a0,37.6845115,-106.4883905
2021-11-25,-3660,d4a964fe-4e3d-4afe-ab15-fb70c86f20a0,37.6845115,-106.4883905
2021-11-26,-3984,d4a964fe-4e3d-4afe-ab15-fb70c86f20a0,37.6845115,-106.4883905
2021-11-27,-4208,d4a964fe-4e3d-4afe-ab15-fb70c86f20a0,37.6845115,-106.4883905
2021-11-28,-4252,d4a964fe-4e3d-4afe-ab15-fb70c86f20a0,37.6845115,-106.4883905
2021-11-29,-4122,d4a964fe-4e3d-4afe-ab15-fb70c86f20a0,37.6845115,-106.4883905
2021-11-30,-4480,d4a964fe-4e3d-4afe-ab15-fb70c86f20a0,37.6845115,-106.4883905
2021-12-01,-3644,d4a964fe-4e3d-4afe-ab15-fb70c86f20a0,37.6845115,-106.4883905
2021-12-02,-4296,d4a964fe-4e3d-4afe-ab15-fb70c86f20a0,37.6845115,-106.4883905
2021-12-03,-3548,d4a964fe-4e3d-4afe-ab15-fb70c86f20a0,37.6845115,-106.4883905
2021-12-04,-4323,d4a964fe-4e3d-4afe-ab15-fb70c86f20a0,37.6845115,-106.4883905
2021-12-05,-3993,d4a964fe-4e3d-4afe-ab15-fb70c86f20a0,37.6845115,-106.4883905
2021-12-06,-3921,d4a964fe-4e3d-4afe-ab15-fb70c86f20a0,37.6845115,-106.4883905
2021-12-07,-871,d4a964fe-4e3d-4afe-ab15-fb70c86f20a0,37.6845115,-106.4883905
2021-12-08,-76,d4a964fe-4e3d-4afe-ab15-fb70c86f20a0,37.6845115,-106.4883905
2021-12-09,-1562,d4a964fe-4e3d-4afe-ab15-fb70c86f20a0,37.6845115,-106.4883905
2021-12-10,4760,d4a964fe-4e3d-4afe-ab15-fb70c86f20a0,37.6845115,-106.4883905
2021-12-11,3326,d4a964fe-4e3d-4afe-ab15-fb70c86f20a0,37.6845115,-106.4883905
2021-12-12,2308,d4a964fe-4e3d-4afe-ab15-fb70c86f20a0,37.6845115,-106.4883905
2021-12-13,-1548,d4a964fe-4e3d-4afe-ab15-fb70c86f20a0,37.6845115,-106.4883905
2021-12-14,1946,d4a964fe-4e3d-4afe-ab15-fb70c86f20a0,37.6845115,-106.4883905
2021-12-15,2019,d4a964fe-4e3d-4afe-ab15-fb70c86f20a0,37.6845115,-106.4883905
2021-12-16,1309,d4a964fe-4e3d-4afe-ab15-fb70c86f20a0,37.6845115,-106.4883905
2021-12-17,-1695,d4a964fe-4e3d-4afe-ab15-fb70c86f20a0,37.6845115,-106.4883905
2021-12-18,-2924,d4a964fe-4e3d-4afe-ab15-fb70c86f20a0,37.6845115,-106.4883905
2021-12-19,-2504,d4a964fe-4e3d-4afe-ab15-fb70c86f20a0,37.6845115,-106.4883905
2021-12-20,-3683,d4a964fe-4e3d-4afe-ab15-fb70c86f20a0,37.6845115,-106.4883905
2021-12-21,-3213,d4a964fe-4e3d-4afe-ab15-fb70c86f20a0,37.6845115,-106.4883905
2021-12-22,-3366,d4a964fe-4e3d-4afe-ab15-fb70c86f20a0,37.6845115,-106.4883905
2021-12-23,-2166,d4a964fe-4e3d-4afe-ab15-fb70c86f20a0,37.6845115,-106.4883905
2021-12-24,4469,d4a964fe-4e3d-4afe-ab15-fb70c86f20a0,37.6845115,-106.4883905
2021-12-25,-2163,d4a964fe-4e3d-4afe-ab15-fb70c86f20a0,37.6845115,-106.4883905
2021-12-26,3441,d4a964fe-4e3d-4afe-ab15-fb70c86f20a0,37.6845115,-106.4883905
2021-12-27,3021,d4a964fe-4e3d-4afe-ab15-fb70c86f20a0,37.6845115,-106.4883905
2021-12-28,2850,d4a964fe-4e3d-4afe-ab15-fb70c86f20a0,37.6845115,-106.4883905
2021-12-29,4433,d4a964fe-4e3d-4afe-ab15-fb70c86f20a0,37.6845115,-106.4883905
2021-12-30,2889,d4a964fe-4e3d-4afe-ab15-fb70c86f20a0,37.6845115,-106.4883905
