date,mod10a1_ndsi,cell_id,latitude,longitude
2020-01-01,8103.421319796955,8373af17-d27a-4705-ab80-247615c9d552,37.5991525,-119.1366695
2020-01-02,5261.637055837564,8373af17-d27a-4705-ab80-247615c9d552,37.5991525,-119.1366695
2020-01-03,6644.984771573604,8373af17-d27a-4705-ab80-247615c9d552,37.5991525,-119.1366695
2020-01-04,7279.898477157361,8373af17-d27a-4705-ab80-247615c9d552,37.5991525,-119.1366695
2020-01-05,8033.093908629442,8373af17-d27a-4705-ab80-247615c9d552,37.5991525,-119.1366695
2020-01-06,8406.322335025381,8373af17-d27a-4705-ab80-247615c9d552,37.5991525,-119.1366695
2020-01-07,7148.921319796955,8373af17-d27a-4705-ab80-247615c9d552,37.5991525,-119.1366695
2020-01-08,8470.736040609137,8373af17-d27a-4705-ab80-247615c9d552,37.5991525,-119.1366695
2020-01-09,3591.0,8373af17-d27a-4705-ab80-247615c9d552,37.5991525,-119.1366695
2020-01-10,6554.619289340102,8373af17-d27a-4705-ab80-247615c9d552,37.5991525,-119.1366695
2020-01-11,1017.5203045685281,8373af17-d27a-4705-ab80-247615c9d552,37.5991525,-119.1366695
2020-01-12,5647.35532994924,8373af17-d27a-4705-ab80-247615c9d552,37.5991525,-119.1366695
2020-01-13,7688.893401015229,8373af17-d27a-4705-ab80-247615c9d552,37.5991525,-119.1366695
2020-01-14,7060.0,8373af17-d27a-4705-ab80-247615c9d552,37.5991525,-119.1366695
2020-01-15,7813.832487309646,8373af17-d27a-4705-ab80-247615c9d552,37.5991525,-119.1366695
2020-01-16,217.0,8373af17-d27a-4705-ab80-247615c9d552,37.5991525,-119.1366695
2020-01-17,6851.005076142132,8373af17-d27a-4705-ab80-247615c9d552,37.5991525,-119.1366695
2020-01-18,2901.2994923857873,8373af17-d27a-4705-ab80-247615c9d552,37.5991525,-119.1366695
2020-01-19,3119.6598984771576,8373af17-d27a-4705-ab80-247615c9d552,37.5991525,-119.1366695
2020-01-20,1460.0,8373af17-d27a-4705-ab80-247615c9d552,37.5991525,-119.1366695
2020-01-21,2074.581218274112,8373af17-d27a-4705-ab80-247615c9d552,37.5991525,-119.1366695
2020-01-22,6816.489847715738,8373af17-d27a-4705-ab80-247615c9d552,37.5991525,-119.1366695
2020-01-23,5980.540609137056,8373af17-d27a-4705-ab80-247615c9d552,37.5991525,-119.1366695
2020-01-24,5902.015228426397,8373af17-d27a-4705-ab80-247615c9d552,37.5991525,-119.1366695
2020-01-25,7297.703045685281,8373af17-d27a-4705-ab80-247615c9d552,37.5991525,-119.1366695
2020-01-26,6326.0,8373af17-d27a-4705-ab80-247615c9d552,37.5991525,-119.1366695
2020-01-27,6202.281725888324,8373af17-d27a-4705-ab80-247615c9d552,37.5991525,-119.1366695
2020-01-28,6988.200507614214,8373af17-d27a-4705-ab80-247615c9d552,37.5991525,-119.1366695
2020-01-29,5394.098984771574,8373af17-d27a-4705-ab80-247615c9d552,37.5991525,-119.1366695
2020-01-30,5181.1421319796955,8373af17-d27a-4705-ab80-247615c9d552,37.5991525,-119.1366695
2020-01-31,8450.015228426397,8373af17-d27a-4705-ab80-247615c9d552,37.5991525,-119.1366695
2020-02-01,7464.0,8373af17-d27a-4705-ab80-247615c9d552,37.5991525,-119.1366695
2020-02-02,6656.677664974621,8373af17-d27a-4705-ab80-247615c9d552,37.5991525,-119.1366695
2020-02-03,6845.317258883249,8373af17-d27a-4705-ab80-247615c9d552,37.5991525,-119.1366695
2020-02-04,7862.332487309644,8373af17-d27a-4705-ab80-247615c9d552,37.5991525,-119.1366695
2020-02-05,7692.068527918783,8373af17-d27a-4705-ab80-247615c9d552,37.5991525,-119.1366695
2020-02-06,7697.2538071066,8373af17-d27a-4705-ab80-247615c9d552,37.5991525,-119.1366695
2020-02-07,8547.63197969543,8373af17-d27a-4705-ab80-247615c9d552,37.5991525,-119.1366695
2020-02-08,7676.0,8373af17-d27a-4705-ab80-247615c9d552,37.5991525,-119.1366695
2020-02-09,3842.6954314720815,8373af17-d27a-4705-ab80-247615c9d552,37.5991525,-119.1366695
2020-02-10,7101.0,8373af17-d27a-4705-ab80-247615c9d552,37.5991525,-119.1366695
2020-02-11,7819.7360406091375,8373af17-d27a-4705-ab80-247615c9d552,37.5991525,-119.1366695
2020-02-12,8065.964467005077,8373af17-d27a-4705-ab80-247615c9d552,37.5991525,-119.1366695
2020-02-13,7412.984771573605,8373af17-d27a-4705-ab80-247615c9d552,37.5991525,-119.1366695
2020-02-14,8295.0,8373af17-d27a-4705-ab80-247615c9d552,37.5991525,-119.1366695
2020-02-15,3790.0,8373af17-d27a-4705-ab80-247615c9d552,37.5991525,-119.1366695
2020-02-16,8467.418781725888,8373af17-d27a-4705-ab80-247615c9d552,37.5991525,-119.1366695
2020-02-17,7211.35532994924,8373af17-d27a-4705-ab80-247615c9d552,37.5991525,-119.1366695
2020-02-18,8223.3807106599,8373af17-d27a-4705-ab80-247615c9d552,37.5991525,-119.1366695
2020-02-19,7568.0,8373af17-d27a-4705-ab80-247615c9d552,37.5991525,-119.1366695
2020-02-20,7351.591370558375,8373af17-d27a-4705-ab80-247615c9d552,37.5991525,-119.1366695
2020-02-21,2377.0,8373af17-d27a-4705-ab80-247615c9d552,37.5991525,-119.1366695
2020-02-22,2344.0,8373af17-d27a-4705-ab80-247615c9d552,37.5991525,-119.1366695
2020-02-23,7757.2614213197985,8373af17-d27a-4705-ab80-247615c9d552,37.5991525,-119.1366695
2020-02-24,6717.0,8373af17-d27a-4705-ab80-247615c9d552,37.5991525,-119.1366695
2020-02-25,8195.365482233503,8373af17-d27a-4705-ab80-247615c9d552,37.5991525,-119.1366695
2020-02-26,7883.0,8373af17-d27a-4705-ab80-247615c9d552,37.5991525,-119.1366695
2020-02-27,7612.583756345179,8373af17-d27a-4705-ab80-247615c9d552,37.5991525,-119.1366695
2020-02-28,6538.822335025381,8373af17-d27a-4705-ab80-247615c9d552,37.5991525,-119.1366695
2020-02-29,1119.8756345177667,8373af17-d27a-4705-ab80-247615c9d552,37.5991525,-119.1366695
2020-03-01,2009.4111675126903,8373af17-d27a-4705-ab80-247615c9d552,37.5991525,-119.1366695
2020-03-02,6679.680203045686,8373af17-d27a-4705-ab80-247615c9d552,37.5991525,-119.1366695
2020-03-03,7710.619289340101,8373af17-d27a-4705-ab80-247615c9d552,37.5991525,-119.1366695
2020-03-04,6096.0,8373af17-d27a-4705-ab80-247615c9d552,37.5991525,-119.1366695
2020-03-05,5939.639593908631,8373af17-d27a-4705-ab80-247615c9d552,37.5991525,-119.1366695
2020-03-06,5639.0,8373af17-d27a-4705-ab80-247615c9d552,37.5991525,-119.1366695
2020-03-07,5071.0,8373af17-d27a-4705-ab80-247615c9d552,37.5991525,-119.1366695
2020-03-08,5736.180203045686,8373af17-d27a-4705-ab80-247615c9d552,37.5991525,-119.1366695
2020-03-09,2844.0659898477156,8373af17-d27a-4705-ab80-247615c9d552,37.5991525,-119.1366695
2020-03-10,6240.7893401015235,8373af17-d27a-4705-ab80-247615c9d552,37.5991525,-119.1366695
2020-03-11,4142.322335025381,8373af17-d27a-4705-ab80-247615c9d552,37.5991525,-119.1366695
2020-03-12,6830.144670050762,8373af17-d27a-4705-ab80-247615c9d552,37.5991525,-119.1366695
2020-03-13,2839.0,8373af17-d27a-4705-ab80-247615c9d552,37.5991525,-119.1366695
2020-03-14,2362.238578680203,8373af17-d27a-4705-ab80-247615c9d552,37.5991525,-119.1366695
2020-03-15,3248.0,8373af17-d27a-4705-ab80-247615c9d552,37.5991525,-119.1366695
2020-03-16,2057.083756345178,8373af17-d27a-4705-ab80-247615c9d552,37.5991525,-119.1366695
2020-03-17,7038.571065989849,8373af17-d27a-4705-ab80-247615c9d552,37.5991525,-119.1366695
2020-03-18,6853.540609137056,8373af17-d27a-4705-ab80-247615c9d552,37.5991525,-119.1366695
2020-03-19,5812.637055837564,8373af17-d27a-4705-ab80-247615c9d552,37.5991525,-119.1366695
2020-03-20,6039.791878172588,8373af17-d27a-4705-ab80-247615c9d552,37.5991525,-119.1366695
2020-03-21,4984.492385786802,8373af17-d27a-4705-ab80-247615c9d552,37.5991525,-119.1366695
2020-03-22,1114.8477157360408,8373af17-d27a-4705-ab80-247615c9d552,37.5991525,-119.1366695
2020-03-23,1854.7081218274113,8373af17-d27a-4705-ab80-247615c9d552,37.5991525,-119.1366695
2020-03-24,3280.0,8373af17-d27a-4705-ab80-247615c9d552,37.5991525,-119.1366695
2020-03-25,1926.6497461928936,8373af17-d27a-4705-ab80-247615c9d552,37.5991525,-119.1366695
2020-03-26,2841.6065989847716,8373af17-d27a-4705-ab80-247615c9d552,37.5991525,-119.1366695
2020-03-27,5946.1548223350255,8373af17-d27a-4705-ab80-247615c9d552,37.5991525,-119.1366695
2020-03-28,6051.040609137057,8373af17-d27a-4705-ab80-247615c9d552,37.5991525,-119.1366695
2020-03-29,5392.2766497461935,8373af17-d27a-4705-ab80-247615c9d552,37.5991525,-119.1366695
2020-03-30,7547.241116751271,8373af17-d27a-4705-ab80-247615c9d552,37.5991525,-119.1366695
2020-03-31,8515.0,8373af17-d27a-4705-ab80-247615c9d552,37.5991525,-119.1366695
2020-04-01,8436.725888324872,8373af17-d27a-4705-ab80-247615c9d552,37.5991525,-119.1366695
2020-04-02,8811.0,8373af17-d27a-4705-ab80-247615c9d552,37.5991525,-119.1366695
2020-04-03,5302.0,8373af17-d27a-4705-ab80-247615c9d552,37.5991525,-119.1366695
2020-04-04,4282.274111675127,8373af17-d27a-4705-ab80-247615c9d552,37.5991525,-119.1366695
2020-04-05,4457.0,8373af17-d27a-4705-ab80-247615c9d552,37.5991525,-119.1366695
2020-04-06,3007.0710659898486,8373af17-d27a-4705-ab80-247615c9d552,37.5991525,-119.1366695
2020-04-07,4885.0,8373af17-d27a-4705-ab80-247615c9d552,37.5991525,-119.1366695
2020-04-08,5017.139593908631,8373af17-d27a-4705-ab80-247615c9d552,37.5991525,-119.1366695
2020-04-09,3021.1548223350255,8373af17-d27a-4705-ab80-247615c9d552,37.5991525,-119.1366695
2020-04-10,6792.319796954316,8373af17-d27a-4705-ab80-247615c9d552,37.5991525,-119.1366695
2020-04-11,8983.888324873098,8373af17-d27a-4705-ab80-247615c9d552,37.5991525,-119.1366695
2020-04-12,2223.0,8373af17-d27a-4705-ab80-247615c9d552,37.5991525,-119.1366695
2020-04-13,8509.213197969544,8373af17-d27a-4705-ab80-247615c9d552,37.5991525,-119.1366695
2020-04-14,7786.0,8373af17-d27a-4705-ab80-247615c9d552,37.5991525,-119.1366695
2020-04-15,8856.421319796955,8373af17-d27a-4705-ab80-247615c9d552,37.5991525,-119.1366695
2020-04-16,7039.0,8373af17-d27a-4705-ab80-247615c9d552,37.5991525,-119.1366695
2020-04-17,2993.4111675126906,8373af17-d27a-4705-ab80-247615c9d552,37.5991525,-119.1366695
2020-04-18,1985.568527918782,8373af17-d27a-4705-ab80-247615c9d552,37.5991525,-119.1366695
2020-04-19,7993.895939086295,8373af17-d27a-4705-ab80-247615c9d552,37.5991525,-119.1366695
2020-04-20,5050.01269035533,8373af17-d27a-4705-ab80-247615c9d552,37.5991525,-119.1366695
2020-04-21,7136.426395939086,8373af17-d27a-4705-ab80-247615c9d552,37.5991525,-119.1366695
2020-04-22,8915.72335025381,8373af17-d27a-4705-ab80-247615c9d552,37.5991525,-119.1366695
2020-04-23,8337.76649746193,8373af17-d27a-4705-ab80-247615c9d552,37.5991525,-119.1366695
2020-04-24,8661.058375634519,8373af17-d27a-4705-ab80-247615c9d552,37.5991525,-119.1366695
2020-04-25,8294.489847715735,8373af17-d27a-4705-ab80-247615c9d552,37.5991525,-119.1366695
2020-04-26,8043.0,8373af17-d27a-4705-ab80-247615c9d552,37.5991525,-119.1366695
2020-04-27,6757.2208121827425,8373af17-d27a-4705-ab80-247615c9d552,37.5991525,-119.1366695
2020-04-28,7821.482233502538,8373af17-d27a-4705-ab80-247615c9d552,37.5991525,-119.1366695
2020-04-29,7502.449238578682,8373af17-d27a-4705-ab80-247615c9d552,37.5991525,-119.1366695
2020-04-30,8052.761421319798,8373af17-d27a-4705-ab80-247615c9d552,37.5991525,-119.1366695
2020-05-01,7127.535532994924,8373af17-d27a-4705-ab80-247615c9d552,37.5991525,-119.1366695
2020-05-02,4091.2030456852794,8373af17-d27a-4705-ab80-247615c9d552,37.5991525,-119.1366695
2020-05-03,6929.0,8373af17-d27a-4705-ab80-247615c9d552,37.5991525,-119.1366695
2020-05-04,6875.857868020305,8373af17-d27a-4705-ab80-247615c9d552,37.5991525,-119.1366695
2020-05-05,6343.0,8373af17-d27a-4705-ab80-247615c9d552,37.5991525,-119.1366695
2020-05-06,4962.472081218274,8373af17-d27a-4705-ab80-247615c9d552,37.5991525,-119.1366695
2020-05-07,4987.967005076142,8373af17-d27a-4705-ab80-247615c9d552,37.5991525,-119.1366695
2020-05-08,6361.672588832489,8373af17-d27a-4705-ab80-247615c9d552,37.5991525,-119.1366695
2020-05-09,7345.0,8373af17-d27a-4705-ab80-247615c9d552,37.5991525,-119.1366695
2020-05-10,4157.0,8373af17-d27a-4705-ab80-247615c9d552,37.5991525,-119.1366695
2020-05-11,5210.284263959392,8373af17-d27a-4705-ab80-247615c9d552,37.5991525,-119.1366695
2020-05-12,840.2258883248732,8373af17-d27a-4705-ab80-247615c9d552,37.5991525,-119.1366695
2020-05-13,290.84263959390864,8373af17-d27a-4705-ab80-247615c9d552,37.5991525,-119.1366695
2020-05-14,1638.0,8373af17-d27a-4705-ab80-247615c9d552,37.5991525,-119.1366695
2020-05-15,4231.8705583756355,8373af17-d27a-4705-ab80-247615c9d552,37.5991525,-119.1366695
2020-05-16,4405.434010152284,8373af17-d27a-4705-ab80-247615c9d552,37.5991525,-119.1366695
2020-05-17,767.3756345177666,8373af17-d27a-4705-ab80-247615c9d552,37.5991525,-119.1366695
2020-05-18,1296.0,8373af17-d27a-4705-ab80-247615c9d552,37.5991525,-119.1366695
2020-05-19,2877.6116751269037,8373af17-d27a-4705-ab80-247615c9d552,37.5991525,-119.1366695
2020-05-20,7461.989847715736,8373af17-d27a-4705-ab80-247615c9d552,37.5991525,-119.1366695
2020-05-21,3632.2258883248733,8373af17-d27a-4705-ab80-247615c9d552,37.5991525,-119.1366695
2020-05-22,1100.040609137056,8373af17-d27a-4705-ab80-247615c9d552,37.5991525,-119.1366695
2020-05-23,6497.86040609137,8373af17-d27a-4705-ab80-247615c9d552,37.5991525,-119.1366695
2020-05-24,1225.1548223350258,8373af17-d27a-4705-ab80-247615c9d552,37.5991525,-119.1366695
2020-05-25,1564.0,8373af17-d27a-4705-ab80-247615c9d552,37.5991525,-119.1366695
2020-05-26,-791.0025380710659,8373af17-d27a-4705-ab80-247615c9d552,37.5991525,-119.1366695
2020-05-27,574.0,8373af17-d27a-4705-ab80-247615c9d552,37.5991525,-119.1366695
2020-05-28,-1736.4568527918784,8373af17-d27a-4705-ab80-247615c9d552,37.5991525,-119.1366695
2020-05-29,-1415.104060913706,8373af17-d27a-4705-ab80-247615c9d552,37.5991525,-119.1366695
2020-05-30,695.0,8373af17-d27a-4705-ab80-247615c9d552,37.5991525,-119.1366695
2020-05-31,-2386.3274111675128,8373af17-d27a-4705-ab80-247615c9d552,37.5991525,-119.1366695
2020-06-01,4321.0,8373af17-d27a-4705-ab80-247615c9d552,37.5991525,-119.1366695
2020-06-02,-2619.0,8373af17-d27a-4705-ab80-247615c9d552,37.5991525,-119.1366695
2020-06-03,-1640.9898477157362,8373af17-d27a-4705-ab80-247615c9d552,37.5991525,-119.1366695
2020-06-04,-2781.0,8373af17-d27a-4705-ab80-247615c9d552,37.5991525,-119.1366695
2020-06-05,4165.0,8373af17-d27a-4705-ab80-247615c9d552,37.5991525,-119.1366695
2020-06-06,602.3375634517766,8373af17-d27a-4705-ab80-247615c9d552,37.5991525,-119.1366695
2020-06-07,-1032.5710659898477,8373af17-d27a-4705-ab80-247615c9d552,37.5991525,-119.1366695
2020-06-08,77.0,8373af17-d27a-4705-ab80-247615c9d552,37.5991525,-119.1366695
2020-06-09,-3693.568527918783,8373af17-d27a-4705-ab80-247615c9d552,37.5991525,-119.1366695
2020-06-10,1060.0,8373af17-d27a-4705-ab80-247615c9d552,37.5991525,-119.1366695
2020-06-11,-2928.4923857868025,8373af17-d27a-4705-ab80-247615c9d552,37.5991525,-119.1366695
2020-06-12,243.3705583756345,8373af17-d27a-4705-ab80-247615c9d552,37.5991525,-119.1366695
2020-06-13,-2045.0,8373af17-d27a-4705-ab80-247615c9d552,37.5991525,-119.1366695
2020-06-14,-2840.0,8373af17-d27a-4705-ab80-247615c9d552,37.5991525,-119.1366695
2020-06-15,1718.0,8373af17-d27a-4705-ab80-247615c9d552,37.5991525,-119.1366695
2020-06-16,-2994.1979695431473,8373af17-d27a-4705-ab80-247615c9d552,37.5991525,-119.1366695
2020-06-17,-1005.3883248730966,8373af17-d27a-4705-ab80-247615c9d552,37.5991525,-119.1366695
2020-06-18,-3555.4187817258885,8373af17-d27a-4705-ab80-247615c9d552,37.5991525,-119.1366695
2020-06-19,-2212.0,8373af17-d27a-4705-ab80-247615c9d552,37.5991525,-119.1366695
2020-06-20,-3039.208121827411,8373af17-d27a-4705-ab80-247615c9d552,37.5991525,-119.1366695
2020-06-21,-2825.3781725888325,8373af17-d27a-4705-ab80-247615c9d552,37.5991525,-119.1366695
2020-06-22,-2661.0,8373af17-d27a-4705-ab80-247615c9d552,37.5991525,-119.1366695
2020-06-23,-3591.203045685279,8373af17-d27a-4705-ab80-247615c9d552,37.5991525,-119.1366695
2020-06-24,-1381.1421319796955,8373af17-d27a-4705-ab80-247615c9d552,37.5991525,-119.1366695
2020-06-25,-3695.3680203045683,8373af17-d27a-4705-ab80-247615c9d552,37.5991525,-119.1366695
2020-06-26,-884.0,8373af17-d27a-4705-ab80-247615c9d552,37.5991525,-119.1366695
2020-06-27,-3579.697969543148,8373af17-d27a-4705-ab80-247615c9d552,37.5991525,-119.1366695
2020-06-28,-2637.121827411168,8373af17-d27a-4705-ab80-247615c9d552,37.5991525,-119.1366695
2020-06-29,-3056.7436548223354,8373af17-d27a-4705-ab80-247615c9d552,37.5991525,-119.1366695
2020-06-30,-3434.708121827411,8373af17-d27a-4705-ab80-247615c9d552,37.5991525,-119.1366695
2020-07-01,-775.3527918781726,8373af17-d27a-4705-ab80-247615c9d552,37.5991525,-119.1366695
2020-07-02,-3506.005076142132,8373af17-d27a-4705-ab80-247615c9d552,37.5991525,-119.1366695
2020-07-03,-2031.0,8373af17-d27a-4705-ab80-247615c9d552,37.5991525,-119.1366695
2020-07-04,-3105.469543147208,8373af17-d27a-4705-ab80-247615c9d552,37.5991525,-119.1366695
2020-07-05,-2959.0,8373af17-d27a-4705-ab80-247615c9d552,37.5991525,-119.1366695
2020-07-06,-2976.0304568527927,8373af17-d27a-4705-ab80-247615c9d552,37.5991525,-119.1366695
2020-07-07,-3255.0,8373af17-d27a-4705-ab80-247615c9d552,37.5991525,-119.1366695
2020-07-08,-2462.9898477157367,8373af17-d27a-4705-ab80-247615c9d552,37.5991525,-119.1366695
2020-07-09,-3692.530456852792,8373af17-d27a-4705-ab80-247615c9d552,37.5991525,-119.1366695
2020-07-10,-1678.7411167512694,8373af17-d27a-4705-ab80-247615c9d552,37.5991525,-119.1366695
2020-07-11,-3335.4213197969543,8373af17-d27a-4705-ab80-247615c9d552,37.5991525,-119.1366695
2020-07-12,-2428.0,8373af17-d27a-4705-ab80-247615c9d552,37.5991525,-119.1366695
2020-07-13,-3151.3248730964474,8373af17-d27a-4705-ab80-247615c9d552,37.5991525,-119.1366695
2020-07-14,-3180.1243654822333,8373af17-d27a-4705-ab80-247615c9d552,37.5991525,-119.1366695
2020-07-15,-2909.0,8373af17-d27a-4705-ab80-247615c9d552,37.5991525,-119.1366695
2020-07-16,-3129.147208121828,8373af17-d27a-4705-ab80-247615c9d552,37.5991525,-119.1366695
2020-07-17,-782.0,8373af17-d27a-4705-ab80-247615c9d552,37.5991525,-119.1366695
2020-07-18,-3681.071065989849,8373af17-d27a-4705-ab80-247615c9d552,37.5991525,-119.1366695
2020-07-19,-1409.2106598984774,8373af17-d27a-4705-ab80-247615c9d552,37.5991525,-119.1366695
2020-07-20,-3548.1065989847725,8373af17-d27a-4705-ab80-247615c9d552,37.5991525,-119.1366695
2020-07-21,-2360.0,8373af17-d27a-4705-ab80-247615c9d552,37.5991525,-119.1366695
2020-07-22,-3076.0,8373af17-d27a-4705-ab80-247615c9d552,37.5991525,-119.1366695
2020-07-23,-3122.4898477157362,8373af17-d27a-4705-ab80-247615c9d552,37.5991525,-119.1366695
2020-07-24,-673.0,8373af17-d27a-4705-ab80-247615c9d552,37.5991525,-119.1366695
2020-07-25,-3183.7817258883256,8373af17-d27a-4705-ab80-247615c9d552,37.5991525,-119.1366695
2020-07-26,-1069.0,8373af17-d27a-4705-ab80-247615c9d552,37.5991525,-119.1366695
2020-07-27,-1409.781725888325,8373af17-d27a-4705-ab80-247615c9d552,37.5991525,-119.1366695
2020-07-28,-1995.0,8373af17-d27a-4705-ab80-247615c9d552,37.5991525,-119.1366695
2020-07-29,-3113.0,8373af17-d27a-4705-ab80-247615c9d552,37.5991525,-119.1366695
2020-07-30,-3135.197969543148,8373af17-d27a-4705-ab80-247615c9d552,37.5991525,-119.1366695
2020-07-31,-2858.332487309644,8373af17-d27a-4705-ab80-247615c9d552,37.5991525,-119.1366695
2020-08-01,-3630.157360406092,8373af17-d27a-4705-ab80-247615c9d552,37.5991525,-119.1366695
2020-08-02,-1573.0,8373af17-d27a-4705-ab80-247615c9d552,37.5991525,-119.1366695
2020-08-03,-3368.6649746192898,8373af17-d27a-4705-ab80-247615c9d552,37.5991525,-119.1366695
2020-08-04,-1883.0,8373af17-d27a-4705-ab80-247615c9d552,37.5991525,-119.1366695
2020-08-05,-3406.545685279188,8373af17-d27a-4705-ab80-247615c9d552,37.5991525,-119.1366695
2020-08-06,-3042.7157360406095,8373af17-d27a-4705-ab80-247615c9d552,37.5991525,-119.1366695
2020-08-07,-3065.2664974619297,8373af17-d27a-4705-ab80-247615c9d552,37.5991525,-119.1366695
2020-08-08,-3182.730964467005,8373af17-d27a-4705-ab80-247615c9d552,37.5991525,-119.1366695
2020-08-09,-2851.0,8373af17-d27a-4705-ab80-247615c9d552,37.5991525,-119.1366695
2020-08-10,589.269035532995,8373af17-d27a-4705-ab80-247615c9d552,37.5991525,-119.1366695
2020-08-11,-1306.8553299492387,8373af17-d27a-4705-ab80-247615c9d552,37.5991525,-119.1366695
2020-08-12,-3518.9162436548227,8373af17-d27a-4705-ab80-247615c9d552,37.5991525,-119.1366695
2020-08-13,1374.304568527919,8373af17-d27a-4705-ab80-247615c9d552,37.5991525,-119.1366695
2020-08-14,-2179.482233502538,8373af17-d27a-4705-ab80-247615c9d552,37.5991525,-119.1366695
2020-08-15,-358.0,8373af17-d27a-4705-ab80-247615c9d552,37.5991525,-119.1366695
2020-08-16,-2078.0,8373af17-d27a-4705-ab80-247615c9d552,37.5991525,-119.1366695
2020-08-17,-3066.8781725888325,8373af17-d27a-4705-ab80-247615c9d552,37.5991525,-119.1366695
2020-08-18,168.0,8373af17-d27a-4705-ab80-247615c9d552,37.5991525,-119.1366695
2020-08-19,-2012.9898477157365,8373af17-d27a-4705-ab80-247615c9d552,37.5991525,-119.1366695
2020-08-20,44.26903553299492,8373af17-d27a-4705-ab80-247615c9d552,37.5991525,-119.1366695
2020-08-21,-3218.406091370559,8373af17-d27a-4705-ab80-247615c9d552,37.5991525,-119.1366695
2020-08-22,-2622.0,8373af17-d27a-4705-ab80-247615c9d552,37.5991525,-119.1366695
2020-08-23,-2671.964467005076,8373af17-d27a-4705-ab80-247615c9d552,37.5991525,-119.1366695
2020-08-24,-781.0,8373af17-d27a-4705-ab80-247615c9d552,37.5991525,-119.1366695
2020-08-25,-1692.3401015228426,8373af17-d27a-4705-ab80-247615c9d552,37.5991525,-119.1366695
2020-08-26,-3779.8984771573605,8373af17-d27a-4705-ab80-247615c9d552,37.5991525,-119.1366695
2020-08-27,-2000.4162436548227,8373af17-d27a-4705-ab80-247615c9d552,37.5991525,-119.1366695
2020-08-28,-3125.4644670050766,8373af17-d27a-4705-ab80-247615c9d552,37.5991525,-119.1366695
2020-08-29,-2026.0,8373af17-d27a-4705-ab80-247615c9d552,37.5991525,-119.1366695
2020-08-30,-3203.0,8373af17-d27a-4705-ab80-247615c9d552,37.5991525,-119.1366695
2020-08-31,-2091.010152284264,8373af17-d27a-4705-ab80-247615c9d552,37.5991525,-119.1366695
2020-09-01,-2804.7131979695437,8373af17-d27a-4705-ab80-247615c9d552,37.5991525,-119.1366695
2020-09-02,-3288.6116751269037,8373af17-d27a-4705-ab80-247615c9d552,37.5991525,-119.1366695
2020-09-03,-1755.0,8373af17-d27a-4705-ab80-247615c9d552,37.5991525,-119.1366695
2020-09-04,-3720.451776649747,8373af17-d27a-4705-ab80-247615c9d552,37.5991525,-119.1366695
2020-09-05,2157.0,8373af17-d27a-4705-ab80-247615c9d552,37.5991525,-119.1366695
2020-09-06,1617.3781725888323,8373af17-d27a-4705-ab80-247615c9d552,37.5991525,-119.1366695
2020-09-07,3.545685279187805,8373af17-d27a-4705-ab80-247615c9d552,37.5991525,-119.1366695
2020-09-08,-2691.662436548224,8373af17-d27a-4705-ab80-247615c9d552,37.5991525,-119.1366695
2020-09-09,-3231.3553299492396,8373af17-d27a-4705-ab80-247615c9d552,37.5991525,-119.1366695
2020-09-10,428.6472081218275,8373af17-d27a-4705-ab80-247615c9d552,37.5991525,-119.1366695
2020-09-11,-2033.6598984771576,8373af17-d27a-4705-ab80-247615c9d552,37.5991525,-119.1366695
2020-09-12,-753.0,8373af17-d27a-4705-ab80-247615c9d552,37.5991525,-119.1366695
2020-09-13,243.8477157360406,8373af17-d27a-4705-ab80-247615c9d552,37.5991525,-119.1366695
2020-09-14,3487.005076142132,8373af17-d27a-4705-ab80-247615c9d552,37.5991525,-119.1366695
2020-09-15,-971.3172588832488,8373af17-d27a-4705-ab80-247615c9d552,37.5991525,-119.1366695
2020-09-16,2705.751269035533,8373af17-d27a-4705-ab80-247615c9d552,37.5991525,-119.1366695
2020-09-17,235.98984771573603,8373af17-d27a-4705-ab80-247615c9d552,37.5991525,-119.1366695
2020-09-18,1380.192893401015,8373af17-d27a-4705-ab80-247615c9d552,37.5991525,-119.1366695
2020-09-19,3305.4695431472087,8373af17-d27a-4705-ab80-247615c9d552,37.5991525,-119.1366695
2020-09-20,-371.48984771573606,8373af17-d27a-4705-ab80-247615c9d552,37.5991525,-119.1366695
2020-09-21,2435.0,8373af17-d27a-4705-ab80-247615c9d552,37.5991525,-119.1366695
2020-09-22,-1213.3680203045687,8373af17-d27a-4705-ab80-247615c9d552,37.5991525,-119.1366695
2020-09-23,1112.5634517766498,8373af17-d27a-4705-ab80-247615c9d552,37.5991525,-119.1366695
2020-09-24,-1644.0,8373af17-d27a-4705-ab80-247615c9d552,37.5991525,-119.1366695
2020-09-25,-819.4187817258884,8373af17-d27a-4705-ab80-247615c9d552,37.5991525,-119.1366695
2020-09-26,-1504.0,8373af17-d27a-4705-ab80-247615c9d552,37.5991525,-119.1366695
2020-09-27,-3189.0025380710663,8373af17-d27a-4705-ab80-247615c9d552,37.5991525,-119.1366695
2020-09-28,-1426.6116751269035,8373af17-d27a-4705-ab80-247615c9d552,37.5991525,-119.1366695
2020-09-29,-605.1167512690356,8373af17-d27a-4705-ab80-247615c9d552,37.5991525,-119.1366695
2020-09-30,-495.46700507614224,8373af17-d27a-4705-ab80-247615c9d552,37.5991525,-119.1366695
2020-10-01,-3250.0,8373af17-d27a-4705-ab80-247615c9d552,37.5991525,-119.1366695
2020-10-02,-2376.6700507614214,8373af17-d27a-4705-ab80-247615c9d552,37.5991525,-119.1366695
2020-10-03,-2237.0,8373af17-d27a-4705-ab80-247615c9d552,37.5991525,-119.1366695
2020-10-04,-1964.005076142132,8373af17-d27a-4705-ab80-247615c9d552,37.5991525,-119.1366695
2020-10-05,1246.0710659898477,8373af17-d27a-4705-ab80-247615c9d552,37.5991525,-119.1366695
2020-10-06,-1824.322335025381,8373af17-d27a-4705-ab80-247615c9d552,37.5991525,-119.1366695
2020-10-07,1603.4467005076147,8373af17-d27a-4705-ab80-247615c9d552,37.5991525,-119.1366695
2020-10-08,2637.0431472081223,8373af17-d27a-4705-ab80-247615c9d552,37.5991525,-119.1366695
2020-10-09,414.0,8373af17-d27a-4705-ab80-247615c9d552,37.5991525,-119.1366695
2020-10-10,-546.2944162436548,8373af17-d27a-4705-ab80-247615c9d552,37.5991525,-119.1366695
2020-10-11,-2331.1218274111675,8373af17-d27a-4705-ab80-247615c9d552,37.5991525,-119.1366695
2020-10-12,-1839.8527918781726,8373af17-d27a-4705-ab80-247615c9d552,37.5991525,-119.1366695
2020-10-13,-596.3807106598987,8373af17-d27a-4705-ab80-247615c9d552,37.5991525,-119.1366695
2020-10-14,-1591.7385786802033,8373af17-d27a-4705-ab80-247615c9d552,37.5991525,-119.1366695
2020-10-15,-588.3553299492386,8373af17-d27a-4705-ab80-247615c9d552,37.5991525,-119.1366695
2020-10-16,2448.266497461929,8373af17-d27a-4705-ab80-247615c9d552,37.5991525,-119.1366695
2020-10-17,1654.258883248731,8373af17-d27a-4705-ab80-247615c9d552,37.5991525,-119.1366695
2020-10-18,85.73604060913702,8373af17-d27a-4705-ab80-247615c9d552,37.5991525,-119.1366695
2020-10-19,-893.5685279187819,8373af17-d27a-4705-ab80-247615c9d552,37.5991525,-119.1366695
2020-10-20,-1368.0761421319799,8373af17-d27a-4705-ab80-247615c9d552,37.5991525,-119.1366695
2020-10-21,1142.0,8373af17-d27a-4705-ab80-247615c9d552,37.5991525,-119.1366695
2020-10-22,-1675.261421319797,8373af17-d27a-4705-ab80-247615c9d552,37.5991525,-119.1366695
2020-10-23,1435.8223350253807,8373af17-d27a-4705-ab80-247615c9d552,37.5991525,-119.1366695
2020-10-24,-2837.0507614213197,8373af17-d27a-4705-ab80-247615c9d552,37.5991525,-119.1366695
2020-10-25,-890.0,8373af17-d27a-4705-ab80-247615c9d552,37.5991525,-119.1366695
2020-10-26,-2765.187817258884,8373af17-d27a-4705-ab80-247615c9d552,37.5991525,-119.1366695
2020-10-27,-3099.0,8373af17-d27a-4705-ab80-247615c9d552,37.5991525,-119.1366695
2020-10-28,-2354.0,8373af17-d27a-4705-ab80-247615c9d552,37.5991525,-119.1366695
2020-10-29,-3222.040609137056,8373af17-d27a-4705-ab80-247615c9d552,37.5991525,-119.1366695
2020-10-30,2620.1472081218276,8373af17-d27a-4705-ab80-247615c9d552,37.5991525,-119.1366695
2020-10-31,-3180.0,8373af17-d27a-4705-ab80-247615c9d552,37.5991525,-119.1366695
2020-11-01,945.0,8373af17-d27a-4705-ab80-247615c9d552,37.5991525,-119.1366695
2020-11-02,-2013.6675126903556,8373af17-d27a-4705-ab80-247615c9d552,37.5991525,-119.1366695
2020-11-03,697.0,8373af17-d27a-4705-ab80-247615c9d552,37.5991525,-119.1366695
2020-11-04,-625.8121827411168,8373af17-d27a-4705-ab80-247615c9d552,37.5991525,-119.1366695
2020-11-05,-2592.9873096446704,8373af17-d27a-4705-ab80-247615c9d552,37.5991525,-119.1366695
2020-11-06,-1214.0888324873097,8373af17-d27a-4705-ab80-247615c9d552,37.5991525,-119.1366695
2020-11-07,2048.7690355329946,8373af17-d27a-4705-ab80-247615c9d552,37.5991525,-119.1366695
2020-11-08,1793.0,8373af17-d27a-4705-ab80-247615c9d552,37.5991525,-119.1366695
2020-11-09,7183.7081218274125,8373af17-d27a-4705-ab80-247615c9d552,37.5991525,-119.1366695
2020-11-10,6772.0,8373af17-d27a-4705-ab80-247615c9d552,37.5991525,-119.1366695
2020-11-11,6359.0,8373af17-d27a-4705-ab80-247615c9d552,37.5991525,-119.1366695
2020-11-12,7163.0,8373af17-d27a-4705-ab80-247615c9d552,37.5991525,-119.1366695
2020-11-13,882.0583756345179,8373af17-d27a-4705-ab80-247615c9d552,37.5991525,-119.1366695
2020-11-14,6989.649746192893,8373af17-d27a-4705-ab80-247615c9d552,37.5991525,-119.1366695
2020-11-15,6275.071065989849,8373af17-d27a-4705-ab80-247615c9d552,37.5991525,-119.1366695
2020-11-16,6225.243654822337,8373af17-d27a-4705-ab80-247615c9d552,37.5991525,-119.1366695
2020-11-17,2891.776649746193,8373af17-d27a-4705-ab80-247615c9d552,37.5991525,-119.1366695
2020-11-18,3841.230964467005,8373af17-d27a-4705-ab80-247615c9d552,37.5991525,-119.1366695
2020-11-19,7845.746192893403,8373af17-d27a-4705-ab80-247615c9d552,37.5991525,-119.1366695
2020-11-20,4349.477157360407,8373af17-d27a-4705-ab80-247615c9d552,37.5991525,-119.1366695
2020-11-21,7578.266497461928,8373af17-d27a-4705-ab80-247615c9d552,37.5991525,-119.1366695
2020-11-22,5378.426395939086,8373af17-d27a-4705-ab80-247615c9d552,37.5991525,-119.1366695
2020-11-23,6929.162436548224,8373af17-d27a-4705-ab80-247615c9d552,37.5991525,-119.1366695
2020-11-24,5687.532994923858,8373af17-d27a-4705-ab80-247615c9d552,37.5991525,-119.1366695
2020-11-25,6397.170050761421,8373af17-d27a-4705-ab80-247615c9d552,37.5991525,-119.1366695
2020-11-26,4318.375634517766,8373af17-d27a-4705-ab80-247615c9d552,37.5991525,-119.1366695
2020-11-27,4193.256345177666,8373af17-d27a-4705-ab80-247615c9d552,37.5991525,-119.1366695
2020-11-28,6315.0,8373af17-d27a-4705-ab80-247615c9d552,37.5991525,-119.1366695
2020-11-29,3264.8274111675128,8373af17-d27a-4705-ab80-247615c9d552,37.5991525,-119.1366695
2020-11-30,4904.393401015229,8373af17-d27a-4705-ab80-247615c9d552,37.5991525,-119.1366695
2020-12-01,5395.0,8373af17-d27a-4705-ab80-247615c9d552,37.5991525,-119.1366695
2020-12-02,4999.007614213198,8373af17-d27a-4705-ab80-247615c9d552,37.5991525,-119.1366695
2020-12-03,4427.07614213198,8373af17-d27a-4705-ab80-247615c9d552,37.5991525,-119.1366695
2020-12-04,1932.0,8373af17-d27a-4705-ab80-247615c9d552,37.5991525,-119.1366695
2020-12-05,3917.0,8373af17-d27a-4705-ab80-247615c9d552,37.5991525,-119.1366695
2020-12-06,1629.0,8373af17-d27a-4705-ab80-247615c9d552,37.5991525,-119.1366695
2020-12-07,3307.7614213197967,8373af17-d27a-4705-ab80-247615c9d552,37.5991525,-119.1366695
2020-12-08,3254.7131979695428,8373af17-d27a-4705-ab80-247615c9d552,37.5991525,-119.1366695
2020-12-09,2374.2563451776646,8373af17-d27a-4705-ab80-247615c9d552,37.5991525,-119.1366695
2020-12-10,1910.9543147208124,8373af17-d27a-4705-ab80-247615c9d552,37.5991525,-119.1366695
2020-12-11,2203.659898477157,8373af17-d27a-4705-ab80-247615c9d552,37.5991525,-119.1366695
2020-12-12,6290.185279187818,8373af17-d27a-4705-ab80-247615c9d552,37.5991525,-119.1366695
2020-12-13,4711.0,8373af17-d27a-4705-ab80-247615c9d552,37.5991525,-119.1366695
2020-12-14,6896.121827411168,8373af17-d27a-4705-ab80-247615c9d552,37.5991525,-119.1366695
2020-12-15,5954.269035532994,8373af17-d27a-4705-ab80-247615c9d552,37.5991525,-119.1366695
2020-12-16,6152.573604060913,8373af17-d27a-4705-ab80-247615c9d552,37.5991525,-119.1366695
2020-12-17,2154.0,8373af17-d27a-4705-ab80-247615c9d552,37.5991525,-119.1366695
2020-12-18,6269.002538071067,8373af17-d27a-4705-ab80-247615c9d552,37.5991525,-119.1366695
2020-12-19,5497.0,8373af17-d27a-4705-ab80-247615c9d552,37.5991525,-119.1366695
2020-12-20,6969.0,8373af17-d27a-4705-ab80-247615c9d552,37.5991525,-119.1366695
2020-12-21,7035.104060913705,8373af17-d27a-4705-ab80-247615c9d552,37.5991525,-119.1366695
2020-12-22,6258.324873096446,8373af17-d27a-4705-ab80-247615c9d552,37.5991525,-119.1366695
2020-12-23,7373.690355329951,8373af17-d27a-4705-ab80-247615c9d552,37.5991525,-119.1366695
2020-12-24,2720.119289340102,8373af17-d27a-4705-ab80-247615c9d552,37.5991525,-119.1366695
2020-12-25,5451.197969543147,8373af17-d27a-4705-ab80-247615c9d552,37.5991525,-119.1366695
2020-12-26,2767.0,8373af17-d27a-4705-ab80-247615c9d552,37.5991525,-119.1366695
2020-12-27,3418.7005076142136,8373af17-d27a-4705-ab80-247615c9d552,37.5991525,-119.1366695
2020-12-28,3982.0,8373af17-d27a-4705-ab80-247615c9d552,37.5991525,-119.1366695
2020-12-29,6110.776649746193,8373af17-d27a-4705-ab80-247615c9d552,37.5991525,-119.1366695
2020-12-30,4356.0,8373af17-d27a-4705-ab80-247615c9d552,37.5991525,-119.1366695
2020-12-31,5744.951776649747,8373af17-d27a-4705-ab80-247615c9d552,37.5991525,-119.1366695
2021-01-01,7256.444162436548,8373af17-d27a-4705-ab80-247615c9d552,37.5991525,-119.1366695
2021-01-02,2249.977157360406,8373af17-d27a-4705-ab80-247615c9d552,37.5991525,-119.1366695
2021-01-03,4230.748730964467,8373af17-d27a-4705-ab80-247615c9d552,37.5991525,-119.1366695
2021-01-04,3676.2208121827416,8373af17-d27a-4705-ab80-247615c9d552,37.5991525,-119.1366695
2021-01-05,6340.710659898477,8373af17-d27a-4705-ab80-247615c9d552,37.5991525,-119.1366695
2021-01-06,6160.573604060915,8373af17-d27a-4705-ab80-247615c9d552,37.5991525,-119.1366695
2021-01-07,4250.769035532995,8373af17-d27a-4705-ab80-247615c9d552,37.5991525,-119.1366695
2021-01-08,6979.827411167513,8373af17-d27a-4705-ab80-247615c9d552,37.5991525,-119.1366695
2021-01-09,6125.205583756345,8373af17-d27a-4705-ab80-247615c9d552,37.5991525,-119.1366695
2021-01-10,7852.2868020304595,8373af17-d27a-4705-ab80-247615c9d552,37.5991525,-119.1366695
2021-01-11,6138.0,8373af17-d27a-4705-ab80-247615c9d552,37.5991525,-119.1366695
2021-01-12,4581.0,8373af17-d27a-4705-ab80-247615c9d552,37.5991525,-119.1366695
2021-01-13,5926.0,8373af17-d27a-4705-ab80-247615c9d552,37.5991525,-119.1366695
2021-01-14,6707.309644670052,8373af17-d27a-4705-ab80-247615c9d552,37.5991525,-119.1366695
2021-01-15,7221.0,8373af17-d27a-4705-ab80-247615c9d552,37.5991525,-119.1366695
2021-01-16,5566.520304568528,8373af17-d27a-4705-ab80-247615c9d552,37.5991525,-119.1366695
2021-01-17,7389.500000000001,8373af17-d27a-4705-ab80-247615c9d552,37.5991525,-119.1366695
2021-01-18,5755.0,8373af17-d27a-4705-ab80-247615c9d552,37.5991525,-119.1366695
2021-01-19,5912.055837563453,8373af17-d27a-4705-ab80-247615c9d552,37.5991525,-119.1366695
2021-01-20,5620.0,8373af17-d27a-4705-ab80-247615c9d552,37.5991525,-119.1366695
2021-01-21,6044.289340101523,8373af17-d27a-4705-ab80-247615c9d552,37.5991525,-119.1366695
2021-01-22,1189.0,8373af17-d27a-4705-ab80-247615c9d552,37.5991525,-119.1366695
2021-01-23,4130.98730964467,8373af17-d27a-4705-ab80-247615c9d552,37.5991525,-119.1366695
2021-01-24,5679.43654822335,8373af17-d27a-4705-ab80-247615c9d552,37.5991525,-119.1366695
2021-01-25,2415.0,8373af17-d27a-4705-ab80-247615c9d552,37.5991525,-119.1366695
2021-01-26,7072.6142131979705,8373af17-d27a-4705-ab80-247615c9d552,37.5991525,-119.1366695
2021-01-27,3627.0,8373af17-d27a-4705-ab80-247615c9d552,37.5991525,-119.1366695
2021-01-28,4350.192893401016,8373af17-d27a-4705-ab80-247615c9d552,37.5991525,-119.1366695
2021-01-29,2914.0,8373af17-d27a-4705-ab80-247615c9d552,37.5991525,-119.1366695
2021-01-30,6769.532994923858,8373af17-d27a-4705-ab80-247615c9d552,37.5991525,-119.1366695
2021-01-31,5035.642131979696,8373af17-d27a-4705-ab80-247615c9d552,37.5991525,-119.1366695
2021-02-01,6044.043147208123,8373af17-d27a-4705-ab80-247615c9d552,37.5991525,-119.1366695
2021-02-02,7640.233502538072,8373af17-d27a-4705-ab80-247615c9d552,37.5991525,-119.1366695
2021-02-03,1147.9670050761422,8373af17-d27a-4705-ab80-247615c9d552,37.5991525,-119.1366695
2021-02-04,7561.703045685278,8373af17-d27a-4705-ab80-247615c9d552,37.5991525,-119.1366695
2021-02-05,7786.0,8373af17-d27a-4705-ab80-247615c9d552,37.5991525,-119.1366695
2021-02-06,8139.307106598985,8373af17-d27a-4705-ab80-247615c9d552,37.5991525,-119.1366695
2021-02-07,8526.0,8373af17-d27a-4705-ab80-247615c9d552,37.5991525,-119.1366695
2021-02-08,4556.0,8373af17-d27a-4705-ab80-247615c9d552,37.5991525,-119.1366695
2021-02-09,1940.7055837563453,8373af17-d27a-4705-ab80-247615c9d552,37.5991525,-119.1366695
2021-02-10,6459.616751269037,8373af17-d27a-4705-ab80-247615c9d552,37.5991525,-119.1366695
2021-02-11,6223.421319796955,8373af17-d27a-4705-ab80-247615c9d552,37.5991525,-119.1366695
2021-02-12,5941.378172588832,8373af17-d27a-4705-ab80-247615c9d552,37.5991525,-119.1366695
2021-02-13,4542.850253807107,8373af17-d27a-4705-ab80-247615c9d552,37.5991525,-119.1366695
2021-02-14,2806.0,8373af17-d27a-4705-ab80-247615c9d552,37.5991525,-119.1366695
2021-02-15,3305.578680203046,8373af17-d27a-4705-ab80-247615c9d552,37.5991525,-119.1366695
2021-02-16,7555.096446700509,8373af17-d27a-4705-ab80-247615c9d552,37.5991525,-119.1366695
2021-02-17,6992.068527918784,8373af17-d27a-4705-ab80-247615c9d552,37.5991525,-119.1366695
2021-02-19,1604.048223350254,8373af17-d27a-4705-ab80-247615c9d552,37.5991525,-119.1366695
2021-02-20,6394.157360406091,8373af17-d27a-4705-ab80-247615c9d552,37.5991525,-119.1366695
2021-02-21,6290.0,8373af17-d27a-4705-ab80-247615c9d552,37.5991525,-119.1366695
2021-02-22,7720.060913705584,8373af17-d27a-4705-ab80-247615c9d552,37.5991525,-119.1366695
2021-02-23,5857.0,8373af17-d27a-4705-ab80-247615c9d552,37.5991525,-119.1366695
2021-02-24,7943.59644670051,8373af17-d27a-4705-ab80-247615c9d552,37.5991525,-119.1366695
2021-02-25,8761.134517766499,8373af17-d27a-4705-ab80-247615c9d552,37.5991525,-119.1366695
2021-02-26,8176.0,8373af17-d27a-4705-ab80-247615c9d552,37.5991525,-119.1366695
2021-02-27,8755.31725888325,8373af17-d27a-4705-ab80-247615c9d552,37.5991525,-119.1366695
2021-02-28,7705.700507614213,8373af17-d27a-4705-ab80-247615c9d552,37.5991525,-119.1366695
2021-03-01,8581.416243654823,8373af17-d27a-4705-ab80-247615c9d552,37.5991525,-119.1366695
2021-03-02,6950.954314720813,8373af17-d27a-4705-ab80-247615c9d552,37.5991525,-119.1366695
2021-03-03,2459.80964467005,8373af17-d27a-4705-ab80-247615c9d552,37.5991525,-119.1366695
2021-03-04,7819.667512690356,8373af17-d27a-4705-ab80-247615c9d552,37.5991525,-119.1366695
2021-03-05,7562.1395939086315,8373af17-d27a-4705-ab80-247615c9d552,37.5991525,-119.1366695
2021-03-06,8712.144670050764,8373af17-d27a-4705-ab80-247615c9d552,37.5991525,-119.1366695
2021-03-07,5221.738578680203,8373af17-d27a-4705-ab80-247615c9d552,37.5991525,-119.1366695
2021-03-08,3869.5888324873094,8373af17-d27a-4705-ab80-247615c9d552,37.5991525,-119.1366695
2021-03-09,3782.3121827411173,8373af17-d27a-4705-ab80-247615c9d552,37.5991525,-119.1366695
2021-03-10,4992.0,8373af17-d27a-4705-ab80-247615c9d552,37.5991525,-119.1366695
2021-03-11,3777.2461928934013,8373af17-d27a-4705-ab80-247615c9d552,37.5991525,-119.1366695
2021-03-12,4843.662436548224,8373af17-d27a-4705-ab80-247615c9d552,37.5991525,-119.1366695
2021-03-13,6860.0,8373af17-d27a-4705-ab80-247615c9d552,37.5991525,-119.1366695
2021-03-14,3980.0,8373af17-d27a-4705-ab80-247615c9d552,37.5991525,-119.1366695
2021-03-15,5337.218274111676,8373af17-d27a-4705-ab80-247615c9d552,37.5991525,-119.1366695
2021-03-16,6299.596446700508,8373af17-d27a-4705-ab80-247615c9d552,37.5991525,-119.1366695
2021-03-17,7500.743654822334,8373af17-d27a-4705-ab80-247615c9d552,37.5991525,-119.1366695
2021-03-18,2201.0,8373af17-d27a-4705-ab80-247615c9d552,37.5991525,-119.1366695
2021-03-19,4775.725888324873,8373af17-d27a-4705-ab80-247615c9d552,37.5991525,-119.1366695
2021-03-20,2506.149746192894,8373af17-d27a-4705-ab80-247615c9d552,37.5991525,-119.1366695
2021-03-21,6999.459390862945,8373af17-d27a-4705-ab80-247615c9d552,37.5991525,-119.1366695
2021-03-22,1985.1192893401017,8373af17-d27a-4705-ab80-247615c9d552,37.5991525,-119.1366695
2021-03-23,4539.862944162437,8373af17-d27a-4705-ab80-247615c9d552,37.5991525,-119.1366695
2021-03-24,7054.263959390864,8373af17-d27a-4705-ab80-247615c9d552,37.5991525,-119.1366695
2021-03-25,1230.0,8373af17-d27a-4705-ab80-247615c9d552,37.5991525,-119.1366695
2021-03-26,6575.809644670052,8373af17-d27a-4705-ab80-247615c9d552,37.5991525,-119.1366695
2021-03-27,7929.0,8373af17-d27a-4705-ab80-247615c9d552,37.5991525,-119.1366695
2021-03-28,7575.494923857867,8373af17-d27a-4705-ab80-247615c9d552,37.5991525,-119.1366695
2021-03-29,8983.251269035532,8373af17-d27a-4705-ab80-247615c9d552,37.5991525,-119.1366695
2021-03-30,8037.8553299492405,8373af17-d27a-4705-ab80-247615c9d552,37.5991525,-119.1366695
2021-03-31,8991.71573604061,8373af17-d27a-4705-ab80-247615c9d552,37.5991525,-119.1366695
2021-04-01,8118.0,8373af17-d27a-4705-ab80-247615c9d552,37.5991525,-119.1366695
2021-04-02,8946.0,8373af17-d27a-4705-ab80-247615c9d552,37.5991525,-119.1366695
2021-04-03,8537.0,8373af17-d27a-4705-ab80-247615c9d552,37.5991525,-119.1366695
2021-04-04,7814.185279187817,8373af17-d27a-4705-ab80-247615c9d552,37.5991525,-119.1366695
2021-04-05,1190.027918781726,8373af17-d27a-4705-ab80-247615c9d552,37.5991525,-119.1366695
2021-04-06,7642.0,8373af17-d27a-4705-ab80-247615c9d552,37.5991525,-119.1366695
2021-04-07,8721.236040609137,8373af17-d27a-4705-ab80-247615c9d552,37.5991525,-119.1366695
2021-04-08,8033.0,8373af17-d27a-4705-ab80-247615c9d552,37.5991525,-119.1366695
2021-04-09,8646.398477157361,8373af17-d27a-4705-ab80-247615c9d552,37.5991525,-119.1366695
2021-04-10,7948.0,8373af17-d27a-4705-ab80-247615c9d552,37.5991525,-119.1366695
2021-04-11,7848.510152284263,8373af17-d27a-4705-ab80-247615c9d552,37.5991525,-119.1366695
2021-04-12,7267.819796954316,8373af17-d27a-4705-ab80-247615c9d552,37.5991525,-119.1366695
2021-04-13,7235.441624365483,8373af17-d27a-4705-ab80-247615c9d552,37.5991525,-119.1366695
2021-04-14,1824.8375634517768,8373af17-d27a-4705-ab80-247615c9d552,37.5991525,-119.1366695
2021-04-15,6389.0,8373af17-d27a-4705-ab80-247615c9d552,37.5991525,-119.1366695
2021-04-16,7380.581218274113,8373af17-d27a-4705-ab80-247615c9d552,37.5991525,-119.1366695
2021-04-17,6768.065989847717,8373af17-d27a-4705-ab80-247615c9d552,37.5991525,-119.1366695
2021-04-18,7690.002538071067,8373af17-d27a-4705-ab80-247615c9d552,37.5991525,-119.1366695
2021-04-19,7359.0,8373af17-d27a-4705-ab80-247615c9d552,37.5991525,-119.1366695
2021-04-20,5671.685279187817,8373af17-d27a-4705-ab80-247615c9d552,37.5991525,-119.1366695
2021-04-21,2381.774111675127,8373af17-d27a-4705-ab80-247615c9d552,37.5991525,-119.1366695
2021-04-22,5413.0,8373af17-d27a-4705-ab80-247615c9d552,37.5991525,-119.1366695
2021-04-23,7639.98730964467,8373af17-d27a-4705-ab80-247615c9d552,37.5991525,-119.1366695
2021-04-24,1245.0,8373af17-d27a-4705-ab80-247615c9d552,37.5991525,-119.1366695
2021-04-25,6879.675126903554,8373af17-d27a-4705-ab80-247615c9d552,37.5991525,-119.1366695
2021-04-26,2325.0532994923865,8373af17-d27a-4705-ab80-247615c9d552,37.5991525,-119.1366695
2021-04-27,1645.817258883249,8373af17-d27a-4705-ab80-247615c9d552,37.5991525,-119.1366695
2021-04-28,7446.774111675129,8373af17-d27a-4705-ab80-247615c9d552,37.5991525,-119.1366695
2021-04-29,5498.0,8373af17-d27a-4705-ab80-247615c9d552,37.5991525,-119.1366695
2021-04-30,7275.312182741118,8373af17-d27a-4705-ab80-247615c9d552,37.5991525,-119.1366695
2021-05-01,6346.0,8373af17-d27a-4705-ab80-247615c9d552,37.5991525,-119.1366695
2021-05-02,5075.038071065991,8373af17-d27a-4705-ab80-247615c9d552,37.5991525,-119.1366695
2021-05-03,6039.0736040609145,8373af17-d27a-4705-ab80-247615c9d552,37.5991525,-119.1366695
2021-05-04,2248.9086294416243,8373af17-d27a-4705-ab80-247615c9d552,37.5991525,-119.1366695
2021-05-05,3351.0,8373af17-d27a-4705-ab80-247615c9d552,37.5991525,-119.1366695
2021-05-06,4218.852791878173,8373af17-d27a-4705-ab80-247615c9d552,37.5991525,-119.1366695
2021-05-07,3884.010152284264,8373af17-d27a-4705-ab80-247615c9d552,37.5991525,-119.1366695
2021-05-08,1338.0,8373af17-d27a-4705-ab80-247615c9d552,37.5991525,-119.1366695
2021-05-09,1815.1852791878173,8373af17-d27a-4705-ab80-247615c9d552,37.5991525,-119.1366695
2021-05-10,3421.817258883249,8373af17-d27a-4705-ab80-247615c9d552,37.5991525,-119.1366695
2021-05-11,-304.4644670050762,8373af17-d27a-4705-ab80-247615c9d552,37.5991525,-119.1366695
2021-05-12,2648.142131979696,8373af17-d27a-4705-ab80-247615c9d552,37.5991525,-119.1366695
2021-05-13,-600.0,8373af17-d27a-4705-ab80-247615c9d552,37.5991525,-119.1366695
2021-05-14,-312.4314720812184,8373af17-d27a-4705-ab80-247615c9d552,37.5991525,-119.1366695
2021-05-15,-1715.6624365482237,8373af17-d27a-4705-ab80-247615c9d552,37.5991525,-119.1366695
2021-05-16,-217.64213197969548,8373af17-d27a-4705-ab80-247615c9d552,37.5991525,-119.1366695
2021-05-17,2123.0,8373af17-d27a-4705-ab80-247615c9d552,37.5991525,-119.1366695
2021-05-18,-1691.3705583756346,8373af17-d27a-4705-ab80-247615c9d552,37.5991525,-119.1366695
2021-05-19,1772.5659898477159,8373af17-d27a-4705-ab80-247615c9d552,37.5991525,-119.1366695
2021-05-20,-3142.0,8373af17-d27a-4705-ab80-247615c9d552,37.5991525,-119.1366695
2021-05-21,4416.535532994924,8373af17-d27a-4705-ab80-247615c9d552,37.5991525,-119.1366695
2021-05-22,3863.3197969543144,8373af17-d27a-4705-ab80-247615c9d552,37.5991525,-119.1366695
2021-05-23,945.6319796954315,8373af17-d27a-4705-ab80-247615c9d552,37.5991525,-119.1366695
2021-05-24,-1071.8756345177667,8373af17-d27a-4705-ab80-247615c9d552,37.5991525,-119.1366695
2021-05-25,2256.6446700507613,8373af17-d27a-4705-ab80-247615c9d552,37.5991525,-119.1366695
2021-05-26,2719.0,8373af17-d27a-4705-ab80-247615c9d552,37.5991525,-119.1366695
2021-05-27,-3351.898477157361,8373af17-d27a-4705-ab80-247615c9d552,37.5991525,-119.1366695
2021-05-28,-328.0,8373af17-d27a-4705-ab80-247615c9d552,37.5991525,-119.1366695
2021-05-29,-2985.0,8373af17-d27a-4705-ab80-247615c9d552,37.5991525,-119.1366695
2021-05-30,-2538.0,8373af17-d27a-4705-ab80-247615c9d552,37.5991525,-119.1366695
2021-05-31,-2492.9390862944165,8373af17-d27a-4705-ab80-247615c9d552,37.5991525,-119.1366695
2021-06-01,-2325.421319796955,8373af17-d27a-4705-ab80-247615c9d552,37.5991525,-119.1366695
2021-06-02,-863.1700507614216,8373af17-d27a-4705-ab80-247615c9d552,37.5991525,-119.1366695
2021-06-03,-371.32487309644677,8373af17-d27a-4705-ab80-247615c9d552,37.5991525,-119.1366695
2021-06-04,-1547.8375634517768,8373af17-d27a-4705-ab80-247615c9d552,37.5991525,-119.1366695
2021-06-05,-3143.6776649746193,8373af17-d27a-4705-ab80-247615c9d552,37.5991525,-119.1366695
2021-06-06,-2507.9746192893404,8373af17-d27a-4705-ab80-247615c9d552,37.5991525,-119.1366695
2021-06-07,-3104.0989847715737,8373af17-d27a-4705-ab80-247615c9d552,37.5991525,-119.1366695
2021-06-08,-3341.66497461929,8373af17-d27a-4705-ab80-247615c9d552,37.5991525,-119.1366695
2021-06-09,-2259.0,8373af17-d27a-4705-ab80-247615c9d552,37.5991525,-119.1366695
2021-06-10,-3355.3705583756346,8373af17-d27a-4705-ab80-247615c9d552,37.5991525,-119.1366695
2021-06-11,-1814.7258883248733,8373af17-d27a-4705-ab80-247615c9d552,37.5991525,-119.1366695
2021-06-12,-3695.6446700507618,8373af17-d27a-4705-ab80-247615c9d552,37.5991525,-119.1366695
2021-06-13,-2104.5431472081223,8373af17-d27a-4705-ab80-247615c9d552,37.5991525,-119.1366695
2021-06-14,-3161.9695431472082,8373af17-d27a-4705-ab80-247615c9d552,37.5991525,-119.1366695
2021-06-15,-2881.149746192894,8373af17-d27a-4705-ab80-247615c9d552,37.5991525,-119.1366695
2021-06-16,3124.0,8373af17-d27a-4705-ab80-247615c9d552,37.5991525,-119.1366695
2021-06-17,-3026.6294416243654,8373af17-d27a-4705-ab80-247615c9d552,37.5991525,-119.1366695
2021-06-18,-196.22335025380713,8373af17-d27a-4705-ab80-247615c9d552,37.5991525,-119.1366695
2021-06-19,-3735.680203045686,8373af17-d27a-4705-ab80-247615c9d552,37.5991525,-119.1366695
2021-06-20,-1627.0,8373af17-d27a-4705-ab80-247615c9d552,37.5991525,-119.1366695
2021-06-21,-3424.342639593909,8373af17-d27a-4705-ab80-247615c9d552,37.5991525,-119.1366695
2021-06-22,-3090.0,8373af17-d27a-4705-ab80-247615c9d552,37.5991525,-119.1366695
2021-06-23,-2924.393401015229,8373af17-d27a-4705-ab80-247615c9d552,37.5991525,-119.1366695
2021-06-24,-3096.0,8373af17-d27a-4705-ab80-247615c9d552,37.5991525,-119.1366695
2021-06-25,-2509.0,8373af17-d27a-4705-ab80-247615c9d552,37.5991525,-119.1366695
2021-06-26,-3453.10152284264,8373af17-d27a-4705-ab80-247615c9d552,37.5991525,-119.1366695
2021-06-27,-955.0406091370559,8373af17-d27a-4705-ab80-247615c9d552,37.5991525,-119.1366695
2021-06-28,-3696.3908629441626,8373af17-d27a-4705-ab80-247615c9d552,37.5991525,-119.1366695
2021-06-29,3956.0,8373af17-d27a-4705-ab80-247615c9d552,37.5991525,-119.1366695
2021-06-30,-3104.596446700508,8373af17-d27a-4705-ab80-247615c9d552,37.5991525,-119.1366695
2021-07-01,-2791.6878172588827,8373af17-d27a-4705-ab80-247615c9d552,37.5991525,-119.1366695
2021-07-02,-3027.697969543147,8373af17-d27a-4705-ab80-247615c9d552,37.5991525,-119.1366695
2021-07-03,-2963.571065989848,8373af17-d27a-4705-ab80-247615c9d552,37.5991525,-119.1366695
2021-07-04,-1910.9771573604062,8373af17-d27a-4705-ab80-247615c9d552,37.5991525,-119.1366695
2021-07-05,-2517.692893401015,8373af17-d27a-4705-ab80-247615c9d552,37.5991525,-119.1366695
2021-07-06,-1850.9035532994926,8373af17-d27a-4705-ab80-247615c9d552,37.5991525,-119.1366695
2021-07-07,-3615.0989847715737,8373af17-d27a-4705-ab80-247615c9d552,37.5991525,-119.1366695
2021-07-08,-2600.0,8373af17-d27a-4705-ab80-247615c9d552,37.5991525,-119.1366695
2021-07-09,-3126.0,8373af17-d27a-4705-ab80-247615c9d552,37.5991525,-119.1366695
2021-07-10,-2316.0,8373af17-d27a-4705-ab80-247615c9d552,37.5991525,-119.1366695
2021-07-11,-1427.0,8373af17-d27a-4705-ab80-247615c9d552,37.5991525,-119.1366695
2021-07-12,-3435.2614213197967,8373af17-d27a-4705-ab80-247615c9d552,37.5991525,-119.1366695
2021-07-13,-765.4441624365481,8373af17-d27a-4705-ab80-247615c9d552,37.5991525,-119.1366695
2021-07-14,-3850.7690355329955,8373af17-d27a-4705-ab80-247615c9d552,37.5991525,-119.1366695
2021-07-15,-2646.2461928934013,8373af17-d27a-4705-ab80-247615c9d552,37.5991525,-119.1366695
2021-07-16,-3454.0,8373af17-d27a-4705-ab80-247615c9d552,37.5991525,-119.1366695
2021-07-17,-3139.3604060913713,8373af17-d27a-4705-ab80-247615c9d552,37.5991525,-119.1366695
2021-07-18,359.0,8373af17-d27a-4705-ab80-247615c9d552,37.5991525,-119.1366695
2021-07-19,6363.598984771574,8373af17-d27a-4705-ab80-247615c9d552,37.5991525,-119.1366695
2021-07-20,-1523.0,8373af17-d27a-4705-ab80-247615c9d552,37.5991525,-119.1366695
2021-07-21,-3851.7588832487313,8373af17-d27a-4705-ab80-247615c9d552,37.5991525,-119.1366695
2021-07-22,-1986.9492385786805,8373af17-d27a-4705-ab80-247615c9d552,37.5991525,-119.1366695
2021-07-23,-3110.609137055838,8373af17-d27a-4705-ab80-247615c9d552,37.5991525,-119.1366695
2021-07-24,127.12436548223351,8373af17-d27a-4705-ab80-247615c9d552,37.5991525,-119.1366695
2021-07-25,-596.2411167512691,8373af17-d27a-4705-ab80-247615c9d552,37.5991525,-119.1366695
2021-07-26,-830.9796954314722,8373af17-d27a-4705-ab80-247615c9d552,37.5991525,-119.1366695
2021-07-27,-2686.751269035533,8373af17-d27a-4705-ab80-247615c9d552,37.5991525,-119.1366695
2021-07-28,-2578.6624365482235,8373af17-d27a-4705-ab80-247615c9d552,37.5991525,-119.1366695
2021-07-29,3865.61421319797,8373af17-d27a-4705-ab80-247615c9d552,37.5991525,-119.1366695
2021-07-30,-1954.6091370558377,8373af17-d27a-4705-ab80-247615c9d552,37.5991525,-119.1366695
2021-07-31,3364.0304568527918,8373af17-d27a-4705-ab80-247615c9d552,37.5991525,-119.1366695
2021-08-01,-3439.131979695432,8373af17-d27a-4705-ab80-247615c9d552,37.5991525,-119.1366695
2021-08-02,-3116.0152284263963,8373af17-d27a-4705-ab80-247615c9d552,37.5991525,-119.1366695
2021-08-03,-3041.7055837563457,8373af17-d27a-4705-ab80-247615c9d552,37.5991525,-119.1366695
2021-08-04,-3122.464467005076,8373af17-d27a-4705-ab80-247615c9d552,37.5991525,-119.1366695
2021-08-05,-2021.8578680203047,8373af17-d27a-4705-ab80-247615c9d552,37.5991525,-119.1366695
2021-08-06,-3655.08883248731,8373af17-d27a-4705-ab80-247615c9d552,37.5991525,-119.1366695
2021-08-07,-1687.2436548223352,8373af17-d27a-4705-ab80-247615c9d552,37.5991525,-119.1366695
2021-08-08,-3607.5710659898473,8373af17-d27a-4705-ab80-247615c9d552,37.5991525,-119.1366695
2021-08-09,-2869.0,8373af17-d27a-4705-ab80-247615c9d552,37.5991525,-119.1366695
2021-08-10,-3057.005076142132,8373af17-d27a-4705-ab80-247615c9d552,37.5991525,-119.1366695
2021-08-11,-2275.0,8373af17-d27a-4705-ab80-247615c9d552,37.5991525,-119.1366695
2021-08-12,-2160.774111675127,8373af17-d27a-4705-ab80-247615c9d552,37.5991525,-119.1366695
2021-08-13,232.57106598984777,8373af17-d27a-4705-ab80-247615c9d552,37.5991525,-119.1366695
2021-08-14,-117.0,8373af17-d27a-4705-ab80-247615c9d552,37.5991525,-119.1366695
2021-08-15,-3374.030456852792,8373af17-d27a-4705-ab80-247615c9d552,37.5991525,-119.1366695
2021-08-16,13.0,8373af17-d27a-4705-ab80-247615c9d552,37.5991525,-119.1366695
2021-08-17,-3553.6928934010157,8373af17-d27a-4705-ab80-247615c9d552,37.5991525,-119.1366695
2021-08-18,-2617.9263959390864,8373af17-d27a-4705-ab80-247615c9d552,37.5991525,-119.1366695
2021-08-19,-2788.921319796954,8373af17-d27a-4705-ab80-247615c9d552,37.5991525,-119.1366695
2021-08-20,-2535.6649746192898,8373af17-d27a-4705-ab80-247615c9d552,37.5991525,-119.1366695
2021-08-21,-84.0,8373af17-d27a-4705-ab80-247615c9d552,37.5991525,-119.1366695
2021-08-22,-3685.434010152284,8373af17-d27a-4705-ab80-247615c9d552,37.5991525,-119.1366695
2021-08-23,-656.0,8373af17-d27a-4705-ab80-247615c9d552,37.5991525,-119.1366695
2021-08-24,-3580.0,8373af17-d27a-4705-ab80-247615c9d552,37.5991525,-119.1366695
2021-08-25,-2580.0228426395943,8373af17-d27a-4705-ab80-247615c9d552,37.5991525,-119.1366695
2021-08-26,-3347.1167512690363,8373af17-d27a-4705-ab80-247615c9d552,37.5991525,-119.1366695
2021-08-27,-3270.3756345177667,8373af17-d27a-4705-ab80-247615c9d552,37.5991525,-119.1366695
2021-08-28,-2599.0,8373af17-d27a-4705-ab80-247615c9d552,37.5991525,-119.1366695
2021-08-29,-3496.2106598984774,8373af17-d27a-4705-ab80-247615c9d552,37.5991525,-119.1366695
2021-08-30,-1853.3401015228428,8373af17-d27a-4705-ab80-247615c9d552,37.5991525,-119.1366695
2021-08-31,-3676.850253807107,8373af17-d27a-4705-ab80-247615c9d552,37.5991525,-119.1366695
2021-09-01,-2700.0,8373af17-d27a-4705-ab80-247615c9d552,37.5991525,-119.1366695
2021-09-02,-3423.446700507615,8373af17-d27a-4705-ab80-247615c9d552,37.5991525,-119.1366695
2021-09-03,-2622.692893401015,8373af17-d27a-4705-ab80-247615c9d552,37.5991525,-119.1366695
2021-09-04,-3023.0,8373af17-d27a-4705-ab80-247615c9d552,37.5991525,-119.1366695
2021-09-05,-3401.5482233502544,8373af17-d27a-4705-ab80-247615c9d552,37.5991525,-119.1366695
2021-09-06,-1491.0,8373af17-d27a-4705-ab80-247615c9d552,37.5991525,-119.1366695
2021-09-07,-3763.42385786802,8373af17-d27a-4705-ab80-247615c9d552,37.5991525,-119.1366695
2021-09-08,-1669.0,8373af17-d27a-4705-ab80-247615c9d552,37.5991525,-119.1366695
2021-09-09,-3209.5228426395943,8373af17-d27a-4705-ab80-247615c9d552,37.5991525,-119.1366695
2021-09-10,-14.44162436548223,8373af17-d27a-4705-ab80-247615c9d552,37.5991525,-119.1366695
2021-09-11,-3287.55076142132,8373af17-d27a-4705-ab80-247615c9d552,37.5991525,-119.1366695
2021-09-12,-3306.720812182741,8373af17-d27a-4705-ab80-247615c9d552,37.5991525,-119.1366695
2021-09-13,-2756.0,8373af17-d27a-4705-ab80-247615c9d552,37.5991525,-119.1366695
2021-09-14,-3532.974619289341,8373af17-d27a-4705-ab80-247615c9d552,37.5991525,-119.1366695
2021-09-15,-899.0,8373af17-d27a-4705-ab80-247615c9d552,37.5991525,-119.1366695
2021-09-16,-2814.9670050761424,8373af17-d27a-4705-ab80-247615c9d552,37.5991525,-119.1366695
2021-09-17,1268.1522842639592,8373af17-d27a-4705-ab80-247615c9d552,37.5991525,-119.1366695
2021-09-18,-2668.5228426395943,8373af17-d27a-4705-ab80-247615c9d552,37.5991525,-119.1366695
2021-09-19,-3236.926395939087,8373af17-d27a-4705-ab80-247615c9d552,37.5991525,-119.1366695
2021-09-20,-3100.5761421319803,8373af17-d27a-4705-ab80-247615c9d552,37.5991525,-119.1366695
2021-09-21,-2521.0,8373af17-d27a-4705-ab80-247615c9d552,37.5991525,-119.1366695
2021-09-23,-2499.548223350254,8373af17-d27a-4705-ab80-247615c9d552,37.5991525,-119.1366695
2021-09-24,634.2766497461929,8373af17-d27a-4705-ab80-247615c9d552,37.5991525,-119.1366695
2021-09-25,-3151.484771573604,8373af17-d27a-4705-ab80-247615c9d552,37.5991525,-119.1366695
2021-09-26,-1088.0837563451778,8373af17-d27a-4705-ab80-247615c9d552,37.5991525,-119.1366695
2021-09-27,-2900.1776649746193,8373af17-d27a-4705-ab80-247615c9d552,37.5991525,-119.1366695
2021-09-28,-3237.0609137055844,8373af17-d27a-4705-ab80-247615c9d552,37.5991525,-119.1366695
2021-09-29,-2533.0,8373af17-d27a-4705-ab80-247615c9d552,37.5991525,-119.1366695
2021-09-30,-3158.274111675127,8373af17-d27a-4705-ab80-247615c9d552,37.5991525,-119.1366695
2021-10-01,-226.0,8373af17-d27a-4705-ab80-247615c9d552,37.5991525,-119.1366695
2021-10-02,-2865.0,8373af17-d27a-4705-ab80-247615c9d552,37.5991525,-119.1366695
2021-10-03,-884.2106598984773,8373af17-d27a-4705-ab80-247615c9d552,37.5991525,-119.1366695
2021-10-04,604.0,8373af17-d27a-4705-ab80-247615c9d552,37.5991525,-119.1366695
2021-10-05,1145.0,8373af17-d27a-4705-ab80-247615c9d552,37.5991525,-119.1366695
2021-10-06,2041.7614213197974,8373af17-d27a-4705-ab80-247615c9d552,37.5991525,-119.1366695
2021-10-07,-2529.058375634518,8373af17-d27a-4705-ab80-247615c9d552,37.5991525,-119.1366695
2021-10-08,1997.2131979695432,8373af17-d27a-4705-ab80-247615c9d552,37.5991525,-119.1366695
2021-10-09,7527.375634517767,8373af17-d27a-4705-ab80-247615c9d552,37.5991525,-119.1366695
2021-10-10,3124.0,8373af17-d27a-4705-ab80-247615c9d552,37.5991525,-119.1366695
2021-10-11,4388.870558375635,8373af17-d27a-4705-ab80-247615c9d552,37.5991525,-119.1366695
2021-10-12,3074.492385786802,8373af17-d27a-4705-ab80-247615c9d552,37.5991525,-119.1366695
2021-10-13,-913.5101522842641,8373af17-d27a-4705-ab80-247615c9d552,37.5991525,-119.1366695
2021-10-14,-1765.5862944162438,8373af17-d27a-4705-ab80-247615c9d552,37.5991525,-119.1366695
2021-10-15,-1970.8705583756346,8373af17-d27a-4705-ab80-247615c9d552,37.5991525,-119.1366695
2021-10-16,-3112.6725888324872,8373af17-d27a-4705-ab80-247615c9d552,37.5991525,-119.1366695
2021-10-17,1481.0,8373af17-d27a-4705-ab80-247615c9d552,37.5991525,-119.1366695
2021-10-18,1066.6852791878173,8373af17-d27a-4705-ab80-247615c9d552,37.5991525,-119.1366695
2021-10-19,4359.0,8373af17-d27a-4705-ab80-247615c9d552,37.5991525,-119.1366695
2021-10-20,1344.3984771573607,8373af17-d27a-4705-ab80-247615c9d552,37.5991525,-119.1366695
2021-10-21,30.644670050761427,8373af17-d27a-4705-ab80-247615c9d552,37.5991525,-119.1366695
2021-10-22,2167.8477157360403,8373af17-d27a-4705-ab80-247615c9d552,37.5991525,-119.1366695
2021-10-23,2082.972081218274,8373af17-d27a-4705-ab80-247615c9d552,37.5991525,-119.1366695
2021-10-24,3042.0,8373af17-d27a-4705-ab80-247615c9d552,37.5991525,-119.1366695
2021-10-25,5654.697969543149,8373af17-d27a-4705-ab80-247615c9d552,37.5991525,-119.1366695
2021-10-26,7200.35532994924,8373af17-d27a-4705-ab80-247615c9d552,37.5991525,-119.1366695
2021-10-27,8441.883248730966,8373af17-d27a-4705-ab80-247615c9d552,37.5991525,-119.1366695
2021-10-28,6860.642131979696,8373af17-d27a-4705-ab80-247615c9d552,37.5991525,-119.1366695
2021-10-29,5606.0,8373af17-d27a-4705-ab80-247615c9d552,37.5991525,-119.1366695
2021-10-30,3812.053299492386,8373af17-d27a-4705-ab80-247615c9d552,37.5991525,-119.1366695
2021-10-31,797.0,8373af17-d27a-4705-ab80-247615c9d552,37.5991525,-119.1366695
2021-11-01,1368.4796954314722,8373af17-d27a-4705-ab80-247615c9d552,37.5991525,-119.1366695
2021-11-02,5739.012690355329,8373af17-d27a-4705-ab80-247615c9d552,37.5991525,-119.1366695
2021-11-03,-457.7588832487311,8373af17-d27a-4705-ab80-247615c9d552,37.5991525,-119.1366695
2021-11-04,-630.0,8373af17-d27a-4705-ab80-247615c9d552,37.5991525,-119.1366695
2021-11-05,-2221.5736040609136,8373af17-d27a-4705-ab80-247615c9d552,37.5991525,-119.1366695
2021-11-06,630.5812182741117,8373af17-d27a-4705-ab80-247615c9d552,37.5991525,-119.1366695
2021-11-07,-588.4517766497462,8373af17-d27a-4705-ab80-247615c9d552,37.5991525,-119.1366695
2021-11-08,-1917.1725888324877,8373af17-d27a-4705-ab80-247615c9d552,37.5991525,-119.1366695
2021-11-09,4491.352791878173,8373af17-d27a-4705-ab80-247615c9d552,37.5991525,-119.1366695
2021-11-10,8753.560913705585,8373af17-d27a-4705-ab80-247615c9d552,37.5991525,-119.1366695
2021-11-11,6772.0,8373af17-d27a-4705-ab80-247615c9d552,37.5991525,-119.1366695
2021-11-12,4228.0,8373af17-d27a-4705-ab80-247615c9d552,37.5991525,-119.1366695
2021-11-13,2382.0,8373af17-d27a-4705-ab80-247615c9d552,37.5991525,-119.1366695
2021-11-14,739.0,8373af17-d27a-4705-ab80-247615c9d552,37.5991525,-119.1366695
2021-11-15,2080.9543147208124,8373af17-d27a-4705-ab80-247615c9d552,37.5991525,-119.1366695
2021-11-16,-461.62436548223354,8373af17-d27a-4705-ab80-247615c9d552,37.5991525,-119.1366695
2021-11-17,-444.7944162436549,8373af17-d27a-4705-ab80-247615c9d552,37.5991525,-119.1366695
2021-11-18,1892.741116751269,8373af17-d27a-4705-ab80-247615c9d552,37.5991525,-119.1366695
2021-11-19,-247.27411167512693,8373af17-d27a-4705-ab80-247615c9d552,37.5991525,-119.1366695
2021-11-20,1290.0,8373af17-d27a-4705-ab80-247615c9d552,37.5991525,-119.1366695
2021-11-21,-2257.7258883248733,8373af17-d27a-4705-ab80-247615c9d552,37.5991525,-119.1366695
2021-11-22,-705.1928934010152,8373af17-d27a-4705-ab80-247615c9d552,37.5991525,-119.1366695
2021-11-23,-1824.6421319796957,8373af17-d27a-4705-ab80-247615c9d552,37.5991525,-119.1366695
2021-11-24,-1991.4010152284266,8373af17-d27a-4705-ab80-247615c9d552,37.5991525,-119.1366695
2021-11-25,-1366.10152284264,8373af17-d27a-4705-ab80-247615c9d552,37.5991525,-119.1366695
2021-11-26,-762.4390862944163,8373af17-d27a-4705-ab80-247615c9d552,37.5991525,-119.1366695
2021-11-27,2451.606598984772,8373af17-d27a-4705-ab80-247615c9d552,37.5991525,-119.1366695
2021-11-28,-2345.2309644670054,8373af17-d27a-4705-ab80-247615c9d552,37.5991525,-119.1366695
2021-11-29,-1549.7182741116753,8373af17-d27a-4705-ab80-247615c9d552,37.5991525,-119.1366695
2021-11-30,-2012.7055837563453,8373af17-d27a-4705-ab80-247615c9d552,37.5991525,-119.1366695
2021-12-01,-2590.8908629441626,8373af17-d27a-4705-ab80-247615c9d552,37.5991525,-119.1366695
2021-12-02,-1958.0,8373af17-d27a-4705-ab80-247615c9d552,37.5991525,-119.1366695
2021-12-03,-2228.170050761421,8373af17-d27a-4705-ab80-247615c9d552,37.5991525,-119.1366695
2021-12-04,2137.0,8373af17-d27a-4705-ab80-247615c9d552,37.5991525,-119.1366695
2021-12-05,-2457.520304568528,8373af17-d27a-4705-ab80-247615c9d552,37.5991525,-119.1366695
2021-12-06,1544.0,8373af17-d27a-4705-ab80-247615c9d552,37.5991525,-119.1366695
2021-12-07,-317.7233502538071,8373af17-d27a-4705-ab80-247615c9d552,37.5991525,-119.1366695
2021-12-08,-1844.3527918781729,8373af17-d27a-4705-ab80-247615c9d552,37.5991525,-119.1366695
2021-12-09,2129.304568527919,8373af17-d27a-4705-ab80-247615c9d552,37.5991525,-119.1366695
2021-12-10,6976.251269035533,8373af17-d27a-4705-ab80-247615c9d552,37.5991525,-119.1366695
2021-12-11,6177.0,8373af17-d27a-4705-ab80-247615c9d552,37.5991525,-119.1366695
2021-12-12,2889.3908629441626,8373af17-d27a-4705-ab80-247615c9d552,37.5991525,-119.1366695
2021-12-13,1595.1954314720813,8373af17-d27a-4705-ab80-247615c9d552,37.5991525,-119.1366695
2021-12-14,4402.484771573604,8373af17-d27a-4705-ab80-247615c9d552,37.5991525,-119.1366695
2021-12-15,5925.393401015229,8373af17-d27a-4705-ab80-247615c9d552,37.5991525,-119.1366695
2021-12-16,4954.875634517766,8373af17-d27a-4705-ab80-247615c9d552,37.5991525,-119.1366695
2021-12-17,6488.494923857868,8373af17-d27a-4705-ab80-247615c9d552,37.5991525,-119.1366695
2021-12-18,6090.0,8373af17-d27a-4705-ab80-247615c9d552,37.5991525,-119.1366695
2021-12-19,7623.63959390863,8373af17-d27a-4705-ab80-247615c9d552,37.5991525,-119.1366695
2021-12-20,5817.0,8373af17-d27a-4705-ab80-247615c9d552,37.5991525,-119.1366695
2021-12-21,7483.233502538072,8373af17-d27a-4705-ab80-247615c9d552,37.5991525,-119.1366695
2021-12-22,2963.0,8373af17-d27a-4705-ab80-247615c9d552,37.5991525,-119.1366695
2021-12-23,3745.9593908629445,8373af17-d27a-4705-ab80-247615c9d552,37.5991525,-119.1366695
2021-12-24,3852.0,8373af17-d27a-4705-ab80-247615c9d552,37.5991525,-119.1366695
2021-12-25,1245.766497461929,8373af17-d27a-4705-ab80-247615c9d552,37.5991525,-119.1366695
2021-12-26,3581.8477157360403,8373af17-d27a-4705-ab80-247615c9d552,37.5991525,-119.1366695
2021-12-27,3228.0,8373af17-d27a-4705-ab80-247615c9d552,37.5991525,-119.1366695
2021-12-28,4099.281725888325,8373af17-d27a-4705-ab80-247615c9d552,37.5991525,-119.1366695
2021-12-29,4221.299492385787,8373af17-d27a-4705-ab80-247615c9d552,37.5991525,-119.1366695
2021-12-30,7920.761421319798,8373af17-d27a-4705-ab80-247615c9d552,37.5991525,-119.1366695
