date,s1_grd_vv,cell_id,latitude,longitude
2015-03-26 01:09:56,-13.92061760057337,14d80e3c-df5d-48f5-aaa8-986ca9f783c5,39.064768,-107.1261945
2015-04-02 01:01:43,-8.826391098011676,14d80e3c-df5d-48f5-aaa8-986ca9f783c5,39.064768,-107.1261945
2016-03-08 01:09:56,-10.920744050015067,14d80e3c-df5d-48f5-aaa8-986ca9f783c5,39.064768,-107.1261945
2016-04-20 01:01:59,-8.00526246403468,14d80e3c-df5d-48f5-aaa8-986ca9f783c5,39.064768,-107.1261945
2016-08-23 01:10:07,-14.535359874947982,14d80e3c-df5d-48f5-aaa8-986ca9f783c5,39.064768,-107.1261945
2016-08-30 01:01:52,-9.477034431405215,14d80e3c-df5d-48f5-aaa8-986ca9f783c5,39.064768,-107.1261945
2017-02-07 01:09:55,-15.509454768976344,14d80e3c-df5d-48f5-aaa8-986ca9f783c5,39.064768,-107.1261945
2017-02-14 01:01:51,-13.059154167686035,14d80e3c-df5d-48f5-aaa8-986ca9f783c5,39.064768,-107.1261945
2017-02-19 13:09:26,-10.3612488578184,14d80e3c-df5d-48f5-aaa8-986ca9f783c5,39.064768,-107.1261945
2017-02-24 13:17:52,-10.51197398091887,14d80e3c-df5d-48f5-aaa8-986ca9f783c5,39.064768,-107.1261945
2017-03-03 13:09:26,-11.962283017012803,14d80e3c-df5d-48f5-aaa8-986ca9f783c5,39.064768,-107.1261945
2017-03-08 13:17:52,-8.852262198052971,14d80e3c-df5d-48f5-aaa8-986ca9f783c5,39.064768,-107.1261945
2017-03-15 13:09:26,-12.854200611280312,14d80e3c-df5d-48f5-aaa8-986ca9f783c5,39.064768,-107.1261945
2017-03-20 13:17:52,-9.865247963672488,14d80e3c-df5d-48f5-aaa8-986ca9f783c5,39.064768,-107.1261945
2017-03-27 13:09:27,-9.685995351882585,14d80e3c-df5d-48f5-aaa8-986ca9f783c5,39.064768,-107.1261945
2017-04-01 13:17:52,-9.548605007637642,14d80e3c-df5d-48f5-aaa8-986ca9f783c5,39.064768,-107.1261945
2017-04-08 13:09:27,-10.778611931376194,14d80e3c-df5d-48f5-aaa8-986ca9f783c5,39.064768,-107.1261945
2017-04-13 13:17:53,-14.504410362870514,14d80e3c-df5d-48f5-aaa8-986ca9f783c5,39.064768,-107.1261945
2017-04-20 13:09:28,-14.455892856080489,14d80e3c-df5d-48f5-aaa8-986ca9f783c5,39.064768,-107.1261945
2017-04-25 13:17:53,-11.674616574676598,14d80e3c-df5d-48f5-aaa8-986ca9f783c5,39.064768,-107.1261945
2017-05-02 13:09:28,-10.814549797276257,14d80e3c-df5d-48f5-aaa8-986ca9f783c5,39.064768,-107.1261945
2017-05-07 13:17:54,-10.032438672570155,14d80e3c-df5d-48f5-aaa8-986ca9f783c5,39.064768,-107.1261945
2017-05-14 13:09:29,-12.474053772262463,14d80e3c-df5d-48f5-aaa8-986ca9f783c5,39.064768,-107.1261945
2017-05-19 13:17:55,-12.931526707986663,14d80e3c-df5d-48f5-aaa8-986ca9f783c5,39.064768,-107.1261945
2017-05-26 13:09:29,-13.215648375049849,14d80e3c-df5d-48f5-aaa8-986ca9f783c5,39.064768,-107.1261945
2017-05-31 13:17:55,-13.05802633483593,14d80e3c-df5d-48f5-aaa8-986ca9f783c5,39.064768,-107.1261945
2017-06-07 13:09:30,-10.216970772680158,14d80e3c-df5d-48f5-aaa8-986ca9f783c5,39.064768,-107.1261945
2017-06-12 13:17:56,-13.890422821451464,14d80e3c-df5d-48f5-aaa8-986ca9f783c5,39.064768,-107.1261945
2017-06-19 13:09:31,-12.800619066103744,14d80e3c-df5d-48f5-aaa8-986ca9f783c5,39.064768,-107.1261945
2017-06-24 13:17:57,-8.947426658100385,14d80e3c-df5d-48f5-aaa8-986ca9f783c5,39.064768,-107.1261945
2017-07-01 13:09:32,-11.881789760702413,14d80e3c-df5d-48f5-aaa8-986ca9f783c5,39.064768,-107.1261945
2017-07-06 13:17:57,-12.097201979812324,14d80e3c-df5d-48f5-aaa8-986ca9f783c5,39.064768,-107.1261945
2017-07-13 13:09:32,-9.97598824621724,14d80e3c-df5d-48f5-aaa8-986ca9f783c5,39.064768,-107.1261945
2017-07-18 13:17:58,-14.361834765228792,14d80e3c-df5d-48f5-aaa8-986ca9f783c5,39.064768,-107.1261945
2017-07-25 13:09:33,-11.370289655691721,14d80e3c-df5d-48f5-aaa8-986ca9f783c5,39.064768,-107.1261945
2017-07-30 13:17:59,-8.462022625131278,14d80e3c-df5d-48f5-aaa8-986ca9f783c5,39.064768,-107.1261945
2017-08-06 13:09:34,-12.899674440868544,14d80e3c-df5d-48f5-aaa8-986ca9f783c5,39.064768,-107.1261945
2017-08-11 13:18:00,-8.84677540533788,14d80e3c-df5d-48f5-aaa8-986ca9f783c5,39.064768,-107.1261945
2017-08-18 13:09:34,-12.793716878677133,14d80e3c-df5d-48f5-aaa8-986ca9f783c5,39.064768,-107.1261945
2017-08-23 13:18:00,-11.462924251785488,14d80e3c-df5d-48f5-aaa8-986ca9f783c5,39.064768,-107.1261945
2017-08-30 13:09:35,-11.302331136868345,14d80e3c-df5d-48f5-aaa8-986ca9f783c5,39.064768,-107.1261945
2017-09-04 13:18:01,-10.7749661013517,14d80e3c-df5d-48f5-aaa8-986ca9f783c5,39.064768,-107.1261945
2017-09-11 13:09:35,-12.862913046089222,14d80e3c-df5d-48f5-aaa8-986ca9f783c5,39.064768,-107.1261945
2017-09-16 13:18:01,-9.824066377599998,14d80e3c-df5d-48f5-aaa8-986ca9f783c5,39.064768,-107.1261945
2017-09-23 13:09:36,-9.73925049473625,14d80e3c-df5d-48f5-aaa8-986ca9f783c5,39.064768,-107.1261945
2017-09-28 13:18:01,-9.672351772361115,14d80e3c-df5d-48f5-aaa8-986ca9f783c5,39.064768,-107.1261945
2017-10-05 13:09:36,-9.662466384028136,14d80e3c-df5d-48f5-aaa8-986ca9f783c5,39.064768,-107.1261945
2017-10-10 13:18:02,-11.961398587862075,14d80e3c-df5d-48f5-aaa8-986ca9f783c5,39.064768,-107.1261945
2017-10-17 13:09:36,-10.251722850918979,14d80e3c-df5d-48f5-aaa8-986ca9f783c5,39.064768,-107.1261945
2017-10-22 13:18:02,-11.432278128877606,14d80e3c-df5d-48f5-aaa8-986ca9f783c5,39.064768,-107.1261945
2017-10-29 13:09:36,-12.893898856339742,14d80e3c-df5d-48f5-aaa8-986ca9f783c5,39.064768,-107.1261945
2017-11-03 13:18:02,-13.0055213834894,14d80e3c-df5d-48f5-aaa8-986ca9f783c5,39.064768,-107.1261945
2017-11-10 13:09:36,-12.20327605719363,14d80e3c-df5d-48f5-aaa8-986ca9f783c5,39.064768,-107.1261945
2017-11-15 13:18:01,-13.45521658060724,14d80e3c-df5d-48f5-aaa8-986ca9f783c5,39.064768,-107.1261945
2017-11-22 13:09:36,-10.5136952000231,14d80e3c-df5d-48f5-aaa8-986ca9f783c5,39.064768,-107.1261945
2017-11-27 13:18:01,-11.672866412223136,14d80e3c-df5d-48f5-aaa8-986ca9f783c5,39.064768,-107.1261945
2017-12-04 13:09:35,-15.29530761045309,14d80e3c-df5d-48f5-aaa8-986ca9f783c5,39.064768,-107.1261945
2017-12-09 13:18:01,-11.519230160378928,14d80e3c-df5d-48f5-aaa8-986ca9f783c5,39.064768,-107.1261945
2017-12-16 13:09:35,-12.841055563563806,14d80e3c-df5d-48f5-aaa8-986ca9f783c5,39.064768,-107.1261945
2017-12-21 13:18:00,-12.18411420985297,14d80e3c-df5d-48f5-aaa8-986ca9f783c5,39.064768,-107.1261945
2017-12-28 13:09:34,-10.223174790485299,14d80e3c-df5d-48f5-aaa8-986ca9f783c5,39.064768,-107.1261945
2018-01-02 13:18:00,-11.706227287434707,14d80e3c-df5d-48f5-aaa8-986ca9f783c5,39.064768,-107.1261945
2018-01-09 13:09:34,-15.806989370783455,14d80e3c-df5d-48f5-aaa8-986ca9f783c5,39.064768,-107.1261945
2018-01-14 13:17:59,-12.945214729204196,14d80e3c-df5d-48f5-aaa8-986ca9f783c5,39.064768,-107.1261945
2018-01-21 13:09:33,-15.67455256458308,14d80e3c-df5d-48f5-aaa8-986ca9f783c5,39.064768,-107.1261945
2018-01-26 13:17:59,-15.222508003326487,14d80e3c-df5d-48f5-aaa8-986ca9f783c5,39.064768,-107.1261945
2018-02-02 13:09:33,-11.543860773699869,14d80e3c-df5d-48f5-aaa8-986ca9f783c5,39.064768,-107.1261945
2018-02-07 13:17:59,-14.73796641435484,14d80e3c-df5d-48f5-aaa8-986ca9f783c5,39.064768,-107.1261945
2018-02-14 13:09:33,-16.06496154780112,14d80e3c-df5d-48f5-aaa8-986ca9f783c5,39.064768,-107.1261945
2018-02-19 13:17:58,-9.468649851575396,14d80e3c-df5d-48f5-aaa8-986ca9f783c5,39.064768,-107.1261945
2018-02-26 13:09:33,-12.985513112447215,14d80e3c-df5d-48f5-aaa8-986ca9f783c5,39.064768,-107.1261945
2018-03-03 13:17:58,-12.826664219906604,14d80e3c-df5d-48f5-aaa8-986ca9f783c5,39.064768,-107.1261945
2018-03-10 13:09:33,-11.823910327779137,14d80e3c-df5d-48f5-aaa8-986ca9f783c5,39.064768,-107.1261945
2018-03-15 13:17:59,-12.425550441428692,14d80e3c-df5d-48f5-aaa8-986ca9f783c5,39.064768,-107.1261945
2018-03-22 13:09:33,-11.569014375043327,14d80e3c-df5d-48f5-aaa8-986ca9f783c5,39.064768,-107.1261945
2018-03-27 13:17:59,-10.37028522440129,14d80e3c-df5d-48f5-aaa8-986ca9f783c5,39.064768,-107.1261945
2018-04-03 13:09:33,-13.274729786671738,14d80e3c-df5d-48f5-aaa8-986ca9f783c5,39.064768,-107.1261945
2018-04-08 13:17:59,-15.344460813301,14d80e3c-df5d-48f5-aaa8-986ca9f783c5,39.064768,-107.1261945
2018-04-15 13:09:34,-12.52571872373683,14d80e3c-df5d-48f5-aaa8-986ca9f783c5,39.064768,-107.1261945
2018-04-20 13:18:00,-11.721398025788906,14d80e3c-df5d-48f5-aaa8-986ca9f783c5,39.064768,-107.1261945
2018-04-27 13:09:34,-12.544346053089512,14d80e3c-df5d-48f5-aaa8-986ca9f783c5,39.064768,-107.1261945
2018-05-02 13:18:00,-11.54404308280948,14d80e3c-df5d-48f5-aaa8-986ca9f783c5,39.064768,-107.1261945
2018-05-09 13:09:35,-13.490210585907638,14d80e3c-df5d-48f5-aaa8-986ca9f783c5,39.064768,-107.1261945
2018-05-14 13:18:01,-11.766138972389516,14d80e3c-df5d-48f5-aaa8-986ca9f783c5,39.064768,-107.1261945
2018-05-21 13:09:36,-13.750859985506844,14d80e3c-df5d-48f5-aaa8-986ca9f783c5,39.064768,-107.1261945
2018-05-26 13:18:01,-12.187219808826098,14d80e3c-df5d-48f5-aaa8-986ca9f783c5,39.064768,-107.1261945
2018-06-02 13:09:36,-10.375521827944361,14d80e3c-df5d-48f5-aaa8-986ca9f783c5,39.064768,-107.1261945
2018-06-07 13:18:02,-10.402066191617717,14d80e3c-df5d-48f5-aaa8-986ca9f783c5,39.064768,-107.1261945
2018-06-14 13:09:37,-10.166538046263032,14d80e3c-df5d-48f5-aaa8-986ca9f783c5,39.064768,-107.1261945
2018-06-19 13:18:03,-14.088479032312254,14d80e3c-df5d-48f5-aaa8-986ca9f783c5,39.064768,-107.1261945
2018-06-26 13:09:38,-10.558431964533463,14d80e3c-df5d-48f5-aaa8-986ca9f783c5,39.064768,-107.1261945
2018-07-01 13:18:04,-9.734492782136465,14d80e3c-df5d-48f5-aaa8-986ca9f783c5,39.064768,-107.1261945
2018-07-08 13:09:38,-10.056803149189735,14d80e3c-df5d-48f5-aaa8-986ca9f783c5,39.064768,-107.1261945
2018-07-13 13:18:04,-10.129777050108428,14d80e3c-df5d-48f5-aaa8-986ca9f783c5,39.064768,-107.1261945
2018-07-20 13:09:39,-14.151510073470739,14d80e3c-df5d-48f5-aaa8-986ca9f783c5,39.064768,-107.1261945
2018-07-25 13:18:05,-13.708363198203113,14d80e3c-df5d-48f5-aaa8-986ca9f783c5,39.064768,-107.1261945
2018-08-01 13:09:40,-12.77632773681974,14d80e3c-df5d-48f5-aaa8-986ca9f783c5,39.064768,-107.1261945
2018-08-06 13:18:06,-14.475893050242872,14d80e3c-df5d-48f5-aaa8-986ca9f783c5,39.064768,-107.1261945
2018-08-13 13:09:45,-11.000492560424973,14d80e3c-df5d-48f5-aaa8-986ca9f783c5,39.064768,-107.1261945
2018-08-18 13:18:06,-10.463036172464546,14d80e3c-df5d-48f5-aaa8-986ca9f783c5,39.064768,-107.1261945
2018-08-25 13:09:46,-15.55851746488757,14d80e3c-df5d-48f5-aaa8-986ca9f783c5,39.064768,-107.1261945
2018-08-30 13:18:07,-13.811095946422066,14d80e3c-df5d-48f5-aaa8-986ca9f783c5,39.064768,-107.1261945
2018-09-06 13:09:47,-12.76544010580449,14d80e3c-df5d-48f5-aaa8-986ca9f783c5,39.064768,-107.1261945
2018-09-11 13:18:08,-10.423039594521908,14d80e3c-df5d-48f5-aaa8-986ca9f783c5,39.064768,-107.1261945
2018-09-18 13:09:47,-11.453845211862852,14d80e3c-df5d-48f5-aaa8-986ca9f783c5,39.064768,-107.1261945
2018-09-23 13:18:08,-11.643245620484334,14d80e3c-df5d-48f5-aaa8-986ca9f783c5,39.064768,-107.1261945
2018-09-30 13:09:47,-15.522102310648973,14d80e3c-df5d-48f5-aaa8-986ca9f783c5,39.064768,-107.1261945
2018-10-05 13:18:08,-9.324878665462029,14d80e3c-df5d-48f5-aaa8-986ca9f783c5,39.064768,-107.1261945
2018-10-12 13:09:47,-10.843811884761399,14d80e3c-df5d-48f5-aaa8-986ca9f783c5,39.064768,-107.1261945
2018-10-17 13:18:08,-11.52282172564914,14d80e3c-df5d-48f5-aaa8-986ca9f783c5,39.064768,-107.1261945
2018-10-24 13:09:47,-14.084805436428516,14d80e3c-df5d-48f5-aaa8-986ca9f783c5,39.064768,-107.1261945
2018-10-29 13:18:08,-9.907908646626721,14d80e3c-df5d-48f5-aaa8-986ca9f783c5,39.064768,-107.1261945
2018-11-05 13:09:47,-12.442123193059999,14d80e3c-df5d-48f5-aaa8-986ca9f783c5,39.064768,-107.1261945
2018-11-10 13:18:08,-10.711168208314191,14d80e3c-df5d-48f5-aaa8-986ca9f783c5,39.064768,-107.1261945
2018-11-17 13:09:47,-11.310674218235253,14d80e3c-df5d-48f5-aaa8-986ca9f783c5,39.064768,-107.1261945
2018-11-22 13:18:08,-13.183727980458976,14d80e3c-df5d-48f5-aaa8-986ca9f783c5,39.064768,-107.1261945
2018-11-29 13:09:46,-10.4235578810451,14d80e3c-df5d-48f5-aaa8-986ca9f783c5,39.064768,-107.1261945
2018-12-04 13:18:08,-8.609889243776458,14d80e3c-df5d-48f5-aaa8-986ca9f783c5,39.064768,-107.1261945
2018-12-11 13:09:46,-12.711457128109414,14d80e3c-df5d-48f5-aaa8-986ca9f783c5,39.064768,-107.1261945
2018-12-16 13:18:07,-10.982424821476437,14d80e3c-df5d-48f5-aaa8-986ca9f783c5,39.064768,-107.1261945
2018-12-23 13:09:46,-10.46333062326161,14d80e3c-df5d-48f5-aaa8-986ca9f783c5,39.064768,-107.1261945
2018-12-28 13:18:07,-7.288786260825718,14d80e3c-df5d-48f5-aaa8-986ca9f783c5,39.064768,-107.1261945
2019-01-04 13:09:45,-10.407832460246844,14d80e3c-df5d-48f5-aaa8-986ca9f783c5,39.064768,-107.1261945
2019-01-09 13:18:06,-11.5634012973381,14d80e3c-df5d-48f5-aaa8-986ca9f783c5,39.064768,-107.1261945
2019-01-16 13:09:45,-13.725891838650108,14d80e3c-df5d-48f5-aaa8-986ca9f783c5,39.064768,-107.1261945
2019-01-21 13:18:06,-12.886187201858807,14d80e3c-df5d-48f5-aaa8-986ca9f783c5,39.064768,-107.1261945
2019-01-28 13:09:45,-13.591128562815257,14d80e3c-df5d-48f5-aaa8-986ca9f783c5,39.064768,-107.1261945
2019-02-02 13:18:05,-13.698300750350445,14d80e3c-df5d-48f5-aaa8-986ca9f783c5,39.064768,-107.1261945
2019-02-09 13:09:44,-11.632726476402176,14d80e3c-df5d-48f5-aaa8-986ca9f783c5,39.064768,-107.1261945
2019-02-14 13:18:05,-9.924809048310326,14d80e3c-df5d-48f5-aaa8-986ca9f783c5,39.064768,-107.1261945
2019-02-21 13:09:44,-12.83989273700005,14d80e3c-df5d-48f5-aaa8-986ca9f783c5,39.064768,-107.1261945
2019-02-26 13:18:05,-9.631388594056023,14d80e3c-df5d-48f5-aaa8-986ca9f783c5,39.064768,-107.1261945
2019-03-05 13:09:44,-13.337734793627764,14d80e3c-df5d-48f5-aaa8-986ca9f783c5,39.064768,-107.1261945
2019-03-10 13:18:05,-10.448167828978177,14d80e3c-df5d-48f5-aaa8-986ca9f783c5,39.064768,-107.1261945
2019-03-17 13:09:44,-11.604373446947395,14d80e3c-df5d-48f5-aaa8-986ca9f783c5,39.064768,-107.1261945
2019-03-22 13:18:05,-9.137245528983634,14d80e3c-df5d-48f5-aaa8-986ca9f783c5,39.064768,-107.1261945
2019-03-29 13:09:44,-9.302371360348028,14d80e3c-df5d-48f5-aaa8-986ca9f783c5,39.064768,-107.1261945
2019-04-03 13:18:05,-8.207481854664742,14d80e3c-df5d-48f5-aaa8-986ca9f783c5,39.064768,-107.1261945
2019-04-10 13:09:44,-12.960356447519867,14d80e3c-df5d-48f5-aaa8-986ca9f783c5,39.064768,-107.1261945
2019-04-15 13:18:06,-8.806150107934451,14d80e3c-df5d-48f5-aaa8-986ca9f783c5,39.064768,-107.1261945
2019-04-22 13:09:45,-11.07189634107261,14d80e3c-df5d-48f5-aaa8-986ca9f783c5,39.064768,-107.1261945
2019-04-27 13:18:06,-14.533891326630078,14d80e3c-df5d-48f5-aaa8-986ca9f783c5,39.064768,-107.1261945
2019-05-04 13:09:45,-15.134014704547717,14d80e3c-df5d-48f5-aaa8-986ca9f783c5,39.064768,-107.1261945
2019-05-09 13:18:07,-15.34263206636684,14d80e3c-df5d-48f5-aaa8-986ca9f783c5,39.064768,-107.1261945
2019-05-16 13:09:46,-16.031022501638404,14d80e3c-df5d-48f5-aaa8-986ca9f783c5,39.064768,-107.1261945
2019-05-21 13:18:07,-14.944352652927854,14d80e3c-df5d-48f5-aaa8-986ca9f783c5,39.064768,-107.1261945
2019-05-28 13:09:47,-16.50308171980396,14d80e3c-df5d-48f5-aaa8-986ca9f783c5,39.064768,-107.1261945
2019-06-02 13:18:08,-13.536596394792412,14d80e3c-df5d-48f5-aaa8-986ca9f783c5,39.064768,-107.1261945
2019-06-09 13:09:47,-13.144503008778226,14d80e3c-df5d-48f5-aaa8-986ca9f783c5,39.064768,-107.1261945
2019-06-14 13:18:08,-11.314135855689626,14d80e3c-df5d-48f5-aaa8-986ca9f783c5,39.064768,-107.1261945
2019-06-21 13:09:48,-12.684812706010103,14d80e3c-df5d-48f5-aaa8-986ca9f783c5,39.064768,-107.1261945
2019-06-26 13:18:09,-12.46887901984885,14d80e3c-df5d-48f5-aaa8-986ca9f783c5,39.064768,-107.1261945
2019-07-03 13:09:49,-10.24009990197814,14d80e3c-df5d-48f5-aaa8-986ca9f783c5,39.064768,-107.1261945
2019-07-08 13:18:10,-7.044736195915576,14d80e3c-df5d-48f5-aaa8-986ca9f783c5,39.064768,-107.1261945
2019-07-15 13:09:49,-8.69560861552852,14d80e3c-df5d-48f5-aaa8-986ca9f783c5,39.064768,-107.1261945
2019-07-20 13:18:11,-9.902839225991254,14d80e3c-df5d-48f5-aaa8-986ca9f783c5,39.064768,-107.1261945
2019-07-27 13:09:50,-11.626102880183607,14d80e3c-df5d-48f5-aaa8-986ca9f783c5,39.064768,-107.1261945
2019-08-01 13:18:11,-9.376605706935623,14d80e3c-df5d-48f5-aaa8-986ca9f783c5,39.064768,-107.1261945
2019-08-08 13:09:43,-9.838979264792721,14d80e3c-df5d-48f5-aaa8-986ca9f783c5,39.064768,-107.1261945
2019-08-13 13:18:13,-15.9551369698543,14d80e3c-df5d-48f5-aaa8-986ca9f783c5,39.064768,-107.1261945
2019-08-20 13:09:44,-11.486961567047354,14d80e3c-df5d-48f5-aaa8-986ca9f783c5,39.064768,-107.1261945
2019-08-25 13:18:13,-11.247290819550628,14d80e3c-df5d-48f5-aaa8-986ca9f783c5,39.064768,-107.1261945
2019-09-01 13:09:45,-12.542194930401138,14d80e3c-df5d-48f5-aaa8-986ca9f783c5,39.064768,-107.1261945
2019-09-06 13:18:14,-10.194592858301895,14d80e3c-df5d-48f5-aaa8-986ca9f783c5,39.064768,-107.1261945
2019-09-13 13:09:45,-12.940369070587636,14d80e3c-df5d-48f5-aaa8-986ca9f783c5,39.064768,-107.1261945
2019-09-18 13:18:14,-13.101223397853431,14d80e3c-df5d-48f5-aaa8-986ca9f783c5,39.064768,-107.1261945
2019-09-25 13:09:46,-15.038911493309515,14d80e3c-df5d-48f5-aaa8-986ca9f783c5,39.064768,-107.1261945
2019-09-30 13:18:15,-13.023512186794774,14d80e3c-df5d-48f5-aaa8-986ca9f783c5,39.064768,-107.1261945
2019-10-07 13:09:46,-12.837984720729796,14d80e3c-df5d-48f5-aaa8-986ca9f783c5,39.064768,-107.1261945
2019-10-12 13:18:15,-10.92226259230305,14d80e3c-df5d-48f5-aaa8-986ca9f783c5,39.064768,-107.1261945
2019-10-19 13:09:46,-13.144733622057585,14d80e3c-df5d-48f5-aaa8-986ca9f783c5,39.064768,-107.1261945
2019-10-24 13:18:14,-11.41868399448378,14d80e3c-df5d-48f5-aaa8-986ca9f783c5,39.064768,-107.1261945
2019-10-31 13:09:46,-15.240639797679226,14d80e3c-df5d-48f5-aaa8-986ca9f783c5,39.064768,-107.1261945
2019-11-05 13:18:15,-13.111682207271622,14d80e3c-df5d-48f5-aaa8-986ca9f783c5,39.064768,-107.1261945
2019-11-12 13:09:46,-13.516674316301883,14d80e3c-df5d-48f5-aaa8-986ca9f783c5,39.064768,-107.1261945
2019-11-17 13:18:15,-14.13245097651143,14d80e3c-df5d-48f5-aaa8-986ca9f783c5,39.064768,-107.1261945
2019-11-24 13:09:46,-13.213176006706044,14d80e3c-df5d-48f5-aaa8-986ca9f783c5,39.064768,-107.1261945
2019-11-29 13:18:14,-10.840221261977852,14d80e3c-df5d-48f5-aaa8-986ca9f783c5,39.064768,-107.1261945
2019-12-06 13:09:45,-10.827792318260192,14d80e3c-df5d-48f5-aaa8-986ca9f783c5,39.064768,-107.1261945
2019-12-11 13:18:14,-13.595219849074343,14d80e3c-df5d-48f5-aaa8-986ca9f783c5,39.064768,-107.1261945
2019-12-18 13:09:45,-10.513004026101122,14d80e3c-df5d-48f5-aaa8-986ca9f783c5,39.064768,-107.1261945
2019-12-23 13:18:13,-11.881994155878207,14d80e3c-df5d-48f5-aaa8-986ca9f783c5,39.064768,-107.1261945
2019-12-30 13:09:44,-16.018832843621446,14d80e3c-df5d-48f5-aaa8-986ca9f783c5,39.064768,-107.1261945
2020-01-04 13:18:13,-13.383516506159594,14d80e3c-df5d-48f5-aaa8-986ca9f783c5,39.064768,-107.1261945
2020-01-11 13:09:44,-13.646574167902589,14d80e3c-df5d-48f5-aaa8-986ca9f783c5,39.064768,-107.1261945
2020-01-16 13:18:12,-10.970716783160743,14d80e3c-df5d-48f5-aaa8-986ca9f783c5,39.064768,-107.1261945
2020-01-23 13:09:43,-14.866881102855787,14d80e3c-df5d-48f5-aaa8-986ca9f783c5,39.064768,-107.1261945
2020-01-28 13:18:12,-13.209320362109036,14d80e3c-df5d-48f5-aaa8-986ca9f783c5,39.064768,-107.1261945
2020-02-04 13:09:43,-11.31215343734696,14d80e3c-df5d-48f5-aaa8-986ca9f783c5,39.064768,-107.1261945
2020-02-09 13:18:11,-9.857034798094283,14d80e3c-df5d-48f5-aaa8-986ca9f783c5,39.064768,-107.1261945
2020-02-16 13:09:43,-10.169489074779033,14d80e3c-df5d-48f5-aaa8-986ca9f783c5,39.064768,-107.1261945
2020-02-21 13:18:11,-10.082779282020551,14d80e3c-df5d-48f5-aaa8-986ca9f783c5,39.064768,-107.1261945
2020-02-28 13:09:42,-13.811265756879953,14d80e3c-df5d-48f5-aaa8-986ca9f783c5,39.064768,-107.1261945
2020-03-04 13:18:11,-8.295787073421016,14d80e3c-df5d-48f5-aaa8-986ca9f783c5,39.064768,-107.1261945
2020-03-11 13:09:42,-11.815463282054797,14d80e3c-df5d-48f5-aaa8-986ca9f783c5,39.064768,-107.1261945
2020-03-16 13:18:11,-10.589702136645977,14d80e3c-df5d-48f5-aaa8-986ca9f783c5,39.064768,-107.1261945
2020-03-23 13:09:43,-13.184480361802605,14d80e3c-df5d-48f5-aaa8-986ca9f783c5,39.064768,-107.1261945
2020-03-28 13:18:11,-10.287335661680604,14d80e3c-df5d-48f5-aaa8-986ca9f783c5,39.064768,-107.1261945
2020-04-04 13:09:43,-11.55344648841373,14d80e3c-df5d-48f5-aaa8-986ca9f783c5,39.064768,-107.1261945
2020-04-09 13:18:12,-10.977642121810563,14d80e3c-df5d-48f5-aaa8-986ca9f783c5,39.064768,-107.1261945
2020-04-16 13:09:43,-12.908293140590011,14d80e3c-df5d-48f5-aaa8-986ca9f783c5,39.064768,-107.1261945
2020-04-21 13:18:12,-11.002648874871886,14d80e3c-df5d-48f5-aaa8-986ca9f783c5,39.064768,-107.1261945
2020-04-28 13:09:44,-14.691422908216772,14d80e3c-df5d-48f5-aaa8-986ca9f783c5,39.064768,-107.1261945
2020-05-03 13:18:13,-12.306726110917888,14d80e3c-df5d-48f5-aaa8-986ca9f783c5,39.064768,-107.1261945
2020-05-10 13:09:44,-11.680614051483104,14d80e3c-df5d-48f5-aaa8-986ca9f783c5,39.064768,-107.1261945
2020-05-15 13:18:14,-13.39114253357482,14d80e3c-df5d-48f5-aaa8-986ca9f783c5,39.064768,-107.1261945
2020-05-22 13:09:45,-16.69118033684472,14d80e3c-df5d-48f5-aaa8-986ca9f783c5,39.064768,-107.1261945
2020-05-27 13:18:14,-11.076773016047571,14d80e3c-df5d-48f5-aaa8-986ca9f783c5,39.064768,-107.1261945
2020-06-03 13:09:46,-13.502946518211033,14d80e3c-df5d-48f5-aaa8-986ca9f783c5,39.064768,-107.1261945
2020-06-08 13:18:15,-13.589696635283794,14d80e3c-df5d-48f5-aaa8-986ca9f783c5,39.064768,-107.1261945
2020-06-15 13:09:47,-14.717334920571927,14d80e3c-df5d-48f5-aaa8-986ca9f783c5,39.064768,-107.1261945
2020-06-20 13:18:16,-10.096549023015204,14d80e3c-df5d-48f5-aaa8-986ca9f783c5,39.064768,-107.1261945
2020-06-27 13:09:47,-13.277312123789454,14d80e3c-df5d-48f5-aaa8-986ca9f783c5,39.064768,-107.1261945
2020-07-02 13:18:16,-10.056695948609528,14d80e3c-df5d-48f5-aaa8-986ca9f783c5,39.064768,-107.1261945
2020-07-09 13:09:48,-11.847913731556275,14d80e3c-df5d-48f5-aaa8-986ca9f783c5,39.064768,-107.1261945
2020-07-14 13:18:17,-10.458186691651372,14d80e3c-df5d-48f5-aaa8-986ca9f783c5,39.064768,-107.1261945
2020-07-21 13:09:49,-13.08219658008954,14d80e3c-df5d-48f5-aaa8-986ca9f783c5,39.064768,-107.1261945
2020-07-26 13:18:18,-10.451050978648947,14d80e3c-df5d-48f5-aaa8-986ca9f783c5,39.064768,-107.1261945
2020-08-02 13:09:50,-14.41027086339135,14d80e3c-df5d-48f5-aaa8-986ca9f783c5,39.064768,-107.1261945
2020-08-07 13:18:18,-10.2815133685313,14d80e3c-df5d-48f5-aaa8-986ca9f783c5,39.064768,-107.1261945
2020-08-14 13:09:50,-16.328523432438587,14d80e3c-df5d-48f5-aaa8-986ca9f783c5,39.064768,-107.1261945
2020-08-19 13:18:19,-10.711359928932197,14d80e3c-df5d-48f5-aaa8-986ca9f783c5,39.064768,-107.1261945
2020-08-26 13:09:51,-15.195105492553814,14d80e3c-df5d-48f5-aaa8-986ca9f783c5,39.064768,-107.1261945
2020-08-31 13:18:20,-9.381737131105377,14d80e3c-df5d-48f5-aaa8-986ca9f783c5,39.064768,-107.1261945
2020-09-07 13:09:51,-13.91609056460605,14d80e3c-df5d-48f5-aaa8-986ca9f783c5,39.064768,-107.1261945
2020-09-12 13:18:20,-14.008893347289352,14d80e3c-df5d-48f5-aaa8-986ca9f783c5,39.064768,-107.1261945
2020-09-19 13:09:52,-11.941113201998363,14d80e3c-df5d-48f5-aaa8-986ca9f783c5,39.064768,-107.1261945
2020-09-24 13:18:21,-13.645310352233826,14d80e3c-df5d-48f5-aaa8-986ca9f783c5,39.064768,-107.1261945
2020-10-01 13:09:52,-13.538706575050568,14d80e3c-df5d-48f5-aaa8-986ca9f783c5,39.064768,-107.1261945
2020-10-06 13:18:21,-12.697704542365988,14d80e3c-df5d-48f5-aaa8-986ca9f783c5,39.064768,-107.1261945
2020-10-13 13:09:52,-13.429097491892293,14d80e3c-df5d-48f5-aaa8-986ca9f783c5,39.064768,-107.1261945
2020-10-18 13:18:21,-11.272226796469786,14d80e3c-df5d-48f5-aaa8-986ca9f783c5,39.064768,-107.1261945
2020-10-25 13:09:52,-14.952606798654948,14d80e3c-df5d-48f5-aaa8-986ca9f783c5,39.064768,-107.1261945
2020-10-30 13:18:21,-13.889902555472764,14d80e3c-df5d-48f5-aaa8-986ca9f783c5,39.064768,-107.1261945
2020-11-06 13:09:52,-14.310379073521318,14d80e3c-df5d-48f5-aaa8-986ca9f783c5,39.064768,-107.1261945
2020-11-11 13:18:21,-11.272046377824426,14d80e3c-df5d-48f5-aaa8-986ca9f783c5,39.064768,-107.1261945
2020-11-18 13:09:52,-15.502219285288506,14d80e3c-df5d-48f5-aaa8-986ca9f783c5,39.064768,-107.1261945
2020-11-23 13:18:20,-10.378817509598361,14d80e3c-df5d-48f5-aaa8-986ca9f783c5,39.064768,-107.1261945
2020-11-30 13:09:51,-13.752550663404602,14d80e3c-df5d-48f5-aaa8-986ca9f783c5,39.064768,-107.1261945
2020-12-05 13:18:20,-12.718178339992,14d80e3c-df5d-48f5-aaa8-986ca9f783c5,39.064768,-107.1261945
2020-12-12 13:09:51,-13.711985324545385,14d80e3c-df5d-48f5-aaa8-986ca9f783c5,39.064768,-107.1261945
2020-12-17 13:18:20,-11.62163302906466,14d80e3c-df5d-48f5-aaa8-986ca9f783c5,39.064768,-107.1261945
2020-12-24 13:09:50,-14.512522516183612,14d80e3c-df5d-48f5-aaa8-986ca9f783c5,39.064768,-107.1261945
2020-12-29 13:18:19,-15.199393957886647,14d80e3c-df5d-48f5-aaa8-986ca9f783c5,39.064768,-107.1261945
2021-01-05 13:09:50,-14.901970373743325,14d80e3c-df5d-48f5-aaa8-986ca9f783c5,39.064768,-107.1261945
2021-01-10 13:18:18,-11.35687913821787,14d80e3c-df5d-48f5-aaa8-986ca9f783c5,39.064768,-107.1261945
2021-01-17 13:09:49,-12.423559045606618,14d80e3c-df5d-48f5-aaa8-986ca9f783c5,39.064768,-107.1261945
2021-01-22 13:18:18,-11.010447025323531,14d80e3c-df5d-48f5-aaa8-986ca9f783c5,39.064768,-107.1261945
2021-01-29 13:09:49,-14.461517420617433,14d80e3c-df5d-48f5-aaa8-986ca9f783c5,39.064768,-107.1261945
2021-02-03 13:18:18,-7.926629802099993,14d80e3c-df5d-48f5-aaa8-986ca9f783c5,39.064768,-107.1261945
2021-02-10 13:09:49,-13.8349705660509,14d80e3c-df5d-48f5-aaa8-986ca9f783c5,39.064768,-107.1261945
2021-02-15 13:18:17,-12.141071175070705,14d80e3c-df5d-48f5-aaa8-986ca9f783c5,39.064768,-107.1261945
2021-02-22 13:09:48,-13.672595233065966,14d80e3c-df5d-48f5-aaa8-986ca9f783c5,39.064768,-107.1261945
2021-02-27 13:18:17,-10.393404195033604,14d80e3c-df5d-48f5-aaa8-986ca9f783c5,39.064768,-107.1261945
2021-03-06 13:09:48,-13.923061153161134,14d80e3c-df5d-48f5-aaa8-986ca9f783c5,39.064768,-107.1261945
2021-03-11 13:18:17,-10.68235522609128,14d80e3c-df5d-48f5-aaa8-986ca9f783c5,39.064768,-107.1261945
2021-03-18 13:09:48,-13.135588235110625,14d80e3c-df5d-48f5-aaa8-986ca9f783c5,39.064768,-107.1261945
2021-03-23 13:18:17,-7.62748165024523,14d80e3c-df5d-48f5-aaa8-986ca9f783c5,39.064768,-107.1261945
2021-03-30 13:09:49,-10.472929906062308,14d80e3c-df5d-48f5-aaa8-986ca9f783c5,39.064768,-107.1261945
2021-04-04 13:18:18,-13.083287272162957,14d80e3c-df5d-48f5-aaa8-986ca9f783c5,39.064768,-107.1261945
2021-04-11 13:09:49,-12.365730789208332,14d80e3c-df5d-48f5-aaa8-986ca9f783c5,39.064768,-107.1261945
2021-04-16 13:18:18,-11.343816329398768,14d80e3c-df5d-48f5-aaa8-986ca9f783c5,39.064768,-107.1261945
2021-04-23 13:09:50,-10.169942153014324,14d80e3c-df5d-48f5-aaa8-986ca9f783c5,39.064768,-107.1261945
2021-04-28 13:18:18,-12.154262585056006,14d80e3c-df5d-48f5-aaa8-986ca9f783c5,39.064768,-107.1261945
2021-05-05 13:09:50,-15.836494367462207,14d80e3c-df5d-48f5-aaa8-986ca9f783c5,39.064768,-107.1261945
2021-05-10 13:18:19,-9.497636691763496,14d80e3c-df5d-48f5-aaa8-986ca9f783c5,39.064768,-107.1261945
2021-05-17 13:09:51,-13.381992787949983,14d80e3c-df5d-48f5-aaa8-986ca9f783c5,39.064768,-107.1261945
2021-05-22 13:18:20,-10.187938073188338,14d80e3c-df5d-48f5-aaa8-986ca9f783c5,39.064768,-107.1261945
2021-05-29 13:09:51,-10.77350777523815,14d80e3c-df5d-48f5-aaa8-986ca9f783c5,39.064768,-107.1261945
2021-06-03 13:18:20,-13.12732392514035,14d80e3c-df5d-48f5-aaa8-986ca9f783c5,39.064768,-107.1261945
2021-06-10 13:09:52,-12.841649245451135,14d80e3c-df5d-48f5-aaa8-986ca9f783c5,39.064768,-107.1261945
2021-06-15 13:18:21,-10.534848238734327,14d80e3c-df5d-48f5-aaa8-986ca9f783c5,39.064768,-107.1261945
2021-06-22 13:09:53,-10.433812902249207,14d80e3c-df5d-48f5-aaa8-986ca9f783c5,39.064768,-107.1261945
2021-06-27 13:18:22,-10.780193955430683,14d80e3c-df5d-48f5-aaa8-986ca9f783c5,39.064768,-107.1261945
2021-07-04 13:09:54,-14.737466961088565,14d80e3c-df5d-48f5-aaa8-986ca9f783c5,39.064768,-107.1261945
2021-07-09 13:18:23,-10.309991436116494,14d80e3c-df5d-48f5-aaa8-986ca9f783c5,39.064768,-107.1261945
2021-07-16 13:09:54,-12.411279062629625,14d80e3c-df5d-48f5-aaa8-986ca9f783c5,39.064768,-107.1261945
2021-07-21 13:18:23,-6.120717509619641,14d80e3c-df5d-48f5-aaa8-986ca9f783c5,39.064768,-107.1261945
2021-07-28 13:09:55,-14.631958742043704,14d80e3c-df5d-48f5-aaa8-986ca9f783c5,39.064768,-107.1261945
2021-08-02 13:18:24,-8.549092192452452,14d80e3c-df5d-48f5-aaa8-986ca9f783c5,39.064768,-107.1261945
2021-08-09 13:09:56,-14.413282804212251,14d80e3c-df5d-48f5-aaa8-986ca9f783c5,39.064768,-107.1261945
2021-08-14 13:18:25,-10.825508792560468,14d80e3c-df5d-48f5-aaa8-986ca9f783c5,39.064768,-107.1261945
2021-08-21 13:09:56,-13.050980659722667,14d80e3c-df5d-48f5-aaa8-986ca9f783c5,39.064768,-107.1261945
2021-08-26 13:18:25,-11.974903474191457,14d80e3c-df5d-48f5-aaa8-986ca9f783c5,39.064768,-107.1261945
2021-09-02 13:09:57,-9.799800526734478,14d80e3c-df5d-48f5-aaa8-986ca9f783c5,39.064768,-107.1261945
2021-09-07 13:18:26,-13.234553893457917,14d80e3c-df5d-48f5-aaa8-986ca9f783c5,39.064768,-107.1261945
2021-09-14 13:09:57,-12.220718943656767,14d80e3c-df5d-48f5-aaa8-986ca9f783c5,39.064768,-107.1261945
2021-09-19 13:18:26,-6.896586549301247,14d80e3c-df5d-48f5-aaa8-986ca9f783c5,39.064768,-107.1261945
2021-09-26 13:09:58,-13.457858826970945,14d80e3c-df5d-48f5-aaa8-986ca9f783c5,39.064768,-107.1261945
2021-10-01 13:18:27,-9.035194144702366,14d80e3c-df5d-48f5-aaa8-986ca9f783c5,39.064768,-107.1261945
2021-10-08 13:09:58,-11.922803991251117,14d80e3c-df5d-48f5-aaa8-986ca9f783c5,39.064768,-107.1261945
2021-10-13 13:18:27,-9.294919254261869,14d80e3c-df5d-48f5-aaa8-986ca9f783c5,39.064768,-107.1261945
2021-10-20 13:09:58,-14.594766253058962,14d80e3c-df5d-48f5-aaa8-986ca9f783c5,39.064768,-107.1261945
2021-10-25 13:18:27,-9.578050054036899,14d80e3c-df5d-48f5-aaa8-986ca9f783c5,39.064768,-107.1261945
2021-11-01 13:09:58,-16.605890787585935,14d80e3c-df5d-48f5-aaa8-986ca9f783c5,39.064768,-107.1261945
2021-11-13 13:09:58,-16.46736848619637,14d80e3c-df5d-48f5-aaa8-986ca9f783c5,39.064768,-107.1261945
2021-11-18 13:18:26,-11.402400492301368,14d80e3c-df5d-48f5-aaa8-986ca9f783c5,39.064768,-107.1261945
2021-11-25 13:09:57,-10.3697989765171,14d80e3c-df5d-48f5-aaa8-986ca9f783c5,39.064768,-107.1261945
2021-11-30 13:18:26,-13.283719460944347,14d80e3c-df5d-48f5-aaa8-986ca9f783c5,39.064768,-107.1261945
2021-12-07 13:09:57,-13.129346126263036,14d80e3c-df5d-48f5-aaa8-986ca9f783c5,39.064768,-107.1261945
2021-12-12 13:18:25,-14.483037658392197,14d80e3c-df5d-48f5-aaa8-986ca9f783c5,39.064768,-107.1261945
2021-12-19 13:09:56,-12.097471588427183,14d80e3c-df5d-48f5-aaa8-986ca9f783c5,39.064768,-107.1261945
2021-12-24 13:18:25,-11.073842896755748,14d80e3c-df5d-48f5-aaa8-986ca9f783c5,39.064768,-107.1261945
2014-10-04 01:01:43,-9.442830414451484,14d80e3c-df5d-48f5-aaa8-986ca9f783c5,39.064768,-107.1261945
2014-10-09 01:09:58,-14.566081706593394,14d80e3c-df5d-48f5-aaa8-986ca9f783c5,39.064768,-107.1261945
2014-10-14 13:17:34,-10.421592072895123,14d80e3c-df5d-48f5-aaa8-986ca9f783c5,39.064768,-107.1261945
2014-10-21 13:09:30,-14.155266245324222,14d80e3c-df5d-48f5-aaa8-986ca9f783c5,39.064768,-107.1261945
2014-10-28 01:01:43,-11.486518657844375,14d80e3c-df5d-48f5-aaa8-986ca9f783c5,39.064768,-107.1261945
2014-11-07 13:17:34,-12.15184470733007,14d80e3c-df5d-48f5-aaa8-986ca9f783c5,39.064768,-107.1261945
2014-11-14 13:09:30,-11.593951659953383,14d80e3c-df5d-48f5-aaa8-986ca9f783c5,39.064768,-107.1261945
2014-11-21 01:01:43,-12.529684571275324,14d80e3c-df5d-48f5-aaa8-986ca9f783c5,39.064768,-107.1261945
2014-11-26 01:09:58,-12.94170849304895,14d80e3c-df5d-48f5-aaa8-986ca9f783c5,39.064768,-107.1261945
2014-12-01 13:17:33,-9.003311160368135,14d80e3c-df5d-48f5-aaa8-986ca9f783c5,39.064768,-107.1261945
2014-12-08 13:09:29,-13.823014430450002,14d80e3c-df5d-48f5-aaa8-986ca9f783c5,39.064768,-107.1261945
2014-12-15 01:01:42,-9.173900994482556,14d80e3c-df5d-48f5-aaa8-986ca9f783c5,39.064768,-107.1261945
2014-12-20 01:09:57,-15.145993032573394,14d80e3c-df5d-48f5-aaa8-986ca9f783c5,39.064768,-107.1261945
2014-12-25 13:17:32,-10.948617854718783,14d80e3c-df5d-48f5-aaa8-986ca9f783c5,39.064768,-107.1261945
2015-01-01 13:09:28,-12.518328190945871,14d80e3c-df5d-48f5-aaa8-986ca9f783c5,39.064768,-107.1261945
2015-01-08 01:01:41,-11.615067165500466,14d80e3c-df5d-48f5-aaa8-986ca9f783c5,39.064768,-107.1261945
2015-01-13 01:09:56,-13.067496644155566,14d80e3c-df5d-48f5-aaa8-986ca9f783c5,39.064768,-107.1261945
2015-01-18 13:17:32,-8.917292232635205,14d80e3c-df5d-48f5-aaa8-986ca9f783c5,39.064768,-107.1261945
2015-02-01 01:01:40,-9.840874237668919,14d80e3c-df5d-48f5-aaa8-986ca9f783c5,39.064768,-107.1261945
2015-02-06 01:09:55,-13.166867884290014,14d80e3c-df5d-48f5-aaa8-986ca9f783c5,39.064768,-107.1261945
2015-02-11 13:17:31,-5.805041734530041,14d80e3c-df5d-48f5-aaa8-986ca9f783c5,39.064768,-107.1261945
2015-02-18 13:09:27,-10.04500766456962,14d80e3c-df5d-48f5-aaa8-986ca9f783c5,39.064768,-107.1261945
2015-02-18 13:09:27,-10.04500766456962,14d80e3c-df5d-48f5-aaa8-986ca9f783c5,39.064768,-107.1261945
2015-02-25 01:01:40,-9.050222921299367,14d80e3c-df5d-48f5-aaa8-986ca9f783c5,39.064768,-107.1261945
2015-03-02 13:09:27,-11.32619343904016,14d80e3c-df5d-48f5-aaa8-986ca9f783c5,39.064768,-107.1261945
2015-03-07 13:17:31,-2.551700812282201,14d80e3c-df5d-48f5-aaa8-986ca9f783c5,39.064768,-107.1261945
2015-03-14 01:09:56,-12.878767416767916,14d80e3c-df5d-48f5-aaa8-986ca9f783c5,39.064768,-107.1261945
2015-03-21 01:01:41,-9.390174431908221,14d80e3c-df5d-48f5-aaa8-986ca9f783c5,39.064768,-107.1261945
2015-03-26 13:09:28,-10.772332112262252,14d80e3c-df5d-48f5-aaa8-986ca9f783c5,39.064768,-107.1261945
2015-03-31 13:17:32,-12.97290244966431,14d80e3c-df5d-48f5-aaa8-986ca9f783c5,39.064768,-107.1261945
2015-04-07 01:09:56,-14.736121083239507,14d80e3c-df5d-48f5-aaa8-986ca9f783c5,39.064768,-107.1261945
2015-04-14 01:01:41,-11.933639541924634,14d80e3c-df5d-48f5-aaa8-986ca9f783c5,39.064768,-107.1261945
2015-04-24 13:17:33,-12.696253623669945,14d80e3c-df5d-48f5-aaa8-986ca9f783c5,39.064768,-107.1261945
2015-05-01 01:09:58,-14.884582351359585,14d80e3c-df5d-48f5-aaa8-986ca9f783c5,39.064768,-107.1261945
2015-05-08 01:01:43,-8.150254889315214,14d80e3c-df5d-48f5-aaa8-986ca9f783c5,39.064768,-107.1261945
2015-05-13 13:09:30,-12.406991798026086,14d80e3c-df5d-48f5-aaa8-986ca9f783c5,39.064768,-107.1261945
2015-05-18 13:17:34,-15.785509654167495,14d80e3c-df5d-48f5-aaa8-986ca9f783c5,39.064768,-107.1261945
2015-05-25 01:09:59,-11.578847188170965,14d80e3c-df5d-48f5-aaa8-986ca9f783c5,39.064768,-107.1261945
2015-06-01 01:01:44,-14.813791489370452,14d80e3c-df5d-48f5-aaa8-986ca9f783c5,39.064768,-107.1261945
2015-06-06 13:09:32,-10.339850164597923,14d80e3c-df5d-48f5-aaa8-986ca9f783c5,39.064768,-107.1261945
2015-06-25 01:01:46,-8.324732070693479,14d80e3c-df5d-48f5-aaa8-986ca9f783c5,39.064768,-107.1261945
2015-06-30 13:09:33,-10.876475184315641,14d80e3c-df5d-48f5-aaa8-986ca9f783c5,39.064768,-107.1261945
2015-07-05 13:17:36,-9.784881225804426,14d80e3c-df5d-48f5-aaa8-986ca9f783c5,39.064768,-107.1261945
2015-07-12 01:10:01,-10.997307026682924,14d80e3c-df5d-48f5-aaa8-986ca9f783c5,39.064768,-107.1261945
2015-07-19 01:01:46,-8.080072617678242,14d80e3c-df5d-48f5-aaa8-986ca9f783c5,39.064768,-107.1261945
2015-07-24 13:09:34,-9.895042309257802,14d80e3c-df5d-48f5-aaa8-986ca9f783c5,39.064768,-107.1261945
2015-07-29 13:17:38,-10.528653662312756,14d80e3c-df5d-48f5-aaa8-986ca9f783c5,39.064768,-107.1261945
2015-08-17 13:09:35,-8.410236870863008,14d80e3c-df5d-48f5-aaa8-986ca9f783c5,39.064768,-107.1261945
2015-08-22 13:17:39,-9.494941127482567,14d80e3c-df5d-48f5-aaa8-986ca9f783c5,39.064768,-107.1261945
2015-09-10 13:09:36,-11.011802100110067,14d80e3c-df5d-48f5-aaa8-986ca9f783c5,39.064768,-107.1261945
2015-09-29 01:01:49,-11.407796636786038,14d80e3c-df5d-48f5-aaa8-986ca9f783c5,39.064768,-107.1261945
2015-10-04 13:09:36,-10.456169568071925,14d80e3c-df5d-48f5-aaa8-986ca9f783c5,39.064768,-107.1261945
2015-10-09 13:17:40,-10.716421287595093,14d80e3c-df5d-48f5-aaa8-986ca9f783c5,39.064768,-107.1261945
2015-10-23 01:01:49,-10.917116558077943,14d80e3c-df5d-48f5-aaa8-986ca9f783c5,39.064768,-107.1261945
2015-10-28 13:09:36,-11.31742741485121,14d80e3c-df5d-48f5-aaa8-986ca9f783c5,39.064768,-107.1261945
2015-11-02 13:17:40,-12.199150743559674,14d80e3c-df5d-48f5-aaa8-986ca9f783c5,39.064768,-107.1261945
2015-11-16 01:01:44,-8.884352683490768,14d80e3c-df5d-48f5-aaa8-986ca9f783c5,39.064768,-107.1261945
2015-11-21 13:09:30,-12.579314874276058,14d80e3c-df5d-48f5-aaa8-986ca9f783c5,39.064768,-107.1261945
2015-11-26 13:17:34,-8.962000869478251,14d80e3c-df5d-48f5-aaa8-986ca9f783c5,39.064768,-107.1261945
2015-12-10 01:01:43,-10.4524763499505,14d80e3c-df5d-48f5-aaa8-986ca9f783c5,39.064768,-107.1261945
2015-12-15 13:09:30,-11.873773265401182,14d80e3c-df5d-48f5-aaa8-986ca9f783c5,39.064768,-107.1261945
2015-12-20 13:17:33,-11.266925788127555,14d80e3c-df5d-48f5-aaa8-986ca9f783c5,39.064768,-107.1261945
2016-01-03 01:01:55,-15.194367592756754,14d80e3c-df5d-48f5-aaa8-986ca9f783c5,39.064768,-107.1261945
2016-01-08 13:09:29,-12.567491797992185,14d80e3c-df5d-48f5-aaa8-986ca9f783c5,39.064768,-107.1261945
2016-01-13 13:17:33,-11.716107070284565,14d80e3c-df5d-48f5-aaa8-986ca9f783c5,39.064768,-107.1261945
2016-01-20 01:10:10,-12.004604137544346,14d80e3c-df5d-48f5-aaa8-986ca9f783c5,39.064768,-107.1261945
2016-01-27 01:01:41,-10.577667308956517,14d80e3c-df5d-48f5-aaa8-986ca9f783c5,39.064768,-107.1261945
2016-02-01 13:09:28,-14.429013109117601,14d80e3c-df5d-48f5-aaa8-986ca9f783c5,39.064768,-107.1261945
2016-02-01 13:09:28,-18.243775666029197,14d80e3c-df5d-48f5-aaa8-986ca9f783c5,39.064768,-107.1261945
2016-02-06 13:17:32,-10.620045654514552,14d80e3c-df5d-48f5-aaa8-986ca9f783c5,39.064768,-107.1261945
2016-02-13 01:09:56,-14.861586699334675,14d80e3c-df5d-48f5-aaa8-986ca9f783c5,39.064768,-107.1261945
2016-02-25 13:09:28,-11.45091692362407,14d80e3c-df5d-48f5-aaa8-986ca9f783c5,39.064768,-107.1261945
2016-03-01 13:17:32,-9.829754567925509,14d80e3c-df5d-48f5-aaa8-986ca9f783c5,39.064768,-107.1261945
2016-03-20 13:09:28,-12.21655978613269,14d80e3c-df5d-48f5-aaa8-986ca9f783c5,39.064768,-107.1261945
2016-04-08 01:01:42,-13.235544610494028,14d80e3c-df5d-48f5-aaa8-986ca9f783c5,39.064768,-107.1261945
2016-04-13 13:09:29,-12.069263457563668,14d80e3c-df5d-48f5-aaa8-986ca9f783c5,39.064768,-107.1261945
2016-04-18 13:17:33,-11.976298209647428,14d80e3c-df5d-48f5-aaa8-986ca9f783c5,39.064768,-107.1261945
2016-04-25 01:09:58,-14.30081475578395,14d80e3c-df5d-48f5-aaa8-986ca9f783c5,39.064768,-107.1261945
2016-05-02 01:01:43,-13.520373601105034,14d80e3c-df5d-48f5-aaa8-986ca9f783c5,39.064768,-107.1261945
2016-05-12 13:17:37,-11.7665921285205,14d80e3c-df5d-48f5-aaa8-986ca9f783c5,39.064768,-107.1261945
2016-05-19 01:09:59,-15.366933028701048,14d80e3c-df5d-48f5-aaa8-986ca9f783c5,39.064768,-107.1261945
2016-05-26 01:01:47,-15.231369363963918,14d80e3c-df5d-48f5-aaa8-986ca9f783c5,39.064768,-107.1261945
2016-05-31 13:09:32,-12.009882362381612,14d80e3c-df5d-48f5-aaa8-986ca9f783c5,39.064768,-107.1261945
2016-06-05 13:17:39,-8.064597982406665,14d80e3c-df5d-48f5-aaa8-986ca9f783c5,39.064768,-107.1261945
2016-06-29 13:17:40,-11.468971736773327,14d80e3c-df5d-48f5-aaa8-986ca9f783c5,39.064768,-107.1261945
2016-07-13 01:01:50,-10.90510145754735,14d80e3c-df5d-48f5-aaa8-986ca9f783c5,39.064768,-107.1261945
2016-07-18 13:09:34,-12.516946796352084,14d80e3c-df5d-48f5-aaa8-986ca9f783c5,39.064768,-107.1261945
2016-07-23 13:17:41,-8.200122906888653,14d80e3c-df5d-48f5-aaa8-986ca9f783c5,39.064768,-107.1261945
2016-07-30 01:10:03,-13.307830023660287,14d80e3c-df5d-48f5-aaa8-986ca9f783c5,39.064768,-107.1261945
2016-08-06 01:01:51,-7.2309966712373095,14d80e3c-df5d-48f5-aaa8-986ca9f783c5,39.064768,-107.1261945
2016-08-11 13:09:36,-6.7282960510881775,14d80e3c-df5d-48f5-aaa8-986ca9f783c5,39.064768,-107.1261945
2016-08-16 13:17:43,-9.291792392649015,14d80e3c-df5d-48f5-aaa8-986ca9f783c5,39.064768,-107.1261945
2016-09-04 13:09:37,-8.430119701753329,14d80e3c-df5d-48f5-aaa8-986ca9f783c5,39.064768,-107.1261945
2016-09-09 13:17:44,-10.130382527945871,14d80e3c-df5d-48f5-aaa8-986ca9f783c5,39.064768,-107.1261945
2016-09-16 01:10:06,-13.925007815086087,14d80e3c-df5d-48f5-aaa8-986ca9f783c5,39.064768,-107.1261945
2016-09-23 01:01:53,-10.441435946047891,14d80e3c-df5d-48f5-aaa8-986ca9f783c5,39.064768,-107.1261945
2016-09-28 13:09:49,-10.763708978267854,14d80e3c-df5d-48f5-aaa8-986ca9f783c5,39.064768,-107.1261945
2016-10-03 13:17:50,-8.936775103037176,14d80e3c-df5d-48f5-aaa8-986ca9f783c5,39.064768,-107.1261945
2016-10-22 13:09:49,-13.300675235711065,14d80e3c-df5d-48f5-aaa8-986ca9f783c5,39.064768,-107.1261945
2016-10-27 13:17:50,-11.67303859045713,14d80e3c-df5d-48f5-aaa8-986ca9f783c5,39.064768,-107.1261945
2016-11-15 13:09:49,-12.690491594296077,14d80e3c-df5d-48f5-aaa8-986ca9f783c5,39.064768,-107.1261945
2016-11-20 13:17:49,-11.506902295713612,14d80e3c-df5d-48f5-aaa8-986ca9f783c5,39.064768,-107.1261945
2016-12-09 13:09:48,-9.02279942607896,14d80e3c-df5d-48f5-aaa8-986ca9f783c5,39.064768,-107.1261945
2016-12-14 13:17:49,-12.650735377465717,14d80e3c-df5d-48f5-aaa8-986ca9f783c5,39.064768,-107.1261945
2017-01-02 13:09:46,-15.065446993664917,14d80e3c-df5d-48f5-aaa8-986ca9f783c5,39.064768,-107.1261945
2017-01-07 13:17:47,-13.554253841096164,14d80e3c-df5d-48f5-aaa8-986ca9f783c5,39.064768,-107.1261945
2017-01-26 13:09:46,-14.033357580860208,14d80e3c-df5d-48f5-aaa8-986ca9f783c5,39.064768,-107.1261945
2017-01-31 13:17:46,-7.422998432754777,14d80e3c-df5d-48f5-aaa8-986ca9f783c5,39.064768,-107.1261945
2017-02-07 13:09:26,-13.375593084163391,14d80e3c-df5d-48f5-aaa8-986ca9f783c5,39.064768,-107.1261945
2017-02-12 13:17:52,-9.342670321700757,14d80e3c-df5d-48f5-aaa8-986ca9f783c5,39.064768,-107.1261945
2016-10-28 01:09:11,-13.661370607447633,14d80e3c-df5d-48f5-aaa8-986ca9f783c5,39.064768,-107.1261945
2016-11-04 01:01:06,-11.350375499474683,14d80e3c-df5d-48f5-aaa8-986ca9f783c5,39.064768,-107.1261945
2016-11-21 01:09:10,-13.486506475902324,14d80e3c-df5d-48f5-aaa8-986ca9f783c5,39.064768,-107.1261945
2016-11-28 01:01:05,-10.857336037985398,14d80e3c-df5d-48f5-aaa8-986ca9f783c5,39.064768,-107.1261945
2016-12-15 01:09:20,-13.423951907939006,14d80e3c-df5d-48f5-aaa8-986ca9f783c5,39.064768,-107.1261945
2016-12-22 01:01:05,-14.85376526163755,14d80e3c-df5d-48f5-aaa8-986ca9f783c5,39.064768,-107.1261945
2017-01-08 01:09:18,-14.192531489043752,14d80e3c-df5d-48f5-aaa8-986ca9f783c5,39.064768,-107.1261945
2017-01-15 01:01:03,-12.735815655341414,14d80e3c-df5d-48f5-aaa8-986ca9f783c5,39.064768,-107.1261945
2017-02-01 01:09:18,-11.338946055332247,14d80e3c-df5d-48f5-aaa8-986ca9f783c5,39.064768,-107.1261945
2017-02-08 01:01:02,-9.643948359539936,14d80e3c-df5d-48f5-aaa8-986ca9f783c5,39.064768,-107.1261945
2017-02-25 01:09:17,-13.30853408986391,14d80e3c-df5d-48f5-aaa8-986ca9f783c5,39.064768,-107.1261945
2017-03-04 01:01:10,-13.762179916750075,14d80e3c-df5d-48f5-aaa8-986ca9f783c5,39.064768,-107.1261945
2017-03-09 01:09:17,-14.627163631273765,14d80e3c-df5d-48f5-aaa8-986ca9f783c5,39.064768,-107.1261945
2017-03-16 01:01:10,-12.58926382217556,14d80e3c-df5d-48f5-aaa8-986ca9f783c5,39.064768,-107.1261945
2017-03-21 01:09:18,-13.837490942216853,14d80e3c-df5d-48f5-aaa8-986ca9f783c5,39.064768,-107.1261945
2017-04-02 01:09:18,-11.22860655187047,14d80e3c-df5d-48f5-aaa8-986ca9f783c5,39.064768,-107.1261945
2017-04-26 01:09:19,-15.199882501222781,14d80e3c-df5d-48f5-aaa8-986ca9f783c5,39.064768,-107.1261945
2017-05-03 01:01:12,-14.814552749526815,14d80e3c-df5d-48f5-aaa8-986ca9f783c5,39.064768,-107.1261945
2017-05-08 01:09:20,-15.79719014310109,14d80e3c-df5d-48f5-aaa8-986ca9f783c5,39.064768,-107.1261945
2017-05-15 01:01:21,-9.174660500632486,14d80e3c-df5d-48f5-aaa8-986ca9f783c5,39.064768,-107.1261945
2017-05-20 01:09:20,-11.558008535017501,14d80e3c-df5d-48f5-aaa8-986ca9f783c5,39.064768,-107.1261945
2017-05-27 01:01:22,-14.671323388191443,14d80e3c-df5d-48f5-aaa8-986ca9f783c5,39.064768,-107.1261945
2017-06-01 01:09:21,-13.853744433190801,14d80e3c-df5d-48f5-aaa8-986ca9f783c5,39.064768,-107.1261945
2017-06-08 01:01:22,-10.522303324239124,14d80e3c-df5d-48f5-aaa8-986ca9f783c5,39.064768,-107.1261945
2017-06-13 01:09:22,-11.254990130619806,14d80e3c-df5d-48f5-aaa8-986ca9f783c5,39.064768,-107.1261945
2017-06-25 01:09:22,-12.731046255955057,14d80e3c-df5d-48f5-aaa8-986ca9f783c5,39.064768,-107.1261945
2017-07-02 01:01:24,-12.306803437217884,14d80e3c-df5d-48f5-aaa8-986ca9f783c5,39.064768,-107.1261945
2017-07-07 01:09:23,-11.76500152094784,14d80e3c-df5d-48f5-aaa8-986ca9f783c5,39.064768,-107.1261945
2017-07-14 01:01:25,-8.900296211080851,14d80e3c-df5d-48f5-aaa8-986ca9f783c5,39.064768,-107.1261945
2017-07-26 01:01:25,-6.2649171042869725,14d80e3c-df5d-48f5-aaa8-986ca9f783c5,39.064768,-107.1261945
2017-07-31 01:09:24,-9.992182940718786,14d80e3c-df5d-48f5-aaa8-986ca9f783c5,39.064768,-107.1261945
2017-08-07 01:01:26,-14.596893770187599,14d80e3c-df5d-48f5-aaa8-986ca9f783c5,39.064768,-107.1261945
2017-08-12 01:09:25,-10.899780069427674,14d80e3c-df5d-48f5-aaa8-986ca9f783c5,39.064768,-107.1261945
2017-08-19 01:01:26,-8.840361754493458,14d80e3c-df5d-48f5-aaa8-986ca9f783c5,39.064768,-107.1261945
2017-08-24 01:09:26,-16.899547775541816,14d80e3c-df5d-48f5-aaa8-986ca9f783c5,39.064768,-107.1261945
2017-08-31 01:01:27,-10.692237608743696,14d80e3c-df5d-48f5-aaa8-986ca9f783c5,39.064768,-107.1261945
2017-09-05 01:09:26,-13.211611240014772,14d80e3c-df5d-48f5-aaa8-986ca9f783c5,39.064768,-107.1261945
2017-09-12 01:01:27,-11.96196833085152,14d80e3c-df5d-48f5-aaa8-986ca9f783c5,39.064768,-107.1261945
2017-09-17 01:09:27,-14.451648882747039,14d80e3c-df5d-48f5-aaa8-986ca9f783c5,39.064768,-107.1261945
2017-09-24 01:01:28,-6.91050769153899,14d80e3c-df5d-48f5-aaa8-986ca9f783c5,39.064768,-107.1261945
2017-09-29 01:09:27,-14.079047782140472,14d80e3c-df5d-48f5-aaa8-986ca9f783c5,39.064768,-107.1261945
2017-10-06 01:01:28,-9.840714451582299,14d80e3c-df5d-48f5-aaa8-986ca9f783c5,39.064768,-107.1261945
2017-10-11 01:09:27,-12.626295285835523,14d80e3c-df5d-48f5-aaa8-986ca9f783c5,39.064768,-107.1261945
2017-10-18 01:01:28,-10.731903561289345,14d80e3c-df5d-48f5-aaa8-986ca9f783c5,39.064768,-107.1261945
2017-10-23 01:09:27,-13.022162467905758,14d80e3c-df5d-48f5-aaa8-986ca9f783c5,39.064768,-107.1261945
2017-10-30 01:01:28,-9.966569716180185,14d80e3c-df5d-48f5-aaa8-986ca9f783c5,39.064768,-107.1261945
2017-11-04 01:09:27,-13.744642572860432,14d80e3c-df5d-48f5-aaa8-986ca9f783c5,39.064768,-107.1261945
2017-11-11 01:01:28,-13.795424637342393,14d80e3c-df5d-48f5-aaa8-986ca9f783c5,39.064768,-107.1261945
2017-11-23 01:01:28,-10.725713052272187,14d80e3c-df5d-48f5-aaa8-986ca9f783c5,39.064768,-107.1261945
2017-11-28 01:09:27,-12.155161497999444,14d80e3c-df5d-48f5-aaa8-986ca9f783c5,39.064768,-107.1261945
2017-12-05 01:01:27,-10.113511793139008,14d80e3c-df5d-48f5-aaa8-986ca9f783c5,39.064768,-107.1261945
2017-12-10 01:09:26,-16.458762991089127,14d80e3c-df5d-48f5-aaa8-986ca9f783c5,39.064768,-107.1261945
2017-12-17 01:01:27,-10.653047248557588,14d80e3c-df5d-48f5-aaa8-986ca9f783c5,39.064768,-107.1261945
2017-12-22 01:09:26,-14.969156206935207,14d80e3c-df5d-48f5-aaa8-986ca9f783c5,39.064768,-107.1261945
2017-12-29 01:01:27,-10.835525057328033,14d80e3c-df5d-48f5-aaa8-986ca9f783c5,39.064768,-107.1261945
2018-01-03 01:09:25,-13.476153501551769,14d80e3c-df5d-48f5-aaa8-986ca9f783c5,39.064768,-107.1261945
2018-01-10 01:01:26,-15.814225326142813,14d80e3c-df5d-48f5-aaa8-986ca9f783c5,39.064768,-107.1261945
2018-01-15 01:09:25,-15.93043502968071,14d80e3c-df5d-48f5-aaa8-986ca9f783c5,39.064768,-107.1261945
2018-01-22 01:01:26,-12.142106820473504,14d80e3c-df5d-48f5-aaa8-986ca9f783c5,39.064768,-107.1261945
2018-01-27 01:09:24,-15.053453643233478,14d80e3c-df5d-48f5-aaa8-986ca9f783c5,39.064768,-107.1261945
2018-02-08 01:09:24,-14.535620076487266,14d80e3c-df5d-48f5-aaa8-986ca9f783c5,39.064768,-107.1261945
2018-02-20 01:09:24,-13.781898430451616,14d80e3c-df5d-48f5-aaa8-986ca9f783c5,39.064768,-107.1261945
2018-03-04 01:09:24,-11.055037335492212,14d80e3c-df5d-48f5-aaa8-986ca9f783c5,39.064768,-107.1261945
2018-03-23 01:01:25,-11.315004059821238,14d80e3c-df5d-48f5-aaa8-986ca9f783c5,39.064768,-107.1261945
2018-04-04 01:01:26,-11.59359297523012,14d80e3c-df5d-48f5-aaa8-986ca9f783c5,39.064768,-107.1261945
2018-04-09 01:09:25,-11.90065574896596,14d80e3c-df5d-48f5-aaa8-986ca9f783c5,39.064768,-107.1261945
2018-04-16 01:01:26,-9.198257706761563,14d80e3c-df5d-48f5-aaa8-986ca9f783c5,39.064768,-107.1261945
2018-04-21 01:09:25,-16.333151204233243,14d80e3c-df5d-48f5-aaa8-986ca9f783c5,39.064768,-107.1261945
2018-04-28 01:01:27,-12.80230530520014,14d80e3c-df5d-48f5-aaa8-986ca9f783c5,39.064768,-107.1261945
2018-05-03 01:09:26,-12.296334543343049,14d80e3c-df5d-48f5-aaa8-986ca9f783c5,39.064768,-107.1261945
2018-05-15 01:09:26,-15.484642885171468,14d80e3c-df5d-48f5-aaa8-986ca9f783c5,39.064768,-107.1261945
2018-05-22 01:01:28,-8.243869713009728,14d80e3c-df5d-48f5-aaa8-986ca9f783c5,39.064768,-107.1261945
2018-05-27 01:09:27,-10.294429826065404,14d80e3c-df5d-48f5-aaa8-986ca9f783c5,39.064768,-107.1261945
2018-06-03 01:01:28,-7.360750337505148,14d80e3c-df5d-48f5-aaa8-986ca9f783c5,39.064768,-107.1261945
2018-06-08 01:09:28,-11.241722223697465,14d80e3c-df5d-48f5-aaa8-986ca9f783c5,39.064768,-107.1261945
2018-06-20 01:09:29,-13.823438558138935,14d80e3c-df5d-48f5-aaa8-986ca9f783c5,39.064768,-107.1261945
2018-06-27 01:01:30,-8.273846723716735,14d80e3c-df5d-48f5-aaa8-986ca9f783c5,39.064768,-107.1261945
2018-07-02 01:09:29,-13.41229409170455,14d80e3c-df5d-48f5-aaa8-986ca9f783c5,39.064768,-107.1261945
2018-07-09 01:01:31,-10.005084001885702,14d80e3c-df5d-48f5-aaa8-986ca9f783c5,39.064768,-107.1261945
2018-07-09 01:01:31,-10.091013977330203,14d80e3c-df5d-48f5-aaa8-986ca9f783c5,39.064768,-107.1261945
2018-07-14 01:09:30,-8.22761765479395,14d80e3c-df5d-48f5-aaa8-986ca9f783c5,39.064768,-107.1261945
2018-07-21 01:01:32,-11.17374781641977,14d80e3c-df5d-48f5-aaa8-986ca9f783c5,39.064768,-107.1261945
2018-07-26 01:09:31,-12.90665908593218,14d80e3c-df5d-48f5-aaa8-986ca9f783c5,39.064768,-107.1261945
2018-08-02 01:01:32,-11.514786152194405,14d80e3c-df5d-48f5-aaa8-986ca9f783c5,39.064768,-107.1261945
2018-08-07 01:09:31,-13.17980282597979,14d80e3c-df5d-48f5-aaa8-986ca9f783c5,39.064768,-107.1261945
2018-08-14 01:01:33,-13.351653605510698,14d80e3c-df5d-48f5-aaa8-986ca9f783c5,39.064768,-107.1261945
2018-08-19 01:09:32,-12.040512349656398,14d80e3c-df5d-48f5-aaa8-986ca9f783c5,39.064768,-107.1261945
2018-08-26 01:01:34,-6.075061261046553,14d80e3c-df5d-48f5-aaa8-986ca9f783c5,39.064768,-107.1261945
2018-08-31 01:09:33,-14.562004187816743,14d80e3c-df5d-48f5-aaa8-986ca9f783c5,39.064768,-107.1261945
2018-09-07 01:01:34,-10.331259567110065,14d80e3c-df5d-48f5-aaa8-986ca9f783c5,39.064768,-107.1261945
2018-09-12 01:09:33,-14.164777340870096,14d80e3c-df5d-48f5-aaa8-986ca9f783c5,39.064768,-107.1261945
2018-09-19 01:01:34,-12.783084707711645,14d80e3c-df5d-48f5-aaa8-986ca9f783c5,39.064768,-107.1261945
2018-09-24 01:09:33,-14.12333817138837,14d80e3c-df5d-48f5-aaa8-986ca9f783c5,39.064768,-107.1261945
2018-10-01 01:01:35,-9.417967188235957,14d80e3c-df5d-48f5-aaa8-986ca9f783c5,39.064768,-107.1261945
2018-10-06 01:09:34,-11.867229644051314,14d80e3c-df5d-48f5-aaa8-986ca9f783c5,39.064768,-107.1261945
2018-10-13 01:01:35,-10.442083453426564,14d80e3c-df5d-48f5-aaa8-986ca9f783c5,39.064768,-107.1261945
2018-10-18 01:09:34,-13.199113699416355,14d80e3c-df5d-48f5-aaa8-986ca9f783c5,39.064768,-107.1261945
2018-10-25 01:01:18,-9.66353952449444,14d80e3c-df5d-48f5-aaa8-986ca9f783c5,39.064768,-107.1261945
2018-10-30 01:09:34,-12.633579303282602,14d80e3c-df5d-48f5-aaa8-986ca9f783c5,39.064768,-107.1261945
2018-11-11 01:09:34,-13.402877401372963,14d80e3c-df5d-48f5-aaa8-986ca9f783c5,39.064768,-107.1261945
2018-11-23 01:09:34,-17.286830072267435,14d80e3c-df5d-48f5-aaa8-986ca9f783c5,39.064768,-107.1261945
2018-12-05 01:09:33,-12.513997709905615,14d80e3c-df5d-48f5-aaa8-986ca9f783c5,39.064768,-107.1261945
2018-12-17 01:09:33,-14.692756433051787,14d80e3c-df5d-48f5-aaa8-986ca9f783c5,39.064768,-107.1261945
2019-01-10 01:09:32,-12.03783698841221,14d80e3c-df5d-48f5-aaa8-986ca9f783c5,39.064768,-107.1261945
2019-01-22 01:09:31,-12.640089374492664,14d80e3c-df5d-48f5-aaa8-986ca9f783c5,39.064768,-107.1261945
2019-02-03 01:09:31,-12.670325925809312,14d80e3c-df5d-48f5-aaa8-986ca9f783c5,39.064768,-107.1261945
2019-02-15 01:09:31,-17.73435903937132,14d80e3c-df5d-48f5-aaa8-986ca9f783c5,39.064768,-107.1261945
2019-02-27 01:09:31,-11.965646855240408,14d80e3c-df5d-48f5-aaa8-986ca9f783c5,39.064768,-107.1261945
2019-03-11 01:09:31,-14.658298985085953,14d80e3c-df5d-48f5-aaa8-986ca9f783c5,39.064768,-107.1261945
2019-03-23 01:09:31,-15.415492530045404,14d80e3c-df5d-48f5-aaa8-986ca9f783c5,39.064768,-107.1261945
2019-04-04 01:09:31,-13.40788494437872,14d80e3c-df5d-48f5-aaa8-986ca9f783c5,39.064768,-107.1261945
2019-04-16 01:09:31,-12.425193263208904,14d80e3c-df5d-48f5-aaa8-986ca9f783c5,39.064768,-107.1261945
2019-04-28 01:09:32,-16.447408036641978,14d80e3c-df5d-48f5-aaa8-986ca9f783c5,39.064768,-107.1261945
2019-05-10 01:09:32,-15.874749638451057,14d80e3c-df5d-48f5-aaa8-986ca9f783c5,39.064768,-107.1261945
2019-05-17 01:01:34,-13.207352344682326,14d80e3c-df5d-48f5-aaa8-986ca9f783c5,39.064768,-107.1261945
2019-05-22 01:09:33,-14.91227515232888,14d80e3c-df5d-48f5-aaa8-986ca9f783c5,39.064768,-107.1261945
2019-05-29 01:01:35,-14.38440946115488,14d80e3c-df5d-48f5-aaa8-986ca9f783c5,39.064768,-107.1261945
2019-06-03 01:09:34,-17.82106978014854,14d80e3c-df5d-48f5-aaa8-986ca9f783c5,39.064768,-107.1261945
2019-06-10 01:01:35,-13.128241811942505,14d80e3c-df5d-48f5-aaa8-986ca9f783c5,39.064768,-107.1261945
2019-06-15 01:09:34,-16.403225498948096,14d80e3c-df5d-48f5-aaa8-986ca9f783c5,39.064768,-107.1261945
2019-06-22 01:01:36,-11.279595231535172,14d80e3c-df5d-48f5-aaa8-986ca9f783c5,39.064768,-107.1261945
2019-06-27 01:09:35,-12.157910674148775,14d80e3c-df5d-48f5-aaa8-986ca9f783c5,39.064768,-107.1261945
2019-07-04 01:01:37,-4.434180753325671,14d80e3c-df5d-48f5-aaa8-986ca9f783c5,39.064768,-107.1261945
2019-07-09 01:09:36,-10.996616226517501,14d80e3c-df5d-48f5-aaa8-986ca9f783c5,39.064768,-107.1261945
2019-07-16 01:01:37,-10.600330816062982,14d80e3c-df5d-48f5-aaa8-986ca9f783c5,39.064768,-107.1261945
2019-07-21 01:09:37,-12.2688663994208,14d80e3c-df5d-48f5-aaa8-986ca9f783c5,39.064768,-107.1261945
2019-07-28 01:01:38,-11.351260962901295,14d80e3c-df5d-48f5-aaa8-986ca9f783c5,39.064768,-107.1261945
2019-08-02 01:09:37,-12.140233336953465,14d80e3c-df5d-48f5-aaa8-986ca9f783c5,39.064768,-107.1261945
2019-08-09 01:01:39,-6.993350787034136,14d80e3c-df5d-48f5-aaa8-986ca9f783c5,39.064768,-107.1261945
2019-08-14 01:09:38,-9.725869893564683,14d80e3c-df5d-48f5-aaa8-986ca9f783c5,39.064768,-107.1261945
2019-08-21 01:01:40,-9.689740266403412,14d80e3c-df5d-48f5-aaa8-986ca9f783c5,39.064768,-107.1261945
2019-08-26 01:09:39,-12.21626206808512,14d80e3c-df5d-48f5-aaa8-986ca9f783c5,39.064768,-107.1261945
2019-09-02 01:01:40,-7.9280324094757955,14d80e3c-df5d-48f5-aaa8-986ca9f783c5,39.064768,-107.1261945
2019-09-07 01:09:39,-9.413047929585392,14d80e3c-df5d-48f5-aaa8-986ca9f783c5,39.064768,-107.1261945
2019-09-14 01:01:41,-10.329945647163324,14d80e3c-df5d-48f5-aaa8-986ca9f783c5,39.064768,-107.1261945
2019-09-19 01:09:40,-13.510328129718028,14d80e3c-df5d-48f5-aaa8-986ca9f783c5,39.064768,-107.1261945
2019-09-26 01:01:41,-10.566597181740475,14d80e3c-df5d-48f5-aaa8-986ca9f783c5,39.064768,-107.1261945
2019-10-01 01:09:40,-14.273401595408469,14d80e3c-df5d-48f5-aaa8-986ca9f783c5,39.064768,-107.1261945
2019-10-08 01:01:41,-9.844849072412385,14d80e3c-df5d-48f5-aaa8-986ca9f783c5,39.064768,-107.1261945
2019-10-13 01:09:40,-11.75648229959419,14d80e3c-df5d-48f5-aaa8-986ca9f783c5,39.064768,-107.1261945
2019-10-20 01:01:41,-9.993750061070623,14d80e3c-df5d-48f5-aaa8-986ca9f783c5,39.064768,-107.1261945
2019-10-25 01:09:40,-15.10544829935283,14d80e3c-df5d-48f5-aaa8-986ca9f783c5,39.064768,-107.1261945
2019-11-01 01:01:41,-12.047623259212326,14d80e3c-df5d-48f5-aaa8-986ca9f783c5,39.064768,-107.1261945
2019-11-06 01:09:40,-11.699806213460631,14d80e3c-df5d-48f5-aaa8-986ca9f783c5,39.064768,-107.1261945
2019-11-13 01:01:41,-13.244519083212346,14d80e3c-df5d-48f5-aaa8-986ca9f783c5,39.064768,-107.1261945
2019-11-18 01:09:40,-15.150604003874303,14d80e3c-df5d-48f5-aaa8-986ca9f783c5,39.064768,-107.1261945
2019-11-25 01:01:41,-14.160448809959542,14d80e3c-df5d-48f5-aaa8-986ca9f783c5,39.064768,-107.1261945
2019-11-30 01:09:40,-13.863435543497653,14d80e3c-df5d-48f5-aaa8-986ca9f783c5,39.064768,-107.1261945
2019-12-07 01:01:41,-10.77102730959507,14d80e3c-df5d-48f5-aaa8-986ca9f783c5,39.064768,-107.1261945
2019-12-12 01:09:39,-15.284910234646215,14d80e3c-df5d-48f5-aaa8-986ca9f783c5,39.064768,-107.1261945
2019-12-19 01:01:40,-12.129891567697308,14d80e3c-df5d-48f5-aaa8-986ca9f783c5,39.064768,-107.1261945
2019-12-24 01:09:39,-14.775406415779923,14d80e3c-df5d-48f5-aaa8-986ca9f783c5,39.064768,-107.1261945
2019-12-31 01:01:39,-9.717503307528974,14d80e3c-df5d-48f5-aaa8-986ca9f783c5,39.064768,-107.1261945
2020-01-05 01:09:38,-15.97976671193061,14d80e3c-df5d-48f5-aaa8-986ca9f783c5,39.064768,-107.1261945
2020-01-12 01:01:39,-12.38823116054788,14d80e3c-df5d-48f5-aaa8-986ca9f783c5,39.064768,-107.1261945
2020-01-17 01:09:38,-14.001806792377788,14d80e3c-df5d-48f5-aaa8-986ca9f783c5,39.064768,-107.1261945
2020-01-24 01:01:39,-11.502725858259131,14d80e3c-df5d-48f5-aaa8-986ca9f783c5,39.064768,-107.1261945
2020-01-29 01:09:37,-15.725062310177337,14d80e3c-df5d-48f5-aaa8-986ca9f783c5,39.064768,-107.1261945
2020-02-10 01:09:37,-16.054381356977498,14d80e3c-df5d-48f5-aaa8-986ca9f783c5,39.064768,-107.1261945
2020-02-22 01:09:37,-12.747066788012567,14d80e3c-df5d-48f5-aaa8-986ca9f783c5,39.064768,-107.1261945
2020-02-29 01:01:38,-9.56366353864489,14d80e3c-df5d-48f5-aaa8-986ca9f783c5,39.064768,-107.1261945
2020-03-05 01:09:37,-15.100542485739602,14d80e3c-df5d-48f5-aaa8-986ca9f783c5,39.064768,-107.1261945
2020-03-12 01:01:38,-14.141671454402962,14d80e3c-df5d-48f5-aaa8-986ca9f783c5,39.064768,-107.1261945
2020-03-17 01:09:37,-14.746621321134532,14d80e3c-df5d-48f5-aaa8-986ca9f783c5,39.064768,-107.1261945
2020-03-29 01:09:37,-14.003997162112432,14d80e3c-df5d-48f5-aaa8-986ca9f783c5,39.064768,-107.1261945
2020-04-05 01:01:38,-13.482695217264755,14d80e3c-df5d-48f5-aaa8-986ca9f783c5,39.064768,-107.1261945
2020-04-10 01:09:37,-14.834613622780417,14d80e3c-df5d-48f5-aaa8-986ca9f783c5,39.064768,-107.1261945
2020-04-17 01:01:39,-11.606964653284706,14d80e3c-df5d-48f5-aaa8-986ca9f783c5,39.064768,-107.1261945
2020-04-22 01:09:38,-12.630768015148195,14d80e3c-df5d-48f5-aaa8-986ca9f783c5,39.064768,-107.1261945
2020-04-29 01:01:39,-15.359147862874368,14d80e3c-df5d-48f5-aaa8-986ca9f783c5,39.064768,-107.1261945
2020-05-04 01:09:39,-15.879106603369495,14d80e3c-df5d-48f5-aaa8-986ca9f783c5,39.064768,-107.1261945
2020-05-11 01:01:40,-13.688200121511706,14d80e3c-df5d-48f5-aaa8-986ca9f783c5,39.064768,-107.1261945
2020-05-16 01:09:39,-15.84588140922586,14d80e3c-df5d-48f5-aaa8-986ca9f783c5,39.064768,-107.1261945
2020-05-23 01:01:41,-8.392354018381178,14d80e3c-df5d-48f5-aaa8-986ca9f783c5,39.064768,-107.1261945
2020-05-28 01:09:40,-13.399665826751926,14d80e3c-df5d-48f5-aaa8-986ca9f783c5,39.064768,-107.1261945
2020-06-09 01:09:41,-13.683184353809661,14d80e3c-df5d-48f5-aaa8-986ca9f783c5,39.064768,-107.1261945
2020-06-16 01:01:42,-8.351695963722833,14d80e3c-df5d-48f5-aaa8-986ca9f783c5,39.064768,-107.1261945
2020-06-21 01:09:41,-13.235602546788112,14d80e3c-df5d-48f5-aaa8-986ca9f783c5,39.064768,-107.1261945
2020-06-28 01:01:43,-8.633516818667857,14d80e3c-df5d-48f5-aaa8-986ca9f783c5,39.064768,-107.1261945
2020-07-10 01:01:43,-6.86194385659437,14d80e3c-df5d-48f5-aaa8-986ca9f783c5,39.064768,-107.1261945
2020-07-15 01:09:43,-14.87122627224954,14d80e3c-df5d-48f5-aaa8-986ca9f783c5,39.064768,-107.1261945
2020-07-22 01:01:44,-7.7143594002143745,14d80e3c-df5d-48f5-aaa8-986ca9f783c5,39.064768,-107.1261945
2020-07-27 01:09:43,-12.78024513724908,14d80e3c-df5d-48f5-aaa8-986ca9f783c5,39.064768,-107.1261945
2020-08-03 01:01:45,-6.388336964117308,14d80e3c-df5d-48f5-aaa8-986ca9f783c5,39.064768,-107.1261945
2020-08-08 01:09:44,-11.369850945473551,14d80e3c-df5d-48f5-aaa8-986ca9f783c5,39.064768,-107.1261945
2020-08-15 01:01:46,-4.183361567179294,14d80e3c-df5d-48f5-aaa8-986ca9f783c5,39.064768,-107.1261945
2020-08-20 01:09:45,-9.239212236785056,14d80e3c-df5d-48f5-aaa8-986ca9f783c5,39.064768,-107.1261945
2020-08-27 01:01:46,-8.13696154460409,14d80e3c-df5d-48f5-aaa8-986ca9f783c5,39.064768,-107.1261945
2020-09-01 01:09:46,-12.084232268189714,14d80e3c-df5d-48f5-aaa8-986ca9f783c5,39.064768,-107.1261945
2020-09-08 01:01:47,-13.59092476538764,14d80e3c-df5d-48f5-aaa8-986ca9f783c5,39.064768,-107.1261945
2020-09-13 01:09:46,-11.66086691445672,14d80e3c-df5d-48f5-aaa8-986ca9f783c5,39.064768,-107.1261945
2020-09-20 01:01:47,-14.930173196759174,14d80e3c-df5d-48f5-aaa8-986ca9f783c5,39.064768,-107.1261945
2020-09-25 01:09:46,-12.35338442757758,14d80e3c-df5d-48f5-aaa8-986ca9f783c5,39.064768,-107.1261945
2020-10-02 01:01:47,-11.592983559350605,14d80e3c-df5d-48f5-aaa8-986ca9f783c5,39.064768,-107.1261945
2020-10-07 01:09:47,-11.67802279202745,14d80e3c-df5d-48f5-aaa8-986ca9f783c5,39.064768,-107.1261945
2020-10-14 01:01:48,-11.993734198898556,14d80e3c-df5d-48f5-aaa8-986ca9f783c5,39.064768,-107.1261945
2020-10-19 01:09:46,-16.30669051734581,14d80e3c-df5d-48f5-aaa8-986ca9f783c5,39.064768,-107.1261945
2020-10-26 01:01:48,-9.956752792514395,14d80e3c-df5d-48f5-aaa8-986ca9f783c5,39.064768,-107.1261945
2020-10-31 01:09:47,-13.4138721553248,14d80e3c-df5d-48f5-aaa8-986ca9f783c5,39.064768,-107.1261945
2020-11-07 01:01:48,-7.890682624624997,14d80e3c-df5d-48f5-aaa8-986ca9f783c5,39.064768,-107.1261945
2020-11-12 01:09:46,-14.39642256321623,14d80e3c-df5d-48f5-aaa8-986ca9f783c5,39.064768,-107.1261945
2020-11-19 01:01:47,-12.894273112943049,14d80e3c-df5d-48f5-aaa8-986ca9f783c5,39.064768,-107.1261945
2020-11-24 01:09:46,-17.928882606817243,14d80e3c-df5d-48f5-aaa8-986ca9f783c5,39.064768,-107.1261945
2020-12-01 01:01:47,-11.954455174139175,14d80e3c-df5d-48f5-aaa8-986ca9f783c5,39.064768,-107.1261945
2020-12-06 01:09:46,-14.994342373821558,14d80e3c-df5d-48f5-aaa8-986ca9f783c5,39.064768,-107.1261945
2020-12-13 01:01:46,-11.152360132730548,14d80e3c-df5d-48f5-aaa8-986ca9f783c5,39.064768,-107.1261945
2020-12-18 01:09:45,-15.828472203124996,14d80e3c-df5d-48f5-aaa8-986ca9f783c5,39.064768,-107.1261945
2020-12-25 01:01:46,-11.887595220295514,14d80e3c-df5d-48f5-aaa8-986ca9f783c5,39.064768,-107.1261945
2020-12-30 01:09:45,-13.128456600861023,14d80e3c-df5d-48f5-aaa8-986ca9f783c5,39.064768,-107.1261945
2021-01-06 01:01:45,-15.05212937558213,14d80e3c-df5d-48f5-aaa8-986ca9f783c5,39.064768,-107.1261945
2021-01-11 01:09:44,-13.290621017105906,14d80e3c-df5d-48f5-aaa8-986ca9f783c5,39.064768,-107.1261945
2021-01-18 01:01:45,-9.478025226451004,14d80e3c-df5d-48f5-aaa8-986ca9f783c5,39.064768,-107.1261945
2021-01-23 01:09:44,-15.628990792800618,14d80e3c-df5d-48f5-aaa8-986ca9f783c5,39.064768,-107.1261945
2021-01-30 01:01:44,-11.79377061346081,14d80e3c-df5d-48f5-aaa8-986ca9f783c5,39.064768,-107.1261945
2021-02-04 01:09:43,-17.429868047379703,14d80e3c-df5d-48f5-aaa8-986ca9f783c5,39.064768,-107.1261945
2021-02-11 01:01:44,-10.894274932917332,14d80e3c-df5d-48f5-aaa8-986ca9f783c5,39.064768,-107.1261945
2021-02-16 01:09:43,-13.118359054832423,14d80e3c-df5d-48f5-aaa8-986ca9f783c5,39.064768,-107.1261945
2021-02-23 01:01:44,-11.246849297060633,14d80e3c-df5d-48f5-aaa8-986ca9f783c5,39.064768,-107.1261945
2021-02-28 01:09:43,-11.841089548564652,14d80e3c-df5d-48f5-aaa8-986ca9f783c5,39.064768,-107.1261945
2021-03-07 01:01:44,-13.95308085685022,14d80e3c-df5d-48f5-aaa8-986ca9f783c5,39.064768,-107.1261945
2021-03-12 01:09:43,-13.486834342611802,14d80e3c-df5d-48f5-aaa8-986ca9f783c5,39.064768,-107.1261945
2021-03-19 01:01:44,-9.63449531166004,14d80e3c-df5d-48f5-aaa8-986ca9f783c5,39.064768,-107.1261945
2021-03-24 01:09:43,-15.924809131004633,14d80e3c-df5d-48f5-aaa8-986ca9f783c5,39.064768,-107.1261945
2021-03-31 01:01:44,-9.033110058478739,14d80e3c-df5d-48f5-aaa8-986ca9f783c5,39.064768,-107.1261945
2021-04-05 01:09:43,-18.050394408457485,14d80e3c-df5d-48f5-aaa8-986ca9f783c5,39.064768,-107.1261945
2021-04-12 01:01:44,-9.75142735981397,14d80e3c-df5d-48f5-aaa8-986ca9f783c5,39.064768,-107.1261945
2021-04-17 01:09:44,-11.76198466081617,14d80e3c-df5d-48f5-aaa8-986ca9f783c5,39.064768,-107.1261945
2021-04-24 01:01:45,-10.839628020707101,14d80e3c-df5d-48f5-aaa8-986ca9f783c5,39.064768,-107.1261945
2021-04-29 01:09:44,-12.280734579858263,14d80e3c-df5d-48f5-aaa8-986ca9f783c5,39.064768,-107.1261945
2021-05-06 01:01:46,-16.227150770828793,14d80e3c-df5d-48f5-aaa8-986ca9f783c5,39.064768,-107.1261945
2021-05-11 01:09:45,-14.549522587997732,14d80e3c-df5d-48f5-aaa8-986ca9f783c5,39.064768,-107.1261945
2021-05-18 01:01:46,-9.82499120403179,14d80e3c-df5d-48f5-aaa8-986ca9f783c5,39.064768,-107.1261945
2021-05-23 01:09:45,-14.857095948640753,14d80e3c-df5d-48f5-aaa8-986ca9f783c5,39.064768,-107.1261945
2021-05-30 01:01:47,-10.671902226170381,14d80e3c-df5d-48f5-aaa8-986ca9f783c5,39.064768,-107.1261945
2021-06-04 01:09:46,-11.63862056982733,14d80e3c-df5d-48f5-aaa8-986ca9f783c5,39.064768,-107.1261945
2021-06-11 01:01:48,-7.590800390361317,14d80e3c-df5d-48f5-aaa8-986ca9f783c5,39.064768,-107.1261945
2021-06-16 01:09:47,-15.576951455151516,14d80e3c-df5d-48f5-aaa8-986ca9f783c5,39.064768,-107.1261945
2021-06-23 01:01:48,-13.392147831484348,14d80e3c-df5d-48f5-aaa8-986ca9f783c5,39.064768,-107.1261945
2021-06-28 01:09:48,-13.4212890974745,14d80e3c-df5d-48f5-aaa8-986ca9f783c5,39.064768,-107.1261945
2021-07-05 01:01:49,-9.158541150978273,14d80e3c-df5d-48f5-aaa8-986ca9f783c5,39.064768,-107.1261945
2021-07-10 01:09:48,-13.34344153436766,14d80e3c-df5d-48f5-aaa8-986ca9f783c5,39.064768,-107.1261945
2021-07-17 01:01:50,-12.270895352002967,14d80e3c-df5d-48f5-aaa8-986ca9f783c5,39.064768,-107.1261945
2021-07-22 01:09:49,-11.100854380872516,14d80e3c-df5d-48f5-aaa8-986ca9f783c5,39.064768,-107.1261945
2021-07-29 01:01:51,-11.363256117315908,14d80e3c-df5d-48f5-aaa8-986ca9f783c5,39.064768,-107.1261945
2021-08-03 01:09:50,-8.984662924351861,14d80e3c-df5d-48f5-aaa8-986ca9f783c5,39.064768,-107.1261945
2021-08-10 01:01:51,-10.052858931384158,14d80e3c-df5d-48f5-aaa8-986ca9f783c5,39.064768,-107.1261945
2021-08-15 01:09:50,-12.899757401447332,14d80e3c-df5d-48f5-aaa8-986ca9f783c5,39.064768,-107.1261945
2021-08-22 01:01:52,-12.140856262625956,14d80e3c-df5d-48f5-aaa8-986ca9f783c5,39.064768,-107.1261945
2021-08-27 01:09:51,-13.187742974493455,14d80e3c-df5d-48f5-aaa8-986ca9f783c5,39.064768,-107.1261945
2021-09-03 01:01:52,-8.603660030815766,14d80e3c-df5d-48f5-aaa8-986ca9f783c5,39.064768,-107.1261945
2021-09-08 01:09:52,-13.17588827499955,14d80e3c-df5d-48f5-aaa8-986ca9f783c5,39.064768,-107.1261945
2021-09-15 01:01:53,-12.631714097080017,14d80e3c-df5d-48f5-aaa8-986ca9f783c5,39.064768,-107.1261945
2021-09-20 01:09:52,-12.478011379171395,14d80e3c-df5d-48f5-aaa8-986ca9f783c5,39.064768,-107.1261945
2021-09-27 01:01:53,-10.672394794937537,14d80e3c-df5d-48f5-aaa8-986ca9f783c5,39.064768,-107.1261945
2021-10-09 01:01:53,-15.690513474090492,14d80e3c-df5d-48f5-aaa8-986ca9f783c5,39.064768,-107.1261945
2021-10-14 01:09:52,-13.25265742705891,14d80e3c-df5d-48f5-aaa8-986ca9f783c5,39.064768,-107.1261945
2021-10-21 01:01:54,-15.235213369867646,14d80e3c-df5d-48f5-aaa8-986ca9f783c5,39.064768,-107.1261945
2021-10-26 01:09:52,-12.499001786805618,14d80e3c-df5d-48f5-aaa8-986ca9f783c5,39.064768,-107.1261945
2021-11-02 01:01:53,-13.323233060836872,14d80e3c-df5d-48f5-aaa8-986ca9f783c5,39.064768,-107.1261945
2021-11-07 01:09:52,-12.569287209048522,14d80e3c-df5d-48f5-aaa8-986ca9f783c5,39.064768,-107.1261945
2021-11-14 01:01:53,-10.948435436075236,14d80e3c-df5d-48f5-aaa8-986ca9f783c5,39.064768,-107.1261945
2021-11-19 01:09:52,-15.610069750512414,14d80e3c-df5d-48f5-aaa8-986ca9f783c5,39.064768,-107.1261945
2021-11-26 01:01:53,-12.571663331250564,14d80e3c-df5d-48f5-aaa8-986ca9f783c5,39.064768,-107.1261945
2021-12-01 01:09:51,-14.684965540307374,14d80e3c-df5d-48f5-aaa8-986ca9f783c5,39.064768,-107.1261945
2021-12-08 01:01:52,-9.526970034887919,14d80e3c-df5d-48f5-aaa8-986ca9f783c5,39.064768,-107.1261945
2021-12-13 01:09:51,-13.157448298078423,14d80e3c-df5d-48f5-aaa8-986ca9f783c5,39.064768,-107.1261945
2021-12-20 01:01:52,-12.346978206965023,14d80e3c-df5d-48f5-aaa8-986ca9f783c5,39.064768,-107.1261945
2016-09-29 01:01:06,-9.630657732239644,14d80e3c-df5d-48f5-aaa8-986ca9f783c5,39.064768,-107.1261945
2016-10-04 01:09:10,-15.004367888814041,14d80e3c-df5d-48f5-aaa8-986ca9f783c5,39.064768,-107.1261945
2016-10-11 01:01:06,-10.70724989089712,14d80e3c-df5d-48f5-aaa8-986ca9f783c5,39.064768,-107.1261945
