date,s1_grd_vv,cell_id,latitude,longitude
2015-04-01 01:58:54,-18.158061890484106,77a29e2a-959b-4b3a-ae12-5e0352dda998,37.0347625,-119.675659
2015-06-12 01:58:39,-16.08067772488527,77a29e2a-959b-4b3a-ae12-5e0352dda998,37.0347625,-119.675659
2015-07-30 01:58:41,-13.479217476087829,77a29e2a-959b-4b3a-ae12-5e0352dda998,37.0347625,-119.675659
2015-08-23 01:58:42,-18.16825722549148,77a29e2a-959b-4b3a-ae12-5e0352dda998,37.0347625,-119.675659
2015-10-10 01:58:43,-16.053825321752807,77a29e2a-959b-4b3a-ae12-5e0352dda998,37.0347625,-119.675659
2015-11-03 01:58:43,-13.165074689705953,77a29e2a-959b-4b3a-ae12-5e0352dda998,37.0347625,-119.675659
2015-11-27 01:59:02,-15.334939210036273,77a29e2a-959b-4b3a-ae12-5e0352dda998,37.0347625,-119.675659
2015-12-09 13:59:25,-13.480999632820257,77a29e2a-959b-4b3a-ae12-5e0352dda998,37.0347625,-119.675659
2015-12-21 01:59:01,-18.357699878034033,77a29e2a-959b-4b3a-ae12-5e0352dda998,37.0347625,-119.675659
2016-01-14 01:59:00,-13.017045834536132,77a29e2a-959b-4b3a-ae12-5e0352dda998,37.0347625,-119.675659
2016-01-26 13:59:23,-9.790110687917394,77a29e2a-959b-4b3a-ae12-5e0352dda998,37.0347625,-119.675659
2016-02-07 01:59:00,-15.481755721218889,77a29e2a-959b-4b3a-ae12-5e0352dda998,37.0347625,-119.675659
2016-02-19 13:59:23,-9.746039756962448,77a29e2a-959b-4b3a-ae12-5e0352dda998,37.0347625,-119.675659
2016-03-02 01:59:00,-12.544277168204182,77a29e2a-959b-4b3a-ae12-5e0352dda998,37.0347625,-119.675659
2016-03-14 01:58:43,-12.02967413393444,77a29e2a-959b-4b3a-ae12-5e0352dda998,37.0347625,-119.675659
2016-03-14 13:59:23,-14.55513308609472,77a29e2a-959b-4b3a-ae12-5e0352dda998,37.0347625,-119.675659
2016-03-26 01:59:00,-13.861279962596218,77a29e2a-959b-4b3a-ae12-5e0352dda998,37.0347625,-119.675659
2016-04-07 13:59:24,-13.284573043727107,77a29e2a-959b-4b3a-ae12-5e0352dda998,37.0347625,-119.675659
2016-04-19 01:59:01,-19.640105846851018,77a29e2a-959b-4b3a-ae12-5e0352dda998,37.0347625,-119.675659
2016-05-01 13:59:25,-10.49511960978291,77a29e2a-959b-4b3a-ae12-5e0352dda998,37.0347625,-119.675659
2016-05-13 01:58:40,-11.44487663262453,77a29e2a-959b-4b3a-ae12-5e0352dda998,37.0347625,-119.675659
2016-05-25 13:59:26,-10.470927951794524,77a29e2a-959b-4b3a-ae12-5e0352dda998,37.0347625,-119.675659
2016-06-06 01:58:42,-21.22820194001005,77a29e2a-959b-4b3a-ae12-5e0352dda998,37.0347625,-119.675659
2016-06-30 01:58:43,-19.32472376220747,77a29e2a-959b-4b3a-ae12-5e0352dda998,37.0347625,-119.675659
2016-07-24 01:58:44,-18.641817603659973,77a29e2a-959b-4b3a-ae12-5e0352dda998,37.0347625,-119.675659
2016-08-17 01:58:46,-16.72058332669684,77a29e2a-959b-4b3a-ae12-5e0352dda998,37.0347625,-119.675659
2016-08-29 01:58:51,-21.586515404072653,77a29e2a-959b-4b3a-ae12-5e0352dda998,37.0347625,-119.675659
2016-09-10 01:58:47,-19.1807620121488,77a29e2a-959b-4b3a-ae12-5e0352dda998,37.0347625,-119.675659
2016-09-22 13:59:32,-12.974021865939275,77a29e2a-959b-4b3a-ae12-5e0352dda998,37.0347625,-119.675659
2016-10-04 01:58:47,-18.879744060419227,77a29e2a-959b-4b3a-ae12-5e0352dda998,37.0347625,-119.675659
2016-10-16 13:59:32,-14.804887846208066,77a29e2a-959b-4b3a-ae12-5e0352dda998,37.0347625,-119.675659
2016-10-28 01:58:47,-12.065050520748814,77a29e2a-959b-4b3a-ae12-5e0352dda998,37.0347625,-119.675659
2016-11-09 13:59:32,-13.85963692782485,77a29e2a-959b-4b3a-ae12-5e0352dda998,37.0347625,-119.675659
2016-12-03 13:59:32,-11.103051307104154,77a29e2a-959b-4b3a-ae12-5e0352dda998,37.0347625,-119.675659
2016-12-15 01:58:46,-18.64293616853592,77a29e2a-959b-4b3a-ae12-5e0352dda998,37.0347625,-119.675659
2016-12-27 13:59:31,-13.834766805205813,77a29e2a-959b-4b3a-ae12-5e0352dda998,37.0347625,-119.675659
2017-01-08 01:58:44,-14.005125173753942,77a29e2a-959b-4b3a-ae12-5e0352dda998,37.0347625,-119.675659
2017-01-20 13:59:28,-7.632381394861172,77a29e2a-959b-4b3a-ae12-5e0352dda998,37.0347625,-119.675659
2017-02-01 01:58:44,-18.67271908931344,77a29e2a-959b-4b3a-ae12-5e0352dda998,37.0347625,-119.675659
2017-02-13 01:58:46,-16.083509009729053,77a29e2a-959b-4b3a-ae12-5e0352dda998,37.0347625,-119.675659
2017-02-13 13:59:29,-9.585519600497705,77a29e2a-959b-4b3a-ae12-5e0352dda998,37.0347625,-119.675659
2017-02-25 13:59:42,-14.413517019754451,77a29e2a-959b-4b3a-ae12-5e0352dda998,37.0347625,-119.675659
2017-03-09 13:59:42,-12.63452849470279,77a29e2a-959b-4b3a-ae12-5e0352dda998,37.0347625,-119.675659
2017-03-21 13:59:42,-11.79055386918954,77a29e2a-959b-4b3a-ae12-5e0352dda998,37.0347625,-119.675659
2017-04-02 13:59:43,-16.64451995178666,77a29e2a-959b-4b3a-ae12-5e0352dda998,37.0347625,-119.675659
2017-04-14 13:59:43,-11.558701548247491,77a29e2a-959b-4b3a-ae12-5e0352dda998,37.0347625,-119.675659
2017-04-26 13:59:44,-10.839651821873693,77a29e2a-959b-4b3a-ae12-5e0352dda998,37.0347625,-119.675659
2017-05-08 13:59:45,-13.817592991960359,77a29e2a-959b-4b3a-ae12-5e0352dda998,37.0347625,-119.675659
2017-05-20 13:59:45,-13.50633704091299,77a29e2a-959b-4b3a-ae12-5e0352dda998,37.0347625,-119.675659
2017-06-01 13:59:46,-12.009722214652248,77a29e2a-959b-4b3a-ae12-5e0352dda998,37.0347625,-119.675659
2017-06-13 13:59:47,-12.408272791285565,77a29e2a-959b-4b3a-ae12-5e0352dda998,37.0347625,-119.675659
2017-06-25 13:59:47,-12.918628681153585,77a29e2a-959b-4b3a-ae12-5e0352dda998,37.0347625,-119.675659
2017-07-07 13:59:48,-11.094440114135688,77a29e2a-959b-4b3a-ae12-5e0352dda998,37.0347625,-119.675659
2017-07-19 13:59:49,-12.061205728364627,77a29e2a-959b-4b3a-ae12-5e0352dda998,37.0347625,-119.675659
2017-07-31 13:59:49,-13.55502078252131,77a29e2a-959b-4b3a-ae12-5e0352dda998,37.0347625,-119.675659
2017-08-12 13:59:50,-13.691351770471822,77a29e2a-959b-4b3a-ae12-5e0352dda998,37.0347625,-119.675659
2017-08-24 13:59:51,-15.692768352216909,77a29e2a-959b-4b3a-ae12-5e0352dda998,37.0347625,-119.675659
2017-09-05 13:59:51,-12.71759291333615,77a29e2a-959b-4b3a-ae12-5e0352dda998,37.0347625,-119.675659
2017-09-17 13:59:52,-10.907344492754165,77a29e2a-959b-4b3a-ae12-5e0352dda998,37.0347625,-119.675659
2017-09-29 13:59:52,-13.338092444805827,77a29e2a-959b-4b3a-ae12-5e0352dda998,37.0347625,-119.675659
2017-10-11 13:59:52,-13.026349690671793,77a29e2a-959b-4b3a-ae12-5e0352dda998,37.0347625,-119.675659
2017-10-23 13:59:52,-12.972432823512875,77a29e2a-959b-4b3a-ae12-5e0352dda998,37.0347625,-119.675659
2017-11-04 13:59:52,-16.724117972739236,77a29e2a-959b-4b3a-ae12-5e0352dda998,37.0347625,-119.675659
2017-11-16 13:59:52,-13.341555333099574,77a29e2a-959b-4b3a-ae12-5e0352dda998,37.0347625,-119.675659
2017-11-28 13:59:52,-7.878327562780401,77a29e2a-959b-4b3a-ae12-5e0352dda998,37.0347625,-119.675659
2017-12-10 13:59:51,-11.49567628407963,77a29e2a-959b-4b3a-ae12-5e0352dda998,37.0347625,-119.675659
2017-12-22 13:59:50,-12.352771700975644,77a29e2a-959b-4b3a-ae12-5e0352dda998,37.0347625,-119.675659
2018-01-03 13:59:50,-14.321606063645621,77a29e2a-959b-4b3a-ae12-5e0352dda998,37.0347625,-119.675659
2018-01-15 13:59:50,-11.949722953808585,77a29e2a-959b-4b3a-ae12-5e0352dda998,37.0347625,-119.675659
2018-01-27 13:59:49,-10.593776567936306,77a29e2a-959b-4b3a-ae12-5e0352dda998,37.0347625,-119.675659
2018-02-08 13:59:49,-13.452766337632006,77a29e2a-959b-4b3a-ae12-5e0352dda998,37.0347625,-119.675659
2018-02-20 13:59:49,-10.776680289527686,77a29e2a-959b-4b3a-ae12-5e0352dda998,37.0347625,-119.675659
2018-03-04 13:59:49,-12.04112165163851,77a29e2a-959b-4b3a-ae12-5e0352dda998,37.0347625,-119.675659
2018-03-16 13:59:49,-8.422639738779694,77a29e2a-959b-4b3a-ae12-5e0352dda998,37.0347625,-119.675659
2018-03-28 13:59:49,-9.669345901173898,77a29e2a-959b-4b3a-ae12-5e0352dda998,37.0347625,-119.675659
2018-04-09 13:59:50,-10.574731397753474,77a29e2a-959b-4b3a-ae12-5e0352dda998,37.0347625,-119.675659
2018-04-21 13:59:50,-14.101616776089593,77a29e2a-959b-4b3a-ae12-5e0352dda998,37.0347625,-119.675659
2018-05-03 13:59:51,-11.748365941322326,77a29e2a-959b-4b3a-ae12-5e0352dda998,37.0347625,-119.675659
2018-05-15 13:59:51,-9.991727221913607,77a29e2a-959b-4b3a-ae12-5e0352dda998,37.0347625,-119.675659
2018-05-27 13:59:52,-11.444942973736012,77a29e2a-959b-4b3a-ae12-5e0352dda998,37.0347625,-119.675659
2018-06-08 13:59:53,-12.022878644012643,77a29e2a-959b-4b3a-ae12-5e0352dda998,37.0347625,-119.675659
2018-06-20 13:59:53,-12.403612982610996,77a29e2a-959b-4b3a-ae12-5e0352dda998,37.0347625,-119.675659
2018-07-02 13:59:54,-12.694568183289409,77a29e2a-959b-4b3a-ae12-5e0352dda998,37.0347625,-119.675659
2018-07-14 13:59:55,-13.210214748359945,77a29e2a-959b-4b3a-ae12-5e0352dda998,37.0347625,-119.675659
2018-07-26 01:59:13,-18.528720728025696,77a29e2a-959b-4b3a-ae12-5e0352dda998,37.0347625,-119.675659
2018-07-26 13:59:30,-12.730861778451173,77a29e2a-959b-4b3a-ae12-5e0352dda998,37.0347625,-119.675659
2018-08-07 01:59:14,-19.803993169272818,77a29e2a-959b-4b3a-ae12-5e0352dda998,37.0347625,-119.675659
2018-08-07 13:59:56,-13.753374171684928,77a29e2a-959b-4b3a-ae12-5e0352dda998,37.0347625,-119.675659
2018-08-19 01:59:14,-16.305985880283696,77a29e2a-959b-4b3a-ae12-5e0352dda998,37.0347625,-119.675659
2018-08-19 13:59:57,-14.44180721756382,77a29e2a-959b-4b3a-ae12-5e0352dda998,37.0347625,-119.675659
2018-08-31 01:59:15,-22.014111913474757,77a29e2a-959b-4b3a-ae12-5e0352dda998,37.0347625,-119.675659
2018-08-31 13:59:58,-13.759734456155083,77a29e2a-959b-4b3a-ae12-5e0352dda998,37.0347625,-119.675659
2018-09-12 01:59:15,-20.228533932322165,77a29e2a-959b-4b3a-ae12-5e0352dda998,37.0347625,-119.675659
2018-09-12 13:59:58,-11.341060595765867,77a29e2a-959b-4b3a-ae12-5e0352dda998,37.0347625,-119.675659
2018-09-24 01:59:16,-16.42015228648389,77a29e2a-959b-4b3a-ae12-5e0352dda998,37.0347625,-119.675659
2018-09-24 13:59:58,-12.302781819763231,77a29e2a-959b-4b3a-ae12-5e0352dda998,37.0347625,-119.675659
2018-10-06 01:59:16,-17.055993957178586,77a29e2a-959b-4b3a-ae12-5e0352dda998,37.0347625,-119.675659
2018-10-06 13:59:59,-13.227827591890602,77a29e2a-959b-4b3a-ae12-5e0352dda998,37.0347625,-119.675659
2018-10-18 01:59:16,-19.3462505127035,77a29e2a-959b-4b3a-ae12-5e0352dda998,37.0347625,-119.675659
2018-10-18 13:59:59,-12.211726105357524,77a29e2a-959b-4b3a-ae12-5e0352dda998,37.0347625,-119.675659
2018-10-30 01:59:16,-18.836821925560464,77a29e2a-959b-4b3a-ae12-5e0352dda998,37.0347625,-119.675659
2018-10-30 13:59:59,-13.766906657024956,77a29e2a-959b-4b3a-ae12-5e0352dda998,37.0347625,-119.675659
2018-11-11 01:59:16,-19.950736038164486,77a29e2a-959b-4b3a-ae12-5e0352dda998,37.0347625,-119.675659
2018-11-11 13:59:58,-10.910924212790823,77a29e2a-959b-4b3a-ae12-5e0352dda998,37.0347625,-119.675659
2018-11-23 01:59:16,-15.964213149214466,77a29e2a-959b-4b3a-ae12-5e0352dda998,37.0347625,-119.675659
2018-11-23 13:59:58,-12.070995597844762,77a29e2a-959b-4b3a-ae12-5e0352dda998,37.0347625,-119.675659
2018-12-05 01:59:15,-20.29545681718412,77a29e2a-959b-4b3a-ae12-5e0352dda998,37.0347625,-119.675659
2018-12-05 13:59:58,-10.899762952727826,77a29e2a-959b-4b3a-ae12-5e0352dda998,37.0347625,-119.675659
2018-12-17 01:59:15,-15.22502115719059,77a29e2a-959b-4b3a-ae12-5e0352dda998,37.0347625,-119.675659
2018-12-17 13:59:57,-13.674982115118743,77a29e2a-959b-4b3a-ae12-5e0352dda998,37.0347625,-119.675659
2018-12-29 13:59:57,-8.37595087873961,77a29e2a-959b-4b3a-ae12-5e0352dda998,37.0347625,-119.675659
2019-01-10 01:59:19,-13.750440200653976,77a29e2a-959b-4b3a-ae12-5e0352dda998,37.0347625,-119.675659
2019-01-10 13:59:56,-10.789165404222436,77a29e2a-959b-4b3a-ae12-5e0352dda998,37.0347625,-119.675659
2019-01-22 01:59:19,-19.063420788816973,77a29e2a-959b-4b3a-ae12-5e0352dda998,37.0347625,-119.675659
2019-01-22 13:59:56,-11.179560706202047,77a29e2a-959b-4b3a-ae12-5e0352dda998,37.0347625,-119.675659
2019-02-03 13:59:56,-9.39129216296218,77a29e2a-959b-4b3a-ae12-5e0352dda998,37.0347625,-119.675659
2019-02-15 13:59:55,-7.7982160543543415,77a29e2a-959b-4b3a-ae12-5e0352dda998,37.0347625,-119.675659
2019-02-27 01:59:18,-15.339655223117749,77a29e2a-959b-4b3a-ae12-5e0352dda998,37.0347625,-119.675659
2019-02-27 13:59:55,-10.207892049515698,77a29e2a-959b-4b3a-ae12-5e0352dda998,37.0347625,-119.675659
2019-03-11 01:59:18,-17.5960744721824,77a29e2a-959b-4b3a-ae12-5e0352dda998,37.0347625,-119.675659
2019-03-11 13:59:55,-7.866285611296038,77a29e2a-959b-4b3a-ae12-5e0352dda998,37.0347625,-119.675659
2019-03-23 01:59:19,-14.67426283882467,77a29e2a-959b-4b3a-ae12-5e0352dda998,37.0347625,-119.675659
2019-03-23 13:59:56,-10.451392030321738,77a29e2a-959b-4b3a-ae12-5e0352dda998,37.0347625,-119.675659
2019-04-04 01:59:19,-18.546797313862943,77a29e2a-959b-4b3a-ae12-5e0352dda998,37.0347625,-119.675659
2019-04-04 13:59:56,-11.791827082593397,77a29e2a-959b-4b3a-ae12-5e0352dda998,37.0347625,-119.675659
2019-04-16 01:59:19,-17.322888437241204,77a29e2a-959b-4b3a-ae12-5e0352dda998,37.0347625,-119.675659
2019-04-16 13:59:56,-9.603445587465366,77a29e2a-959b-4b3a-ae12-5e0352dda998,37.0347625,-119.675659
2019-04-28 01:59:20,-17.40962016782357,77a29e2a-959b-4b3a-ae12-5e0352dda998,37.0347625,-119.675659
2019-04-28 13:59:57,-13.64662399389778,77a29e2a-959b-4b3a-ae12-5e0352dda998,37.0347625,-119.675659
2019-05-10 01:59:20,-19.562578766770642,77a29e2a-959b-4b3a-ae12-5e0352dda998,37.0347625,-119.675659
2019-05-10 13:59:57,-9.132308763619406,77a29e2a-959b-4b3a-ae12-5e0352dda998,37.0347625,-119.675659
2019-05-22 01:59:21,-17.137756674704978,77a29e2a-959b-4b3a-ae12-5e0352dda998,37.0347625,-119.675659
2019-05-22 13:59:58,-7.921776535573433,77a29e2a-959b-4b3a-ae12-5e0352dda998,37.0347625,-119.675659
2019-06-03 01:59:21,-17.139164975858932,77a29e2a-959b-4b3a-ae12-5e0352dda998,37.0347625,-119.675659
2019-06-03 13:59:58,-8.204133804555648,77a29e2a-959b-4b3a-ae12-5e0352dda998,37.0347625,-119.675659
2019-06-15 01:59:22,-19.90249119348241,77a29e2a-959b-4b3a-ae12-5e0352dda998,37.0347625,-119.675659
2019-06-15 13:59:59,-12.528655110784182,77a29e2a-959b-4b3a-ae12-5e0352dda998,37.0347625,-119.675659
2019-06-27 01:59:23,-15.083019781286257,77a29e2a-959b-4b3a-ae12-5e0352dda998,37.0347625,-119.675659
2019-06-27 14:00:00,-12.256414143588803,77a29e2a-959b-4b3a-ae12-5e0352dda998,37.0347625,-119.675659
2019-07-09 01:59:23,-15.262597810915606,77a29e2a-959b-4b3a-ae12-5e0352dda998,37.0347625,-119.675659
2019-07-09 14:00:00,-11.345560584878342,77a29e2a-959b-4b3a-ae12-5e0352dda998,37.0347625,-119.675659
2019-07-21 01:59:24,-17.720286961816747,77a29e2a-959b-4b3a-ae12-5e0352dda998,37.0347625,-119.675659
2019-07-21 14:00:01,-12.430370159238702,77a29e2a-959b-4b3a-ae12-5e0352dda998,37.0347625,-119.675659
2019-08-02 01:59:25,-18.407359539008453,77a29e2a-959b-4b3a-ae12-5e0352dda998,37.0347625,-119.675659
2019-08-02 14:00:02,-11.45625019742998,77a29e2a-959b-4b3a-ae12-5e0352dda998,37.0347625,-119.675659
2019-08-14 14:00:03,-10.70594261133143,77a29e2a-959b-4b3a-ae12-5e0352dda998,37.0347625,-119.675659
2019-08-26 01:59:27,-18.09107712561137,77a29e2a-959b-4b3a-ae12-5e0352dda998,37.0347625,-119.675659
2019-08-26 14:00:03,-10.361181955222088,77a29e2a-959b-4b3a-ae12-5e0352dda998,37.0347625,-119.675659
2019-09-07 01:59:27,-16.228854570061976,77a29e2a-959b-4b3a-ae12-5e0352dda998,37.0347625,-119.675659
2019-09-07 14:00:04,-10.378583786043837,77a29e2a-959b-4b3a-ae12-5e0352dda998,37.0347625,-119.675659
2019-09-19 01:59:27,-15.948579512520627,77a29e2a-959b-4b3a-ae12-5e0352dda998,37.0347625,-119.675659
2019-09-19 14:00:04,-12.215404268297336,77a29e2a-959b-4b3a-ae12-5e0352dda998,37.0347625,-119.675659
2019-10-01 01:59:28,-17.220111785830035,77a29e2a-959b-4b3a-ae12-5e0352dda998,37.0347625,-119.675659
2019-10-01 14:00:05,-12.723579360480755,77a29e2a-959b-4b3a-ae12-5e0352dda998,37.0347625,-119.675659
2019-10-13 01:59:28,-14.375254462552716,77a29e2a-959b-4b3a-ae12-5e0352dda998,37.0347625,-119.675659
2019-10-13 14:00:05,-11.687743119272344,77a29e2a-959b-4b3a-ae12-5e0352dda998,37.0347625,-119.675659
2019-10-25 01:59:28,-16.598962140544828,77a29e2a-959b-4b3a-ae12-5e0352dda998,37.0347625,-119.675659
2019-10-25 14:00:05,-11.565777887666892,77a29e2a-959b-4b3a-ae12-5e0352dda998,37.0347625,-119.675659
2019-11-06 01:59:28,-14.79718827412187,77a29e2a-959b-4b3a-ae12-5e0352dda998,37.0347625,-119.675659
2019-11-06 14:00:05,-11.499807797518445,77a29e2a-959b-4b3a-ae12-5e0352dda998,37.0347625,-119.675659
2019-11-18 01:59:28,-15.872756058595684,77a29e2a-959b-4b3a-ae12-5e0352dda998,37.0347625,-119.675659
2019-11-18 14:00:05,-13.676629547670302,77a29e2a-959b-4b3a-ae12-5e0352dda998,37.0347625,-119.675659
2019-11-30 01:59:27,-16.994661754478578,77a29e2a-959b-4b3a-ae12-5e0352dda998,37.0347625,-119.675659
2019-11-30 14:00:04,-8.87636337035198,77a29e2a-959b-4b3a-ae12-5e0352dda998,37.0347625,-119.675659
2019-12-12 01:59:27,-15.648563616191757,77a29e2a-959b-4b3a-ae12-5e0352dda998,37.0347625,-119.675659
2019-12-12 14:00:04,-10.420171086071726,77a29e2a-959b-4b3a-ae12-5e0352dda998,37.0347625,-119.675659
2019-12-24 14:00:04,-12.259557819698912,77a29e2a-959b-4b3a-ae12-5e0352dda998,37.0347625,-119.675659
2020-01-05 01:59:26,-18.362246884876438,77a29e2a-959b-4b3a-ae12-5e0352dda998,37.0347625,-119.675659
2020-01-05 14:00:03,-13.838552334957752,77a29e2a-959b-4b3a-ae12-5e0352dda998,37.0347625,-119.675659
2020-01-17 01:59:26,-13.299255902869094,77a29e2a-959b-4b3a-ae12-5e0352dda998,37.0347625,-119.675659
2020-01-17 14:00:02,-9.305959006408047,77a29e2a-959b-4b3a-ae12-5e0352dda998,37.0347625,-119.675659
2020-01-29 01:59:25,-18.941032286411104,77a29e2a-959b-4b3a-ae12-5e0352dda998,37.0347625,-119.675659
2020-01-29 14:00:02,-12.221920998096357,77a29e2a-959b-4b3a-ae12-5e0352dda998,37.0347625,-119.675659
2020-02-10 01:59:25,-18.574619002493126,77a29e2a-959b-4b3a-ae12-5e0352dda998,37.0347625,-119.675659
2020-02-10 14:00:02,-16.828049601203862,77a29e2a-959b-4b3a-ae12-5e0352dda998,37.0347625,-119.675659
2020-02-22 01:59:25,-16.45672545027004,77a29e2a-959b-4b3a-ae12-5e0352dda998,37.0347625,-119.675659
2020-02-22 14:00:02,-9.873440095053017,77a29e2a-959b-4b3a-ae12-5e0352dda998,37.0347625,-119.675659
2020-03-05 01:59:25,-17.115520893853866,77a29e2a-959b-4b3a-ae12-5e0352dda998,37.0347625,-119.675659
2020-03-05 14:00:02,-12.706192792040499,77a29e2a-959b-4b3a-ae12-5e0352dda998,37.0347625,-119.675659
2020-03-17 01:59:25,-15.396373746692998,77a29e2a-959b-4b3a-ae12-5e0352dda998,37.0347625,-119.675659
2020-03-17 14:00:02,-9.891676724913378,77a29e2a-959b-4b3a-ae12-5e0352dda998,37.0347625,-119.675659
2020-03-29 01:59:25,-16.379130734810094,77a29e2a-959b-4b3a-ae12-5e0352dda998,37.0347625,-119.675659
2020-03-29 14:00:02,-11.361745224988438,77a29e2a-959b-4b3a-ae12-5e0352dda998,37.0347625,-119.675659
2020-04-10 01:59:25,-16.5849429920527,77a29e2a-959b-4b3a-ae12-5e0352dda998,37.0347625,-119.675659
2020-04-10 14:00:02,-12.537097626458332,77a29e2a-959b-4b3a-ae12-5e0352dda998,37.0347625,-119.675659
2020-04-22 01:59:26,-15.177933704416496,77a29e2a-959b-4b3a-ae12-5e0352dda998,37.0347625,-119.675659
2020-04-22 14:00:03,-13.414938249670032,77a29e2a-959b-4b3a-ae12-5e0352dda998,37.0347625,-119.675659
2020-05-04 01:59:26,-13.579188717689268,77a29e2a-959b-4b3a-ae12-5e0352dda998,37.0347625,-119.675659
2020-05-04 14:00:03,-14.81019238419593,77a29e2a-959b-4b3a-ae12-5e0352dda998,37.0347625,-119.675659
2020-05-16 01:59:27,-15.018663587785102,77a29e2a-959b-4b3a-ae12-5e0352dda998,37.0347625,-119.675659
2020-05-16 14:00:04,-13.66372031604974,77a29e2a-959b-4b3a-ae12-5e0352dda998,37.0347625,-119.675659
2020-05-28 01:59:28,-15.137982597476862,77a29e2a-959b-4b3a-ae12-5e0352dda998,37.0347625,-119.675659
2020-05-28 14:00:05,-11.513260132782992,77a29e2a-959b-4b3a-ae12-5e0352dda998,37.0347625,-119.675659
2020-06-09 01:59:29,-16.650986084193935,77a29e2a-959b-4b3a-ae12-5e0352dda998,37.0347625,-119.675659
2020-06-09 14:00:05,-12.727302108606779,77a29e2a-959b-4b3a-ae12-5e0352dda998,37.0347625,-119.675659
2020-06-21 01:59:29,-17.315327099088005,77a29e2a-959b-4b3a-ae12-5e0352dda998,37.0347625,-119.675659
2020-06-21 14:00:06,-12.460254404622582,77a29e2a-959b-4b3a-ae12-5e0352dda998,37.0347625,-119.675659
2020-07-03 01:59:30,-16.20304386752117,77a29e2a-959b-4b3a-ae12-5e0352dda998,37.0347625,-119.675659
2020-07-03 14:00:07,-9.645127226704584,77a29e2a-959b-4b3a-ae12-5e0352dda998,37.0347625,-119.675659
2020-07-15 01:59:30,-15.352668092041679,77a29e2a-959b-4b3a-ae12-5e0352dda998,37.0347625,-119.675659
2020-07-15 14:00:07,-8.519413762196137,77a29e2a-959b-4b3a-ae12-5e0352dda998,37.0347625,-119.675659
2020-07-27 01:59:31,-15.628660241559448,77a29e2a-959b-4b3a-ae12-5e0352dda998,37.0347625,-119.675659
2020-07-27 14:00:08,-9.919523565074869,77a29e2a-959b-4b3a-ae12-5e0352dda998,37.0347625,-119.675659
2020-08-08 01:59:32,-18.2306565997158,77a29e2a-959b-4b3a-ae12-5e0352dda998,37.0347625,-119.675659
2020-08-08 14:00:09,-11.325722716471107,77a29e2a-959b-4b3a-ae12-5e0352dda998,37.0347625,-119.675659
2020-08-20 01:59:33,-15.552852233935564,77a29e2a-959b-4b3a-ae12-5e0352dda998,37.0347625,-119.675659
2020-08-20 14:00:10,-9.97187709999052,77a29e2a-959b-4b3a-ae12-5e0352dda998,37.0347625,-119.675659
2020-09-01 01:59:33,-12.860502512148965,77a29e2a-959b-4b3a-ae12-5e0352dda998,37.0347625,-119.675659
2020-09-01 14:00:10,-10.438106884115934,77a29e2a-959b-4b3a-ae12-5e0352dda998,37.0347625,-119.675659
2020-09-13 01:59:34,-16.463180944989414,77a29e2a-959b-4b3a-ae12-5e0352dda998,37.0347625,-119.675659
2020-09-13 14:00:11,-11.212239662741247,77a29e2a-959b-4b3a-ae12-5e0352dda998,37.0347625,-119.675659
2020-09-25 01:59:34,-18.730652456536813,77a29e2a-959b-4b3a-ae12-5e0352dda998,37.0347625,-119.675659
2020-09-25 14:00:11,-11.117985460261794,77a29e2a-959b-4b3a-ae12-5e0352dda998,37.0347625,-119.675659
2020-10-07 01:59:35,-16.557908245007724,77a29e2a-959b-4b3a-ae12-5e0352dda998,37.0347625,-119.675659
2020-10-07 14:00:11,-10.546886304926954,77a29e2a-959b-4b3a-ae12-5e0352dda998,37.0347625,-119.675659
2020-10-19 01:59:35,-16.744295397216415,77a29e2a-959b-4b3a-ae12-5e0352dda998,37.0347625,-119.675659
2020-10-19 14:00:11,-10.62691721116273,77a29e2a-959b-4b3a-ae12-5e0352dda998,37.0347625,-119.675659
2020-10-31 01:59:35,-18.43977214820507,77a29e2a-959b-4b3a-ae12-5e0352dda998,37.0347625,-119.675659
2020-10-31 14:00:11,-11.571192875368295,77a29e2a-959b-4b3a-ae12-5e0352dda998,37.0347625,-119.675659
2020-11-12 01:59:34,-19.72171539002998,77a29e2a-959b-4b3a-ae12-5e0352dda998,37.0347625,-119.675659
2020-11-12 14:00:11,-11.158769389298687,77a29e2a-959b-4b3a-ae12-5e0352dda998,37.0347625,-119.675659
2020-11-24 01:59:34,-16.018216058821718,77a29e2a-959b-4b3a-ae12-5e0352dda998,37.0347625,-119.675659
2020-11-24 14:00:11,-11.799131667842882,77a29e2a-959b-4b3a-ae12-5e0352dda998,37.0347625,-119.675659
2020-12-06 01:59:34,-17.928686786606463,77a29e2a-959b-4b3a-ae12-5e0352dda998,37.0347625,-119.675659
2020-12-06 14:00:10,-15.186134035391973,77a29e2a-959b-4b3a-ae12-5e0352dda998,37.0347625,-119.675659
2020-12-18 01:59:33,-11.96998442567132,77a29e2a-959b-4b3a-ae12-5e0352dda998,37.0347625,-119.675659
2020-12-18 14:00:10,-9.70741530345631,77a29e2a-959b-4b3a-ae12-5e0352dda998,37.0347625,-119.675659
2020-12-30 01:59:32,-15.963957936062663,77a29e2a-959b-4b3a-ae12-5e0352dda998,37.0347625,-119.675659
2020-12-30 14:00:09,-13.857828537367789,77a29e2a-959b-4b3a-ae12-5e0352dda998,37.0347625,-119.675659
2021-01-11 01:59:32,-16.577008489948287,77a29e2a-959b-4b3a-ae12-5e0352dda998,37.0347625,-119.675659
2021-01-11 14:00:09,-15.037383832838305,77a29e2a-959b-4b3a-ae12-5e0352dda998,37.0347625,-119.675659
2021-01-23 01:59:31,-21.625651898169483,77a29e2a-959b-4b3a-ae12-5e0352dda998,37.0347625,-119.675659
2021-01-23 14:00:08,-10.195240609216379,77a29e2a-959b-4b3a-ae12-5e0352dda998,37.0347625,-119.675659
2021-02-04 01:59:31,-16.634768900560715,77a29e2a-959b-4b3a-ae12-5e0352dda998,37.0347625,-119.675659
2021-02-04 14:00:08,-10.062411100261004,77a29e2a-959b-4b3a-ae12-5e0352dda998,37.0347625,-119.675659
2021-02-16 01:59:31,-15.515882903809398,77a29e2a-959b-4b3a-ae12-5e0352dda998,37.0347625,-119.675659
2021-02-16 14:00:08,-12.621408045421576,77a29e2a-959b-4b3a-ae12-5e0352dda998,37.0347625,-119.675659
2021-02-28 01:59:30,-18.756324746289756,77a29e2a-959b-4b3a-ae12-5e0352dda998,37.0347625,-119.675659
2021-02-28 14:00:07,-9.357604073484541,77a29e2a-959b-4b3a-ae12-5e0352dda998,37.0347625,-119.675659
2021-03-12 01:59:31,-19.83927789892732,77a29e2a-959b-4b3a-ae12-5e0352dda998,37.0347625,-119.675659
2021-03-12 14:00:07,-7.743269321463502,77a29e2a-959b-4b3a-ae12-5e0352dda998,37.0347625,-119.675659
2021-03-24 01:59:31,-15.618668662446861,77a29e2a-959b-4b3a-ae12-5e0352dda998,37.0347625,-119.675659
2021-03-24 14:00:08,-10.067367671613974,77a29e2a-959b-4b3a-ae12-5e0352dda998,37.0347625,-119.675659
2021-04-05 01:59:31,-16.463633128264892,77a29e2a-959b-4b3a-ae12-5e0352dda998,37.0347625,-119.675659
2021-04-05 14:00:08,-9.3579426154908,77a29e2a-959b-4b3a-ae12-5e0352dda998,37.0347625,-119.675659
2021-04-17 01:59:32,-15.01516078934478,77a29e2a-959b-4b3a-ae12-5e0352dda998,37.0347625,-119.675659
2021-04-17 14:00:08,-9.870662786023459,77a29e2a-959b-4b3a-ae12-5e0352dda998,37.0347625,-119.675659
2021-04-29 01:59:32,-15.321367552040455,77a29e2a-959b-4b3a-ae12-5e0352dda998,37.0347625,-119.675659
2021-04-29 14:00:09,-11.977950338854862,77a29e2a-959b-4b3a-ae12-5e0352dda998,37.0347625,-119.675659
2021-05-11 01:59:33,-17.351779564527934,77a29e2a-959b-4b3a-ae12-5e0352dda998,37.0347625,-119.675659
2021-05-11 14:00:10,-11.192284462569482,77a29e2a-959b-4b3a-ae12-5e0352dda998,37.0347625,-119.675659
2021-05-23 01:59:33,-14.572063498956428,77a29e2a-959b-4b3a-ae12-5e0352dda998,37.0347625,-119.675659
2021-05-23 14:00:10,-14.083822579016289,77a29e2a-959b-4b3a-ae12-5e0352dda998,37.0347625,-119.675659
2021-06-04 01:59:34,-19.143468559589344,77a29e2a-959b-4b3a-ae12-5e0352dda998,37.0347625,-119.675659
2021-06-04 14:00:11,-12.842666672140693,77a29e2a-959b-4b3a-ae12-5e0352dda998,37.0347625,-119.675659
2021-06-16 01:59:35,-21.013176714018197,77a29e2a-959b-4b3a-ae12-5e0352dda998,37.0347625,-119.675659
2021-06-16 14:00:12,-12.444684391287286,77a29e2a-959b-4b3a-ae12-5e0352dda998,37.0347625,-119.675659
2021-06-28 01:59:35,-16.48228382984641,77a29e2a-959b-4b3a-ae12-5e0352dda998,37.0347625,-119.675659
2021-06-28 14:00:12,-12.852514699771415,77a29e2a-959b-4b3a-ae12-5e0352dda998,37.0347625,-119.675659
2021-07-10 01:59:36,-16.787317899268444,77a29e2a-959b-4b3a-ae12-5e0352dda998,37.0347625,-119.675659
2021-07-10 14:00:13,-15.510482068173248,77a29e2a-959b-4b3a-ae12-5e0352dda998,37.0347625,-119.675659
2021-07-22 01:59:37,-17.380775465238788,77a29e2a-959b-4b3a-ae12-5e0352dda998,37.0347625,-119.675659
2021-07-22 13:59:49,-13.102468563648369,77a29e2a-959b-4b3a-ae12-5e0352dda998,37.0347625,-119.675659
2021-08-03 01:59:38,-16.871109573927207,77a29e2a-959b-4b3a-ae12-5e0352dda998,37.0347625,-119.675659
2021-08-03 13:59:50,-13.648120913445023,77a29e2a-959b-4b3a-ae12-5e0352dda998,37.0347625,-119.675659
2021-08-15 01:59:38,-18.971834799500716,77a29e2a-959b-4b3a-ae12-5e0352dda998,37.0347625,-119.675659
2021-08-15 14:00:15,-12.619649222171425,77a29e2a-959b-4b3a-ae12-5e0352dda998,37.0347625,-119.675659
2021-08-27 01:59:39,-19.457531265201496,77a29e2a-959b-4b3a-ae12-5e0352dda998,37.0347625,-119.675659
2021-08-27 14:00:16,-11.886638845627465,77a29e2a-959b-4b3a-ae12-5e0352dda998,37.0347625,-119.675659
2021-09-08 01:59:39,-16.364206262777834,77a29e2a-959b-4b3a-ae12-5e0352dda998,37.0347625,-119.675659
2021-09-08 14:00:16,-11.194638477796975,77a29e2a-959b-4b3a-ae12-5e0352dda998,37.0347625,-119.675659
2021-09-20 01:59:40,-20.161267661911907,77a29e2a-959b-4b3a-ae12-5e0352dda998,37.0347625,-119.675659
2021-09-20 14:00:17,-12.914816205512418,77a29e2a-959b-4b3a-ae12-5e0352dda998,37.0347625,-119.675659
2021-10-02 01:59:40,-21.279382359119822,77a29e2a-959b-4b3a-ae12-5e0352dda998,37.0347625,-119.675659
2021-10-02 14:00:17,-12.73967257248946,77a29e2a-959b-4b3a-ae12-5e0352dda998,37.0347625,-119.675659
2021-10-14 01:59:40,-20.2598250285007,77a29e2a-959b-4b3a-ae12-5e0352dda998,37.0347625,-119.675659
2021-10-14 14:00:17,-13.832331751908882,77a29e2a-959b-4b3a-ae12-5e0352dda998,37.0347625,-119.675659
2021-10-26 01:59:40,-14.802930748794079,77a29e2a-959b-4b3a-ae12-5e0352dda998,37.0347625,-119.675659
2021-10-26 14:00:17,-7.937167861179595,77a29e2a-959b-4b3a-ae12-5e0352dda998,37.0347625,-119.675659
2021-11-07 01:59:40,-19.716766753118705,77a29e2a-959b-4b3a-ae12-5e0352dda998,37.0347625,-119.675659
2021-11-19 01:59:37,-18.409267668056557,77a29e2a-959b-4b3a-ae12-5e0352dda998,37.0347625,-119.675659
2021-11-19 14:00:17,-7.5934436955001186,77a29e2a-959b-4b3a-ae12-5e0352dda998,37.0347625,-119.675659
2021-12-01 01:59:37,-20.814154510855346,77a29e2a-959b-4b3a-ae12-5e0352dda998,37.0347625,-119.675659
2021-12-01 14:00:16,-9.719222167670434,77a29e2a-959b-4b3a-ae12-5e0352dda998,37.0347625,-119.675659
2021-12-13 01:59:36,-18.01273872710059,77a29e2a-959b-4b3a-ae12-5e0352dda998,37.0347625,-119.675659
2021-12-13 14:00:16,-8.335885620756972,77a29e2a-959b-4b3a-ae12-5e0352dda998,37.0347625,-119.675659
2021-12-25 14:00:15,-7.757531933284839,77a29e2a-959b-4b3a-ae12-5e0352dda998,37.0347625,-119.675659
2014-10-15 13:59:22,-14.649815511112283,77a29e2a-959b-4b3a-ae12-5e0352dda998,37.0347625,-119.675659
2014-11-08 13:59:22,-13.168551612463798,77a29e2a-959b-4b3a-ae12-5e0352dda998,37.0347625,-119.675659
2014-12-02 13:59:22,-9.45969437914685,77a29e2a-959b-4b3a-ae12-5e0352dda998,37.0347625,-119.675659
2014-12-26 13:59:21,-13.01121894102383,77a29e2a-959b-4b3a-ae12-5e0352dda998,37.0347625,-119.675659
2015-01-07 01:58:44,-15.162232292842583,77a29e2a-959b-4b3a-ae12-5e0352dda998,37.0347625,-119.675659
2015-01-31 01:58:51,-15.7571316424721,77a29e2a-959b-4b3a-ae12-5e0352dda998,37.0347625,-119.675659
2015-02-12 13:59:19,-9.408924323953867,77a29e2a-959b-4b3a-ae12-5e0352dda998,37.0347625,-119.675659
2015-02-24 01:58:45,-14.533235172715608,77a29e2a-959b-4b3a-ae12-5e0352dda998,37.0347625,-119.675659
2015-03-08 13:59:20,-10.856887771785287,77a29e2a-959b-4b3a-ae12-5e0352dda998,37.0347625,-119.675659
2015-03-20 01:58:27,-11.61957219195176,77a29e2a-959b-4b3a-ae12-5e0352dda998,37.0347625,-119.675659
2015-04-01 13:59:20,-14.259848509010034,77a29e2a-959b-4b3a-ae12-5e0352dda998,37.0347625,-119.675659
2015-04-13 01:58:50,-16.65791197196207,77a29e2a-959b-4b3a-ae12-5e0352dda998,37.0347625,-119.675659
2015-04-25 13:59:22,-6.469003734039944,77a29e2a-959b-4b3a-ae12-5e0352dda998,37.0347625,-119.675659
2015-05-07 01:58:45,-19.554805149618385,77a29e2a-959b-4b3a-ae12-5e0352dda998,37.0347625,-119.675659
2015-05-31 01:58:38,-21.247182322816,77a29e2a-959b-4b3a-ae12-5e0352dda998,37.0347625,-119.675659
2015-06-12 13:59:25,-10.521086430580846,77a29e2a-959b-4b3a-ae12-5e0352dda998,37.0347625,-119.675659
2015-06-24 01:58:40,-14.601409703357714,77a29e2a-959b-4b3a-ae12-5e0352dda998,37.0347625,-119.675659
2015-07-06 13:59:25,-13.035736337466057,77a29e2a-959b-4b3a-ae12-5e0352dda998,37.0347625,-119.675659
2015-07-18 01:58:40,-17.76982255135916,77a29e2a-959b-4b3a-ae12-5e0352dda998,37.0347625,-119.675659
2015-07-30 13:59:26,-12.99792721355685,77a29e2a-959b-4b3a-ae12-5e0352dda998,37.0347625,-119.675659
2015-08-11 01:58:41,-13.459105688938306,77a29e2a-959b-4b3a-ae12-5e0352dda998,37.0347625,-119.675659
2015-08-23 13:59:28,-8.529860872818237,77a29e2a-959b-4b3a-ae12-5e0352dda998,37.0347625,-119.675659
2015-09-04 01:58:42,-15.94534281379663,77a29e2a-959b-4b3a-ae12-5e0352dda998,37.0347625,-119.675659
2015-09-16 13:59:28,-10.133572682666417,77a29e2a-959b-4b3a-ae12-5e0352dda998,37.0347625,-119.675659
2015-09-28 01:58:43,-15.819295442525451,77a29e2a-959b-4b3a-ae12-5e0352dda998,37.0347625,-119.675659
2015-10-10 13:59:29,-12.013298851784274,77a29e2a-959b-4b3a-ae12-5e0352dda998,37.0347625,-119.675659
2015-11-03 13:59:29,-10.011083229135071,77a29e2a-959b-4b3a-ae12-5e0352dda998,37.0347625,-119.675659
2015-11-15 01:59:02,-18.977693583903715,77a29e2a-959b-4b3a-ae12-5e0352dda998,37.0347625,-119.675659
2015-11-15 01:59:02,-18.977693583903715,77a29e2a-959b-4b3a-ae12-5e0352dda998,37.0347625,-119.675659
2015-11-27 13:59:23,-10.776957346658524,77a29e2a-959b-4b3a-ae12-5e0352dda998,37.0347625,-119.675659
2015-12-21 13:59:22,-7.411742475937523,77a29e2a-959b-4b3a-ae12-5e0352dda998,37.0347625,-119.675659
2016-01-14 13:59:21,-9.641977736417326,77a29e2a-959b-4b3a-ae12-5e0352dda998,37.0347625,-119.675659
2016-01-26 01:59:00,-15.116436579554346,77a29e2a-959b-4b3a-ae12-5e0352dda998,37.0347625,-119.675659
2016-02-07 13:59:21,-11.45664025275977,77a29e2a-959b-4b3a-ae12-5e0352dda998,37.0347625,-119.675659
2016-02-19 01:59:00,-16.442357872781706,77a29e2a-959b-4b3a-ae12-5e0352dda998,37.0347625,-119.675659
2016-03-02 13:59:21,-17.26754545226745,77a29e2a-959b-4b3a-ae12-5e0352dda998,37.0347625,-119.675659
2016-03-26 13:59:21,-12.924986446635828,77a29e2a-959b-4b3a-ae12-5e0352dda998,37.0347625,-119.675659
2016-04-07 01:59:01,-15.961250760856348,77a29e2a-959b-4b3a-ae12-5e0352dda998,37.0347625,-119.675659
2016-04-19 13:59:17,-12.276043964160323,77a29e2a-959b-4b3a-ae12-5e0352dda998,37.0347625,-119.675659
2016-05-01 01:59:02,-17.078265997194173,77a29e2a-959b-4b3a-ae12-5e0352dda998,37.0347625,-119.675659
2016-05-13 13:59:23,-11.655233410544664,77a29e2a-959b-4b3a-ae12-5e0352dda998,37.0347625,-119.675659
2016-05-25 01:58:41,-18.603357795744916,77a29e2a-959b-4b3a-ae12-5e0352dda998,37.0347625,-119.675659
2016-06-06 13:59:25,-12.63788103669755,77a29e2a-959b-4b3a-ae12-5e0352dda998,37.0347625,-119.675659
2016-06-30 13:59:26,-13.819294261164579,77a29e2a-959b-4b3a-ae12-5e0352dda998,37.0347625,-119.675659
2016-07-24 13:59:27,-12.7133282345795,77a29e2a-959b-4b3a-ae12-5e0352dda998,37.0347625,-119.675659
2016-08-05 01:58:45,-18.850141761223924,77a29e2a-959b-4b3a-ae12-5e0352dda998,37.0347625,-119.675659
2016-08-17 13:59:29,-14.51465449252851,77a29e2a-959b-4b3a-ae12-5e0352dda998,37.0347625,-119.675659
2016-09-10 13:59:30,-11.861045021124623,77a29e2a-959b-4b3a-ae12-5e0352dda998,37.0347625,-119.675659
2016-09-22 01:58:47,-19.694075316307202,77a29e2a-959b-4b3a-ae12-5e0352dda998,37.0347625,-119.675659
2016-10-04 13:59:46,-12.44745661950456,77a29e2a-959b-4b3a-ae12-5e0352dda998,37.0347625,-119.675659
2016-10-16 01:58:50,-17.184339263068203,77a29e2a-959b-4b3a-ae12-5e0352dda998,37.0347625,-119.675659
2016-10-28 13:59:46,-9.470038972785117,77a29e2a-959b-4b3a-ae12-5e0352dda998,37.0347625,-119.675659
2016-11-09 01:58:50,-16.952083756135185,77a29e2a-959b-4b3a-ae12-5e0352dda998,37.0347625,-119.675659
2016-11-21 13:59:46,-8.718329447255263,77a29e2a-959b-4b3a-ae12-5e0352dda998,37.0347625,-119.675659
2016-12-03 01:58:49,-19.011567251410376,77a29e2a-959b-4b3a-ae12-5e0352dda998,37.0347625,-119.675659
2016-12-15 13:59:45,-12.203298090871332,77a29e2a-959b-4b3a-ae12-5e0352dda998,37.0347625,-119.675659
2016-12-27 01:58:48,-13.804115546943743,77a29e2a-959b-4b3a-ae12-5e0352dda998,37.0347625,-119.675659
2017-01-08 13:59:43,-9.712622217715314,77a29e2a-959b-4b3a-ae12-5e0352dda998,37.0347625,-119.675659
2017-01-20 01:58:46,-15.125765613491,77a29e2a-959b-4b3a-ae12-5e0352dda998,37.0347625,-119.675659
2017-02-01 13:59:43,-12.782543132441305,77a29e2a-959b-4b3a-ae12-5e0352dda998,37.0347625,-119.675659
2016-11-03 01:58:25,-20.927873615889865,77a29e2a-959b-4b3a-ae12-5e0352dda998,37.0347625,-119.675659
2016-11-27 01:58:25,-17.268260855895033,77a29e2a-959b-4b3a-ae12-5e0352dda998,37.0347625,-119.675659
2016-12-21 01:58:24,-18.134166716009002,77a29e2a-959b-4b3a-ae12-5e0352dda998,37.0347625,-119.675659
2017-01-02 01:58:05,-16.280101526090693,77a29e2a-959b-4b3a-ae12-5e0352dda998,37.0347625,-119.675659
2017-01-14 01:58:13,-17.41384227478569,77a29e2a-959b-4b3a-ae12-5e0352dda998,37.0347625,-119.675659
2017-01-14 13:58:43,-10.195026035255303,77a29e2a-959b-4b3a-ae12-5e0352dda998,37.0347625,-119.675659
2017-01-26 01:58:04,-20.667289467097987,77a29e2a-959b-4b3a-ae12-5e0352dda998,37.0347625,-119.675659
2017-01-26 13:58:46,-11.0796803359027,77a29e2a-959b-4b3a-ae12-5e0352dda998,37.0347625,-119.675659
2017-02-07 01:58:22,-11.69272344400334,77a29e2a-959b-4b3a-ae12-5e0352dda998,37.0347625,-119.675659
2017-02-19 01:58:04,-17.636683303735982,77a29e2a-959b-4b3a-ae12-5e0352dda998,37.0347625,-119.675659
2017-03-03 01:58:20,-16.40596007602984,77a29e2a-959b-4b3a-ae12-5e0352dda998,37.0347625,-119.675659
2017-03-15 01:58:21,-13.902616382147253,77a29e2a-959b-4b3a-ae12-5e0352dda998,37.0347625,-119.675659
2017-03-27 01:58:21,-16.175310266503043,77a29e2a-959b-4b3a-ae12-5e0352dda998,37.0347625,-119.675659
2017-04-08 01:58:21,-14.539858591135493,77a29e2a-959b-4b3a-ae12-5e0352dda998,37.0347625,-119.675659
2017-04-20 01:58:22,-13.062443798544157,77a29e2a-959b-4b3a-ae12-5e0352dda998,37.0347625,-119.675659
2017-05-02 01:58:23,-18.724056618072616,77a29e2a-959b-4b3a-ae12-5e0352dda998,37.0347625,-119.675659
2017-05-14 01:58:23,-19.393126751042143,77a29e2a-959b-4b3a-ae12-5e0352dda998,37.0347625,-119.675659
2017-05-26 01:58:24,-19.37123644011602,77a29e2a-959b-4b3a-ae12-5e0352dda998,37.0347625,-119.675659
2017-06-07 01:58:08,-17.832019893861446,77a29e2a-959b-4b3a-ae12-5e0352dda998,37.0347625,-119.675659
2017-07-01 01:58:09,-18.773244363954046,77a29e2a-959b-4b3a-ae12-5e0352dda998,37.0347625,-119.675659
2017-07-13 01:58:10,-20.967286262519245,77a29e2a-959b-4b3a-ae12-5e0352dda998,37.0347625,-119.675659
2017-08-06 01:58:11,-18.09947116176663,77a29e2a-959b-4b3a-ae12-5e0352dda998,37.0347625,-119.675659
2017-08-18 01:58:12,-18.01445744974839,77a29e2a-959b-4b3a-ae12-5e0352dda998,37.0347625,-119.675659
2017-08-30 01:58:12,-21.50078152012779,77a29e2a-959b-4b3a-ae12-5e0352dda998,37.0347625,-119.675659
2017-09-11 01:58:13,-20.61389932737466,77a29e2a-959b-4b3a-ae12-5e0352dda998,37.0347625,-119.675659
2017-09-23 01:58:13,-21.008669284130956,77a29e2a-959b-4b3a-ae12-5e0352dda998,37.0347625,-119.675659
2017-10-05 01:58:14,-19.592175735727867,77a29e2a-959b-4b3a-ae12-5e0352dda998,37.0347625,-119.675659
2017-10-17 01:58:20,-21.967425282555393,77a29e2a-959b-4b3a-ae12-5e0352dda998,37.0347625,-119.675659
2017-10-29 01:58:14,-18.521022914295816,77a29e2a-959b-4b3a-ae12-5e0352dda998,37.0347625,-119.675659
2017-11-10 01:58:13,-18.951881318673475,77a29e2a-959b-4b3a-ae12-5e0352dda998,37.0347625,-119.675659
2017-11-22 01:58:13,-14.469857685056004,77a29e2a-959b-4b3a-ae12-5e0352dda998,37.0347625,-119.675659
2017-12-04 01:58:13,-17.319592820608793,77a29e2a-959b-4b3a-ae12-5e0352dda998,37.0347625,-119.675659
2017-12-16 01:58:13,-18.543846116674974,77a29e2a-959b-4b3a-ae12-5e0352dda998,37.0347625,-119.675659
2017-12-28 01:58:12,-17.729593097588968,77a29e2a-959b-4b3a-ae12-5e0352dda998,37.0347625,-119.675659
2018-01-09 01:58:12,-13.82378897270108,77a29e2a-959b-4b3a-ae12-5e0352dda998,37.0347625,-119.675659
2018-01-21 01:58:11,-20.754650748074393,77a29e2a-959b-4b3a-ae12-5e0352dda998,37.0347625,-119.675659
2018-02-26 01:58:10,-21.97315877325316,77a29e2a-959b-4b3a-ae12-5e0352dda998,37.0347625,-119.675659
2018-03-10 01:58:11,-18.743727169233775,77a29e2a-959b-4b3a-ae12-5e0352dda998,37.0347625,-119.675659
2018-03-22 01:58:11,-15.327644203565862,77a29e2a-959b-4b3a-ae12-5e0352dda998,37.0347625,-119.675659
2018-04-03 01:58:11,-17.191503730155244,77a29e2a-959b-4b3a-ae12-5e0352dda998,37.0347625,-119.675659
2018-04-27 01:58:12,-17.375433268576934,77a29e2a-959b-4b3a-ae12-5e0352dda998,37.0347625,-119.675659
2018-05-21 01:58:13,-17.040239760272414,77a29e2a-959b-4b3a-ae12-5e0352dda998,37.0347625,-119.675659
2018-06-02 01:58:14,-19.25431754142652,77a29e2a-959b-4b3a-ae12-5e0352dda998,37.0347625,-119.675659
2018-07-08 01:58:16,-19.118814884917775,77a29e2a-959b-4b3a-ae12-5e0352dda998,37.0347625,-119.675659
2018-07-20 01:58:17,-18.8539251798975,77a29e2a-959b-4b3a-ae12-5e0352dda998,37.0347625,-119.675659
2018-08-01 01:58:18,-17.07478995066588,77a29e2a-959b-4b3a-ae12-5e0352dda998,37.0347625,-119.675659
2018-08-13 01:58:18,-23.75704557785495,77a29e2a-959b-4b3a-ae12-5e0352dda998,37.0347625,-119.675659
2018-08-25 01:58:19,-17.712686308929765,77a29e2a-959b-4b3a-ae12-5e0352dda998,37.0347625,-119.675659
2018-09-06 01:58:20,-26.561593577728555,77a29e2a-959b-4b3a-ae12-5e0352dda998,37.0347625,-119.675659
2018-09-18 01:58:20,-17.971024005822546,77a29e2a-959b-4b3a-ae12-5e0352dda998,37.0347625,-119.675659
2018-09-30 01:58:20,-19.497425264660556,77a29e2a-959b-4b3a-ae12-5e0352dda998,37.0347625,-119.675659
2018-10-12 01:58:21,-23.219698010051054,77a29e2a-959b-4b3a-ae12-5e0352dda998,37.0347625,-119.675659
2018-10-24 01:58:21,-18.854934242603512,77a29e2a-959b-4b3a-ae12-5e0352dda998,37.0347625,-119.675659
2018-11-05 01:58:20,-20.255563130217556,77a29e2a-959b-4b3a-ae12-5e0352dda998,37.0347625,-119.675659
2018-11-17 01:58:20,-15.70308395460507,77a29e2a-959b-4b3a-ae12-5e0352dda998,37.0347625,-119.675659
2018-11-17 13:59:16,-10.945610063868074,77a29e2a-959b-4b3a-ae12-5e0352dda998,37.0347625,-119.675659
2018-11-29 01:58:20,-17.153506375429004,77a29e2a-959b-4b3a-ae12-5e0352dda998,37.0347625,-119.675659
2018-12-11 01:58:19,-17.142249447390355,77a29e2a-959b-4b3a-ae12-5e0352dda998,37.0347625,-119.675659
2018-12-23 01:58:19,-23.459928402624456,77a29e2a-959b-4b3a-ae12-5e0352dda998,37.0347625,-119.675659
2019-01-04 01:58:18,-18.988234170056526,77a29e2a-959b-4b3a-ae12-5e0352dda998,37.0347625,-119.675659
2019-01-16 01:58:18,-14.625851031481261,77a29e2a-959b-4b3a-ae12-5e0352dda998,37.0347625,-119.675659
2019-01-28 01:58:18,-16.504624197049576,77a29e2a-959b-4b3a-ae12-5e0352dda998,37.0347625,-119.675659
2019-02-09 01:58:17,-16.376962658077993,77a29e2a-959b-4b3a-ae12-5e0352dda998,37.0347625,-119.675659
2019-02-21 01:58:17,-14.288287173667095,77a29e2a-959b-4b3a-ae12-5e0352dda998,37.0347625,-119.675659
2019-03-05 01:58:17,-11.75059951501908,77a29e2a-959b-4b3a-ae12-5e0352dda998,37.0347625,-119.675659
2019-03-17 01:58:17,-15.3496936240198,77a29e2a-959b-4b3a-ae12-5e0352dda998,37.0347625,-119.675659
2019-03-29 01:58:17,-19.656447437794213,77a29e2a-959b-4b3a-ae12-5e0352dda998,37.0347625,-119.675659
2019-04-10 01:58:18,-18.941877351319118,77a29e2a-959b-4b3a-ae12-5e0352dda998,37.0347625,-119.675659
2019-04-22 01:58:18,-17.900354482172467,77a29e2a-959b-4b3a-ae12-5e0352dda998,37.0347625,-119.675659
2019-05-04 01:58:19,-17.824895504560526,77a29e2a-959b-4b3a-ae12-5e0352dda998,37.0347625,-119.675659
2019-05-16 01:58:19,-16.37624090866208,77a29e2a-959b-4b3a-ae12-5e0352dda998,37.0347625,-119.675659
2019-05-28 01:58:20,-20.186178849849455,77a29e2a-959b-4b3a-ae12-5e0352dda998,37.0347625,-119.675659
2019-06-09 01:58:21,-16.52951178115454,77a29e2a-959b-4b3a-ae12-5e0352dda998,37.0347625,-119.675659
2019-06-21 01:58:21,-17.08066627421851,77a29e2a-959b-4b3a-ae12-5e0352dda998,37.0347625,-119.675659
2019-07-03 01:58:22,-20.79938659765876,77a29e2a-959b-4b3a-ae12-5e0352dda998,37.0347625,-119.675659
2019-07-15 01:58:23,-15.313691064697764,77a29e2a-959b-4b3a-ae12-5e0352dda998,37.0347625,-119.675659
2019-07-27 01:58:23,-17.40495263681616,77a29e2a-959b-4b3a-ae12-5e0352dda998,37.0347625,-119.675659
2019-08-08 01:58:24,-16.875138875915116,77a29e2a-959b-4b3a-ae12-5e0352dda998,37.0347625,-119.675659
2019-08-20 01:58:25,-17.022665739667566,77a29e2a-959b-4b3a-ae12-5e0352dda998,37.0347625,-119.675659
2019-08-20 13:59:04,-10.683628730614918,77a29e2a-959b-4b3a-ae12-5e0352dda998,37.0347625,-119.675659
2019-09-01 01:58:25,-15.821127880236839,77a29e2a-959b-4b3a-ae12-5e0352dda998,37.0347625,-119.675659
2019-09-01 13:59:04,-10.385947529617914,77a29e2a-959b-4b3a-ae12-5e0352dda998,37.0347625,-119.675659
2019-09-13 01:58:26,-21.383917532249942,77a29e2a-959b-4b3a-ae12-5e0352dda998,37.0347625,-119.675659
2019-09-13 13:59:05,-10.139361569477984,77a29e2a-959b-4b3a-ae12-5e0352dda998,37.0347625,-119.675659
2019-09-25 01:58:27,-17.123564456585527,77a29e2a-959b-4b3a-ae12-5e0352dda998,37.0347625,-119.675659
2019-09-25 13:59:05,-10.787354338235,77a29e2a-959b-4b3a-ae12-5e0352dda998,37.0347625,-119.675659
2019-10-07 01:58:27,-19.51657665651587,77a29e2a-959b-4b3a-ae12-5e0352dda998,37.0347625,-119.675659
2019-10-07 13:59:05,-12.802701055640675,77a29e2a-959b-4b3a-ae12-5e0352dda998,37.0347625,-119.675659
2019-10-19 01:58:27,-14.478857840756332,77a29e2a-959b-4b3a-ae12-5e0352dda998,37.0347625,-119.675659
2019-10-19 13:59:06,-11.378419148234123,77a29e2a-959b-4b3a-ae12-5e0352dda998,37.0347625,-119.675659
2019-10-31 01:58:27,-16.892218921106778,77a29e2a-959b-4b3a-ae12-5e0352dda998,37.0347625,-119.675659
2019-10-31 13:59:05,-11.495008776727358,77a29e2a-959b-4b3a-ae12-5e0352dda998,37.0347625,-119.675659
2019-11-12 01:58:27,-16.685333641716365,77a29e2a-959b-4b3a-ae12-5e0352dda998,37.0347625,-119.675659
2019-11-12 13:59:05,-13.739693109169268,77a29e2a-959b-4b3a-ae12-5e0352dda998,37.0347625,-119.675659
2019-11-24 01:58:27,-17.73631453064022,77a29e2a-959b-4b3a-ae12-5e0352dda998,37.0347625,-119.675659
2019-11-24 13:59:05,-14.683838949108798,77a29e2a-959b-4b3a-ae12-5e0352dda998,37.0347625,-119.675659
2019-12-06 01:58:26,-14.013335860615715,77a29e2a-959b-4b3a-ae12-5e0352dda998,37.0347625,-119.675659
2019-12-06 13:59:05,-10.102151086536788,77a29e2a-959b-4b3a-ae12-5e0352dda998,37.0347625,-119.675659
2019-12-18 01:58:26,-13.894339020392678,77a29e2a-959b-4b3a-ae12-5e0352dda998,37.0347625,-119.675659
2019-12-18 13:59:04,-11.076899469734073,77a29e2a-959b-4b3a-ae12-5e0352dda998,37.0347625,-119.675659
2019-12-30 01:58:25,-15.965709798964664,77a29e2a-959b-4b3a-ae12-5e0352dda998,37.0347625,-119.675659
2019-12-30 13:59:04,-11.034415069952088,77a29e2a-959b-4b3a-ae12-5e0352dda998,37.0347625,-119.675659
2020-01-11 01:58:25,-18.582871905423033,77a29e2a-959b-4b3a-ae12-5e0352dda998,37.0347625,-119.675659
2020-01-11 13:59:03,-14.119881875353313,77a29e2a-959b-4b3a-ae12-5e0352dda998,37.0347625,-119.675659
2020-01-23 01:58:24,-17.78189524474293,77a29e2a-959b-4b3a-ae12-5e0352dda998,37.0347625,-119.675659
2020-01-23 13:59:03,-8.995591916674634,77a29e2a-959b-4b3a-ae12-5e0352dda998,37.0347625,-119.675659
2020-02-04 01:58:24,-19.739307610973697,77a29e2a-959b-4b3a-ae12-5e0352dda998,37.0347625,-119.675659
2020-02-04 13:59:02,-10.33519497527589,77a29e2a-959b-4b3a-ae12-5e0352dda998,37.0347625,-119.675659
2020-02-16 01:58:23,-19.724019119057836,77a29e2a-959b-4b3a-ae12-5e0352dda998,37.0347625,-119.675659
2020-02-16 13:59:02,-12.587379718829887,77a29e2a-959b-4b3a-ae12-5e0352dda998,37.0347625,-119.675659
2020-02-28 01:58:23,-16.67394675266478,77a29e2a-959b-4b3a-ae12-5e0352dda998,37.0347625,-119.675659
2020-02-28 13:59:02,-12.758109413725006,77a29e2a-959b-4b3a-ae12-5e0352dda998,37.0347625,-119.675659
2020-03-11 01:58:23,-18.061078099000728,77a29e2a-959b-4b3a-ae12-5e0352dda998,37.0347625,-119.675659
2020-03-11 13:59:02,-9.094229664993719,77a29e2a-959b-4b3a-ae12-5e0352dda998,37.0347625,-119.675659
2020-03-23 01:58:24,-16.25132125816101,77a29e2a-959b-4b3a-ae12-5e0352dda998,37.0347625,-119.675659
2020-03-23 13:59:02,-11.170125114711933,77a29e2a-959b-4b3a-ae12-5e0352dda998,37.0347625,-119.675659
2020-04-04 01:58:24,-16.843084902081088,77a29e2a-959b-4b3a-ae12-5e0352dda998,37.0347625,-119.675659
2020-04-04 13:59:02,-12.200082124056458,77a29e2a-959b-4b3a-ae12-5e0352dda998,37.0347625,-119.675659
2020-04-16 01:58:24,-11.471896701907797,77a29e2a-959b-4b3a-ae12-5e0352dda998,37.0347625,-119.675659
2020-04-16 13:59:03,-11.141733197594931,77a29e2a-959b-4b3a-ae12-5e0352dda998,37.0347625,-119.675659
2020-04-28 01:58:25,-16.212170534417595,77a29e2a-959b-4b3a-ae12-5e0352dda998,37.0347625,-119.675659
2020-04-28 13:59:03,-11.330988757625683,77a29e2a-959b-4b3a-ae12-5e0352dda998,37.0347625,-119.675659
2020-05-10 01:58:25,-14.0957566086577,77a29e2a-959b-4b3a-ae12-5e0352dda998,37.0347625,-119.675659
2020-05-10 13:59:04,-15.846984011529205,77a29e2a-959b-4b3a-ae12-5e0352dda998,37.0347625,-119.675659
2020-05-22 01:58:26,-15.741373520785958,77a29e2a-959b-4b3a-ae12-5e0352dda998,37.0347625,-119.675659
2020-05-22 13:59:05,-11.351869630488444,77a29e2a-959b-4b3a-ae12-5e0352dda998,37.0347625,-119.675659
2020-06-03 01:58:27,-18.346092795256045,77a29e2a-959b-4b3a-ae12-5e0352dda998,37.0347625,-119.675659
2020-06-03 13:59:06,-13.06716900107734,77a29e2a-959b-4b3a-ae12-5e0352dda998,37.0347625,-119.675659
2020-06-15 01:58:28,-15.258752307859284,77a29e2a-959b-4b3a-ae12-5e0352dda998,37.0347625,-119.675659
2020-06-15 13:59:06,-10.431337823519286,77a29e2a-959b-4b3a-ae12-5e0352dda998,37.0347625,-119.675659
2020-06-27 01:58:28,-18.45819054401765,77a29e2a-959b-4b3a-ae12-5e0352dda998,37.0347625,-119.675659
2020-06-27 13:59:07,-10.372531480024062,77a29e2a-959b-4b3a-ae12-5e0352dda998,37.0347625,-119.675659
2020-07-09 01:58:29,-15.282245355442134,77a29e2a-959b-4b3a-ae12-5e0352dda998,37.0347625,-119.675659
2020-07-09 13:59:07,-8.362228569440171,77a29e2a-959b-4b3a-ae12-5e0352dda998,37.0347625,-119.675659
2020-07-21 01:58:30,-16.718491779346586,77a29e2a-959b-4b3a-ae12-5e0352dda998,37.0347625,-119.675659
2020-07-21 13:59:08,-8.665633867506571,77a29e2a-959b-4b3a-ae12-5e0352dda998,37.0347625,-119.675659
2020-08-02 01:58:30,-15.230307909201574,77a29e2a-959b-4b3a-ae12-5e0352dda998,37.0347625,-119.675659
2020-08-02 13:59:09,-11.268316080810393,77a29e2a-959b-4b3a-ae12-5e0352dda998,37.0347625,-119.675659
2020-08-14 01:58:31,-14.894109386634781,77a29e2a-959b-4b3a-ae12-5e0352dda998,37.0347625,-119.675659
2020-08-14 13:59:10,-12.110733138090229,77a29e2a-959b-4b3a-ae12-5e0352dda998,37.0347625,-119.675659
2020-08-26 01:58:32,-15.241380167791547,77a29e2a-959b-4b3a-ae12-5e0352dda998,37.0347625,-119.675659
2020-08-26 13:59:10,-11.46287729687714,77a29e2a-959b-4b3a-ae12-5e0352dda998,37.0347625,-119.675659
2020-09-07 01:58:32,-16.19952628774719,77a29e2a-959b-4b3a-ae12-5e0352dda998,37.0347625,-119.675659
2020-09-07 13:59:11,-12.370959957767154,77a29e2a-959b-4b3a-ae12-5e0352dda998,37.0347625,-119.675659
2020-09-19 01:58:33,-16.31321876799683,77a29e2a-959b-4b3a-ae12-5e0352dda998,37.0347625,-119.675659
2020-09-19 13:59:11,-11.896250638513202,77a29e2a-959b-4b3a-ae12-5e0352dda998,37.0347625,-119.675659
2020-10-01 01:58:33,-18.280919436580774,77a29e2a-959b-4b3a-ae12-5e0352dda998,37.0347625,-119.675659
2020-10-01 13:59:12,-9.806065634928393,77a29e2a-959b-4b3a-ae12-5e0352dda998,37.0347625,-119.675659
2020-10-13 01:58:33,-15.302814004668212,77a29e2a-959b-4b3a-ae12-5e0352dda998,37.0347625,-119.675659
2020-10-13 13:59:12,-10.072265750101906,77a29e2a-959b-4b3a-ae12-5e0352dda998,37.0347625,-119.675659
2020-10-25 01:58:33,-16.145488222812304,77a29e2a-959b-4b3a-ae12-5e0352dda998,37.0347625,-119.675659
2020-10-25 13:59:12,-9.422895719759676,77a29e2a-959b-4b3a-ae12-5e0352dda998,37.0347625,-119.675659
2020-11-06 01:58:33,-19.48296797972163,77a29e2a-959b-4b3a-ae12-5e0352dda998,37.0347625,-119.675659
2020-11-06 13:59:12,-8.166476844116723,77a29e2a-959b-4b3a-ae12-5e0352dda998,37.0347625,-119.675659
2020-11-18 01:58:33,-19.98545875728545,77a29e2a-959b-4b3a-ae12-5e0352dda998,37.0347625,-119.675659
2020-11-18 13:59:12,-7.310243724058295,77a29e2a-959b-4b3a-ae12-5e0352dda998,37.0347625,-119.675659
2020-11-30 01:58:33,-20.766588081307965,77a29e2a-959b-4b3a-ae12-5e0352dda998,37.0347625,-119.675659
2020-11-30 13:59:11,-12.741352246490669,77a29e2a-959b-4b3a-ae12-5e0352dda998,37.0347625,-119.675659
2020-12-12 01:58:32,-17.82960219742239,77a29e2a-959b-4b3a-ae12-5e0352dda998,37.0347625,-119.675659
2020-12-12 13:59:11,-9.245939015647854,77a29e2a-959b-4b3a-ae12-5e0352dda998,37.0347625,-119.675659
2020-12-24 01:58:31,-17.09282363916504,77a29e2a-959b-4b3a-ae12-5e0352dda998,37.0347625,-119.675659
2020-12-24 13:59:10,-14.299842308633409,77a29e2a-959b-4b3a-ae12-5e0352dda998,37.0347625,-119.675659
2021-01-05 01:58:31,-20.483523144622673,77a29e2a-959b-4b3a-ae12-5e0352dda998,37.0347625,-119.675659
2021-01-17 01:58:30,-18.33475808565076,77a29e2a-959b-4b3a-ae12-5e0352dda998,37.0347625,-119.675659
2021-01-17 13:59:09,-12.557419645738488,77a29e2a-959b-4b3a-ae12-5e0352dda998,37.0347625,-119.675659
2021-01-29 01:58:30,-11.721467096637925,77a29e2a-959b-4b3a-ae12-5e0352dda998,37.0347625,-119.675659
2021-01-29 13:59:09,-7.139102344063684,77a29e2a-959b-4b3a-ae12-5e0352dda998,37.0347625,-119.675659
2021-02-10 01:58:30,-14.67215117324951,77a29e2a-959b-4b3a-ae12-5e0352dda998,37.0347625,-119.675659
2021-02-10 13:59:08,-12.21838578402023,77a29e2a-959b-4b3a-ae12-5e0352dda998,37.0347625,-119.675659
2021-02-22 01:58:29,-15.976597983364265,77a29e2a-959b-4b3a-ae12-5e0352dda998,37.0347625,-119.675659
2021-02-22 13:59:08,-9.706019450921737,77a29e2a-959b-4b3a-ae12-5e0352dda998,37.0347625,-119.675659
2021-03-06 01:58:29,-17.534567047285435,77a29e2a-959b-4b3a-ae12-5e0352dda998,37.0347625,-119.675659
2021-03-06 13:59:08,-13.067293254040766,77a29e2a-959b-4b3a-ae12-5e0352dda998,37.0347625,-119.675659
2021-03-18 01:58:29,-13.145549710941278,77a29e2a-959b-4b3a-ae12-5e0352dda998,37.0347625,-119.675659
2021-03-18 13:59:08,-11.427871714712703,77a29e2a-959b-4b3a-ae12-5e0352dda998,37.0347625,-119.675659
2021-03-30 01:58:29,-14.24224702944559,77a29e2a-959b-4b3a-ae12-5e0352dda998,37.0347625,-119.675659
2021-03-30 13:59:08,-13.743683294154026,77a29e2a-959b-4b3a-ae12-5e0352dda998,37.0347625,-119.675659
2021-04-11 01:58:30,-14.531856028510791,77a29e2a-959b-4b3a-ae12-5e0352dda998,37.0347625,-119.675659
2021-04-11 13:59:09,-11.422252592394532,77a29e2a-959b-4b3a-ae12-5e0352dda998,37.0347625,-119.675659
2021-04-23 01:58:31,-14.924693663234127,77a29e2a-959b-4b3a-ae12-5e0352dda998,37.0347625,-119.675659
2021-04-23 13:59:09,-12.804858730224089,77a29e2a-959b-4b3a-ae12-5e0352dda998,37.0347625,-119.675659
2021-05-05 01:58:31,-17.33152048718518,77a29e2a-959b-4b3a-ae12-5e0352dda998,37.0347625,-119.675659
2021-05-05 13:59:10,-11.849930960132713,77a29e2a-959b-4b3a-ae12-5e0352dda998,37.0347625,-119.675659
2021-05-17 01:58:32,-18.372868804844458,77a29e2a-959b-4b3a-ae12-5e0352dda998,37.0347625,-119.675659
2021-05-17 13:59:10,-12.451018473666203,77a29e2a-959b-4b3a-ae12-5e0352dda998,37.0347625,-119.675659
2021-05-29 01:58:32,-17.039877027720067,77a29e2a-959b-4b3a-ae12-5e0352dda998,37.0347625,-119.675659
2021-05-29 13:59:11,-11.8306256919729,77a29e2a-959b-4b3a-ae12-5e0352dda998,37.0347625,-119.675659
2021-06-10 01:58:33,-18.536829031652154,77a29e2a-959b-4b3a-ae12-5e0352dda998,37.0347625,-119.675659
2021-06-10 13:59:12,-12.615208598475506,77a29e2a-959b-4b3a-ae12-5e0352dda998,37.0347625,-119.675659
2021-06-22 01:58:34,-18.55940582291676,77a29e2a-959b-4b3a-ae12-5e0352dda998,37.0347625,-119.675659
2021-06-22 13:59:12,-12.91515396484714,77a29e2a-959b-4b3a-ae12-5e0352dda998,37.0347625,-119.675659
2021-07-04 13:59:13,-14.311357540817738,77a29e2a-959b-4b3a-ae12-5e0352dda998,37.0347625,-119.675659
2021-07-16 01:58:35,-17.120831450100194,77a29e2a-959b-4b3a-ae12-5e0352dda998,37.0347625,-119.675659
2021-07-16 13:59:14,-13.2963573824875,77a29e2a-959b-4b3a-ae12-5e0352dda998,37.0347625,-119.675659
2021-07-28 01:58:36,-16.88919486545997,77a29e2a-959b-4b3a-ae12-5e0352dda998,37.0347625,-119.675659
2021-07-28 13:59:32,-12.71937499396175,77a29e2a-959b-4b3a-ae12-5e0352dda998,37.0347625,-119.675659
2021-08-09 01:58:37,-18.665835142529733,77a29e2a-959b-4b3a-ae12-5e0352dda998,37.0347625,-119.675659
2021-08-09 13:59:32,-11.223968362359154,77a29e2a-959b-4b3a-ae12-5e0352dda998,37.0347625,-119.675659
2021-08-21 01:58:37,-18.076974907862912,77a29e2a-959b-4b3a-ae12-5e0352dda998,37.0347625,-119.675659
2021-08-21 13:59:16,-12.877703498281218,77a29e2a-959b-4b3a-ae12-5e0352dda998,37.0347625,-119.675659
2021-09-02 01:58:38,-20.15680779950936,77a29e2a-959b-4b3a-ae12-5e0352dda998,37.0347625,-119.675659
2021-09-02 13:59:16,-11.583613065195188,77a29e2a-959b-4b3a-ae12-5e0352dda998,37.0347625,-119.675659
2021-09-14 01:58:38,-15.19238175953088,77a29e2a-959b-4b3a-ae12-5e0352dda998,37.0347625,-119.675659
2021-09-14 13:59:17,-11.232647116618821,77a29e2a-959b-4b3a-ae12-5e0352dda998,37.0347625,-119.675659
2021-09-26 01:58:39,-18.145486993771655,77a29e2a-959b-4b3a-ae12-5e0352dda998,37.0347625,-119.675659
2021-09-26 13:59:17,-13.757374150598242,77a29e2a-959b-4b3a-ae12-5e0352dda998,37.0347625,-119.675659
2021-10-08 01:58:39,-18.07736513500178,77a29e2a-959b-4b3a-ae12-5e0352dda998,37.0347625,-119.675659
2021-10-08 13:59:17,-5.639288612478651,77a29e2a-959b-4b3a-ae12-5e0352dda998,37.0347625,-119.675659
2021-10-20 01:58:39,-16.361009274036093,77a29e2a-959b-4b3a-ae12-5e0352dda998,37.0347625,-119.675659
2021-10-20 13:59:18,-14.51815515522613,77a29e2a-959b-4b3a-ae12-5e0352dda998,37.0347625,-119.675659
2021-11-01 01:58:39,-17.692428168837885,77a29e2a-959b-4b3a-ae12-5e0352dda998,37.0347625,-119.675659
2021-11-01 13:59:18,-11.533830770359671,77a29e2a-959b-4b3a-ae12-5e0352dda998,37.0347625,-119.675659
2021-11-13 01:58:39,-18.22339878068625,77a29e2a-959b-4b3a-ae12-5e0352dda998,37.0347625,-119.675659
2021-11-13 13:59:17,-8.794048922350948,77a29e2a-959b-4b3a-ae12-5e0352dda998,37.0347625,-119.675659
2021-11-25 01:58:38,-20.471584997544767,77a29e2a-959b-4b3a-ae12-5e0352dda998,37.0347625,-119.675659
2021-11-25 13:59:17,-9.716511057429804,77a29e2a-959b-4b3a-ae12-5e0352dda998,37.0347625,-119.675659
2021-12-07 01:58:38,-17.21560734710936,77a29e2a-959b-4b3a-ae12-5e0352dda998,37.0347625,-119.675659
2021-12-07 13:59:16,-12.569000346458461,77a29e2a-959b-4b3a-ae12-5e0352dda998,37.0347625,-119.675659
2021-12-19 01:58:37,-17.429150137864116,77a29e2a-959b-4b3a-ae12-5e0352dda998,37.0347625,-119.675659
2021-12-19 13:59:16,-8.138702495561317,77a29e2a-959b-4b3a-ae12-5e0352dda998,37.0347625,-119.675659
2016-10-10 01:58:25,-17.881020152658696,77a29e2a-959b-4b3a-ae12-5e0352dda998,37.0347625,-119.675659
