date,s1_grd_vv,cell_id,latitude,longitude
2015-03-26 01:09:56,-14.497952406406498,11e8f267-4fae-4c29-a24e-af50180ef1c9,38.890181999999996,-106.8746665
2015-04-02 01:01:43,-16.962979611573072,11e8f267-4fae-4c29-a24e-af50180ef1c9,38.890181999999996,-106.8746665
2016-03-08 01:09:56,-14.301908093413422,11e8f267-4fae-4c29-a24e-af50180ef1c9,38.890181999999996,-106.8746665
2016-04-20 01:01:59,-16.57463121065435,11e8f267-4fae-4c29-a24e-af50180ef1c9,38.890181999999996,-106.8746665
2016-08-23 01:10:07,-15.463967144407375,11e8f267-4fae-4c29-a24e-af50180ef1c9,38.890181999999996,-106.8746665
2016-08-30 01:01:52,-14.50212327857339,11e8f267-4fae-4c29-a24e-af50180ef1c9,38.890181999999996,-106.8746665
2017-02-07 01:09:55,-16.377178185563903,11e8f267-4fae-4c29-a24e-af50180ef1c9,38.890181999999996,-106.8746665
2017-02-14 01:01:51,-12.94610416495097,11e8f267-4fae-4c29-a24e-af50180ef1c9,38.890181999999996,-106.8746665
2017-02-19 13:09:26,-6.748880940444027,11e8f267-4fae-4c29-a24e-af50180ef1c9,38.890181999999996,-106.8746665
2017-03-03 13:09:26,-7.9838938422745045,11e8f267-4fae-4c29-a24e-af50180ef1c9,38.890181999999996,-106.8746665
2017-03-15 13:09:26,-10.820710022840869,11e8f267-4fae-4c29-a24e-af50180ef1c9,38.890181999999996,-106.8746665
2017-03-27 13:09:27,-10.193597982467372,11e8f267-4fae-4c29-a24e-af50180ef1c9,38.890181999999996,-106.8746665
2017-04-08 13:09:27,-10.4372973461153,11e8f267-4fae-4c29-a24e-af50180ef1c9,38.890181999999996,-106.8746665
2017-04-20 13:09:28,-11.711661505717297,11e8f267-4fae-4c29-a24e-af50180ef1c9,38.890181999999996,-106.8746665
2017-05-02 13:09:28,-10.353812047059138,11e8f267-4fae-4c29-a24e-af50180ef1c9,38.890181999999996,-106.8746665
2017-05-14 13:09:29,-4.986767706897262,11e8f267-4fae-4c29-a24e-af50180ef1c9,38.890181999999996,-106.8746665
2017-05-26 13:09:29,-8.121006122243205,11e8f267-4fae-4c29-a24e-af50180ef1c9,38.890181999999996,-106.8746665
2017-06-07 13:09:30,-8.534763185551359,11e8f267-4fae-4c29-a24e-af50180ef1c9,38.890181999999996,-106.8746665
2017-06-19 13:09:31,-6.687730247023684,11e8f267-4fae-4c29-a24e-af50180ef1c9,38.890181999999996,-106.8746665
2017-07-01 13:09:32,-4.50314766310597,11e8f267-4fae-4c29-a24e-af50180ef1c9,38.890181999999996,-106.8746665
2017-07-13 13:09:32,-8.27424511010303,11e8f267-4fae-4c29-a24e-af50180ef1c9,38.890181999999996,-106.8746665
2017-07-25 13:09:33,-8.136565365267892,11e8f267-4fae-4c29-a24e-af50180ef1c9,38.890181999999996,-106.8746665
2017-08-06 13:09:34,-11.235036070514223,11e8f267-4fae-4c29-a24e-af50180ef1c9,38.890181999999996,-106.8746665
2017-08-18 13:09:34,-6.213274452469672,11e8f267-4fae-4c29-a24e-af50180ef1c9,38.890181999999996,-106.8746665
2017-08-30 13:09:35,-12.452064904012062,11e8f267-4fae-4c29-a24e-af50180ef1c9,38.890181999999996,-106.8746665
2017-09-11 13:09:35,-9.896284483803344,11e8f267-4fae-4c29-a24e-af50180ef1c9,38.890181999999996,-106.8746665
2017-09-23 13:09:36,-10.351392305904806,11e8f267-4fae-4c29-a24e-af50180ef1c9,38.890181999999996,-106.8746665
2017-10-05 13:09:36,-7.344576922885132,11e8f267-4fae-4c29-a24e-af50180ef1c9,38.890181999999996,-106.8746665
2017-10-17 13:09:36,-8.94539821678599,11e8f267-4fae-4c29-a24e-af50180ef1c9,38.890181999999996,-106.8746665
2017-10-29 13:09:36,-8.854245603666831,11e8f267-4fae-4c29-a24e-af50180ef1c9,38.890181999999996,-106.8746665
2017-11-10 13:09:36,-12.286201396462957,11e8f267-4fae-4c29-a24e-af50180ef1c9,38.890181999999996,-106.8746665
2017-11-22 13:09:36,-10.934816062523796,11e8f267-4fae-4c29-a24e-af50180ef1c9,38.890181999999996,-106.8746665
2017-12-04 13:09:35,-11.23974373652732,11e8f267-4fae-4c29-a24e-af50180ef1c9,38.890181999999996,-106.8746665
2017-12-16 13:09:35,-12.431582506343917,11e8f267-4fae-4c29-a24e-af50180ef1c9,38.890181999999996,-106.8746665
2017-12-28 13:09:34,-8.829131658646615,11e8f267-4fae-4c29-a24e-af50180ef1c9,38.890181999999996,-106.8746665
2018-01-09 13:09:34,-7.234731192694306,11e8f267-4fae-4c29-a24e-af50180ef1c9,38.890181999999996,-106.8746665
2018-01-21 13:09:33,-11.615888576025803,11e8f267-4fae-4c29-a24e-af50180ef1c9,38.890181999999996,-106.8746665
2018-02-02 13:09:33,-8.935039264827337,11e8f267-4fae-4c29-a24e-af50180ef1c9,38.890181999999996,-106.8746665
2018-02-14 13:09:33,-9.711634836446123,11e8f267-4fae-4c29-a24e-af50180ef1c9,38.890181999999996,-106.8746665
2018-02-26 13:09:33,-5.8503543217245015,11e8f267-4fae-4c29-a24e-af50180ef1c9,38.890181999999996,-106.8746665
2018-03-10 13:09:33,-8.940685939723156,11e8f267-4fae-4c29-a24e-af50180ef1c9,38.890181999999996,-106.8746665
2018-03-22 13:09:33,-9.42187534063519,11e8f267-4fae-4c29-a24e-af50180ef1c9,38.890181999999996,-106.8746665
2018-04-03 13:09:33,-8.882861920069658,11e8f267-4fae-4c29-a24e-af50180ef1c9,38.890181999999996,-106.8746665
2018-04-15 13:09:34,-11.362216326105116,11e8f267-4fae-4c29-a24e-af50180ef1c9,38.890181999999996,-106.8746665
2018-04-27 13:09:34,-10.657208299638725,11e8f267-4fae-4c29-a24e-af50180ef1c9,38.890181999999996,-106.8746665
2018-05-09 13:09:35,-8.189031432488745,11e8f267-4fae-4c29-a24e-af50180ef1c9,38.890181999999996,-106.8746665
2018-05-21 13:09:36,-12.05438646476969,11e8f267-4fae-4c29-a24e-af50180ef1c9,38.890181999999996,-106.8746665
2018-06-02 13:09:36,-7.240610162577595,11e8f267-4fae-4c29-a24e-af50180ef1c9,38.890181999999996,-106.8746665
2018-06-14 13:09:37,-8.488506579368412,11e8f267-4fae-4c29-a24e-af50180ef1c9,38.890181999999996,-106.8746665
2018-06-26 13:09:38,-8.475300674229727,11e8f267-4fae-4c29-a24e-af50180ef1c9,38.890181999999996,-106.8746665
2018-07-08 13:09:38,-11.366386292944128,11e8f267-4fae-4c29-a24e-af50180ef1c9,38.890181999999996,-106.8746665
2018-07-20 13:09:39,-11.59338982710178,11e8f267-4fae-4c29-a24e-af50180ef1c9,38.890181999999996,-106.8746665
2018-08-01 13:09:40,-10.248355325478421,11e8f267-4fae-4c29-a24e-af50180ef1c9,38.890181999999996,-106.8746665
2018-08-13 13:09:45,-9.424070171397641,11e8f267-4fae-4c29-a24e-af50180ef1c9,38.890181999999996,-106.8746665
2018-08-25 13:09:46,-8.487661896114632,11e8f267-4fae-4c29-a24e-af50180ef1c9,38.890181999999996,-106.8746665
2018-09-06 13:09:47,-10.320523812484792,11e8f267-4fae-4c29-a24e-af50180ef1c9,38.890181999999996,-106.8746665
2018-09-18 13:09:47,-6.88151353609785,11e8f267-4fae-4c29-a24e-af50180ef1c9,38.890181999999996,-106.8746665
2018-09-30 13:09:47,-10.015899691675887,11e8f267-4fae-4c29-a24e-af50180ef1c9,38.890181999999996,-106.8746665
2018-10-12 13:09:47,-8.13264017421333,11e8f267-4fae-4c29-a24e-af50180ef1c9,38.890181999999996,-106.8746665
2018-10-24 13:09:47,-8.86596970945648,11e8f267-4fae-4c29-a24e-af50180ef1c9,38.890181999999996,-106.8746665
2018-11-05 13:09:47,-10.36495170615001,11e8f267-4fae-4c29-a24e-af50180ef1c9,38.890181999999996,-106.8746665
2018-11-17 13:09:47,-8.164169964132412,11e8f267-4fae-4c29-a24e-af50180ef1c9,38.890181999999996,-106.8746665
2018-11-29 13:09:46,-11.830840794656602,11e8f267-4fae-4c29-a24e-af50180ef1c9,38.890181999999996,-106.8746665
2018-12-11 13:09:46,-7.413784712309737,11e8f267-4fae-4c29-a24e-af50180ef1c9,38.890181999999996,-106.8746665
2018-12-23 13:09:46,-7.3556342287449885,11e8f267-4fae-4c29-a24e-af50180ef1c9,38.890181999999996,-106.8746665
2019-01-04 13:09:45,-11.012472956175984,11e8f267-4fae-4c29-a24e-af50180ef1c9,38.890181999999996,-106.8746665
2019-01-16 13:09:45,-9.561729587314092,11e8f267-4fae-4c29-a24e-af50180ef1c9,38.890181999999996,-106.8746665
2019-01-28 13:09:45,-7.827435808700188,11e8f267-4fae-4c29-a24e-af50180ef1c9,38.890181999999996,-106.8746665
2019-02-09 13:09:44,-9.445960882082124,11e8f267-4fae-4c29-a24e-af50180ef1c9,38.890181999999996,-106.8746665
2019-02-21 13:09:44,-5.5172572962983955,11e8f267-4fae-4c29-a24e-af50180ef1c9,38.890181999999996,-106.8746665
2019-03-05 13:09:44,-7.20116556450975,11e8f267-4fae-4c29-a24e-af50180ef1c9,38.890181999999996,-106.8746665
2019-03-17 13:09:44,-11.019513405221716,11e8f267-4fae-4c29-a24e-af50180ef1c9,38.890181999999996,-106.8746665
2019-03-29 13:09:44,-7.719767651497537,11e8f267-4fae-4c29-a24e-af50180ef1c9,38.890181999999996,-106.8746665
2019-04-10 13:09:44,-8.368006282326268,11e8f267-4fae-4c29-a24e-af50180ef1c9,38.890181999999996,-106.8746665
2019-04-22 13:09:45,-7.552968780174201,11e8f267-4fae-4c29-a24e-af50180ef1c9,38.890181999999996,-106.8746665
2019-05-04 13:09:45,-10.675324920306512,11e8f267-4fae-4c29-a24e-af50180ef1c9,38.890181999999996,-106.8746665
2019-05-16 13:09:46,-5.9333955072415465,11e8f267-4fae-4c29-a24e-af50180ef1c9,38.890181999999996,-106.8746665
2019-05-28 13:09:47,-5.6965535512187255,11e8f267-4fae-4c29-a24e-af50180ef1c9,38.890181999999996,-106.8746665
2019-06-09 13:09:47,-8.13855980971049,11e8f267-4fae-4c29-a24e-af50180ef1c9,38.890181999999996,-106.8746665
2019-06-21 13:09:48,-9.876194749351164,11e8f267-4fae-4c29-a24e-af50180ef1c9,38.890181999999996,-106.8746665
2019-07-03 13:09:49,-10.511943400066691,11e8f267-4fae-4c29-a24e-af50180ef1c9,38.890181999999996,-106.8746665
2019-07-15 13:09:49,-10.74116574347114,11e8f267-4fae-4c29-a24e-af50180ef1c9,38.890181999999996,-106.8746665
2019-07-27 13:09:50,-5.089102741354995,11e8f267-4fae-4c29-a24e-af50180ef1c9,38.890181999999996,-106.8746665
2019-08-08 13:10:08,-11.429301465042458,11e8f267-4fae-4c29-a24e-af50180ef1c9,38.890181999999996,-106.8746665
2019-08-20 13:10:09,-9.216648180428605,11e8f267-4fae-4c29-a24e-af50180ef1c9,38.890181999999996,-106.8746665
2019-09-01 13:10:10,-6.7550806316303955,11e8f267-4fae-4c29-a24e-af50180ef1c9,38.890181999999996,-106.8746665
2019-09-13 13:10:10,-9.55531918535472,11e8f267-4fae-4c29-a24e-af50180ef1c9,38.890181999999996,-106.8746665
2019-09-25 13:10:11,-8.53281747611678,11e8f267-4fae-4c29-a24e-af50180ef1c9,38.890181999999996,-106.8746665
2019-10-07 13:10:11,-11.228397452083797,11e8f267-4fae-4c29-a24e-af50180ef1c9,38.890181999999996,-106.8746665
2019-10-19 13:10:11,-11.949992648153904,11e8f267-4fae-4c29-a24e-af50180ef1c9,38.890181999999996,-106.8746665
2019-10-31 13:10:11,-7.195664229162944,11e8f267-4fae-4c29-a24e-af50180ef1c9,38.890181999999996,-106.8746665
2019-11-12 13:10:11,-13.85733536337759,11e8f267-4fae-4c29-a24e-af50180ef1c9,38.890181999999996,-106.8746665
2019-11-24 13:10:11,-10.93618266272111,11e8f267-4fae-4c29-a24e-af50180ef1c9,38.890181999999996,-106.8746665
2019-12-06 13:10:10,-9.585456659008422,11e8f267-4fae-4c29-a24e-af50180ef1c9,38.890181999999996,-106.8746665
2019-12-18 13:10:10,-6.414707418439698,11e8f267-4fae-4c29-a24e-af50180ef1c9,38.890181999999996,-106.8746665
2019-12-30 13:10:09,-7.486082818831542,11e8f267-4fae-4c29-a24e-af50180ef1c9,38.890181999999996,-106.8746665
2020-01-11 13:10:09,-8.699271176901393,11e8f267-4fae-4c29-a24e-af50180ef1c9,38.890181999999996,-106.8746665
2020-01-23 13:10:08,-10.334845451720344,11e8f267-4fae-4c29-a24e-af50180ef1c9,38.890181999999996,-106.8746665
2020-02-04 13:10:08,-10.08654493627862,11e8f267-4fae-4c29-a24e-af50180ef1c9,38.890181999999996,-106.8746665
2020-02-16 13:10:08,-8.601549245909508,11e8f267-4fae-4c29-a24e-af50180ef1c9,38.890181999999996,-106.8746665
2020-02-28 13:10:07,-10.399521509547885,11e8f267-4fae-4c29-a24e-af50180ef1c9,38.890181999999996,-106.8746665
2020-03-11 13:10:07,-14.60185347568832,11e8f267-4fae-4c29-a24e-af50180ef1c9,38.890181999999996,-106.8746665
2020-03-23 13:10:08,-9.753203416568109,11e8f267-4fae-4c29-a24e-af50180ef1c9,38.890181999999996,-106.8746665
2020-04-04 13:10:08,-10.303912442295566,11e8f267-4fae-4c29-a24e-af50180ef1c9,38.890181999999996,-106.8746665
2020-04-16 13:10:08,-11.043434573361903,11e8f267-4fae-4c29-a24e-af50180ef1c9,38.890181999999996,-106.8746665
2020-04-28 13:10:09,-9.923968601035536,11e8f267-4fae-4c29-a24e-af50180ef1c9,38.890181999999996,-106.8746665
2020-05-10 13:10:09,-7.16519658730177,11e8f267-4fae-4c29-a24e-af50180ef1c9,38.890181999999996,-106.8746665
2020-05-22 13:10:10,-11.480235308952032,11e8f267-4fae-4c29-a24e-af50180ef1c9,38.890181999999996,-106.8746665
2020-06-03 13:10:11,-7.76189261268387,11e8f267-4fae-4c29-a24e-af50180ef1c9,38.890181999999996,-106.8746665
2020-06-15 13:10:12,-7.590211286899215,11e8f267-4fae-4c29-a24e-af50180ef1c9,38.890181999999996,-106.8746665
2020-06-27 13:10:12,-9.336839711897174,11e8f267-4fae-4c29-a24e-af50180ef1c9,38.890181999999996,-106.8746665
2020-07-09 13:10:13,-6.618216128581954,11e8f267-4fae-4c29-a24e-af50180ef1c9,38.890181999999996,-106.8746665
2020-07-21 13:10:14,-8.463886434071618,11e8f267-4fae-4c29-a24e-af50180ef1c9,38.890181999999996,-106.8746665
2020-08-02 13:10:15,-7.802003280809983,11e8f267-4fae-4c29-a24e-af50180ef1c9,38.890181999999996,-106.8746665
2020-08-14 13:10:15,-9.554743020628328,11e8f267-4fae-4c29-a24e-af50180ef1c9,38.890181999999996,-106.8746665
2020-08-26 13:10:16,-8.269117590873728,11e8f267-4fae-4c29-a24e-af50180ef1c9,38.890181999999996,-106.8746665
2020-09-07 13:10:16,-8.651428387901104,11e8f267-4fae-4c29-a24e-af50180ef1c9,38.890181999999996,-106.8746665
2020-09-19 13:10:17,-8.631771516652213,11e8f267-4fae-4c29-a24e-af50180ef1c9,38.890181999999996,-106.8746665
2020-10-01 13:10:17,-7.491077190225698,11e8f267-4fae-4c29-a24e-af50180ef1c9,38.890181999999996,-106.8746665
2020-10-13 13:10:17,-8.699339768513273,11e8f267-4fae-4c29-a24e-af50180ef1c9,38.890181999999996,-106.8746665
2020-10-25 13:10:17,-9.386938918977702,11e8f267-4fae-4c29-a24e-af50180ef1c9,38.890181999999996,-106.8746665
2020-11-06 13:10:17,-9.214137933778549,11e8f267-4fae-4c29-a24e-af50180ef1c9,38.890181999999996,-106.8746665
2020-11-18 13:10:17,-7.555538653593581,11e8f267-4fae-4c29-a24e-af50180ef1c9,38.890181999999996,-106.8746665
2020-11-30 13:10:16,-12.200578582526623,11e8f267-4fae-4c29-a24e-af50180ef1c9,38.890181999999996,-106.8746665
2020-12-12 13:10:16,-6.887746326229843,11e8f267-4fae-4c29-a24e-af50180ef1c9,38.890181999999996,-106.8746665
2020-12-24 13:10:15,-5.938354381296457,11e8f267-4fae-4c29-a24e-af50180ef1c9,38.890181999999996,-106.8746665
2021-01-05 13:10:15,-9.574059007058011,11e8f267-4fae-4c29-a24e-af50180ef1c9,38.890181999999996,-106.8746665
2021-01-17 13:10:14,-10.839139668457147,11e8f267-4fae-4c29-a24e-af50180ef1c9,38.890181999999996,-106.8746665
2021-01-29 13:10:14,-8.481407491644802,11e8f267-4fae-4c29-a24e-af50180ef1c9,38.890181999999996,-106.8746665
2021-02-10 13:10:14,-10.734367523327936,11e8f267-4fae-4c29-a24e-af50180ef1c9,38.890181999999996,-106.8746665
2021-02-22 13:10:13,-7.34913867979086,11e8f267-4fae-4c29-a24e-af50180ef1c9,38.890181999999996,-106.8746665
2021-03-06 13:10:13,-9.422394779255518,11e8f267-4fae-4c29-a24e-af50180ef1c9,38.890181999999996,-106.8746665
2021-03-18 13:10:13,-6.756935702954565,11e8f267-4fae-4c29-a24e-af50180ef1c9,38.890181999999996,-106.8746665
2021-03-30 13:10:14,-9.076109949736464,11e8f267-4fae-4c29-a24e-af50180ef1c9,38.890181999999996,-106.8746665
2021-04-11 13:10:14,-13.334061589282971,11e8f267-4fae-4c29-a24e-af50180ef1c9,38.890181999999996,-106.8746665
2021-04-23 13:10:15,-9.309636433629509,11e8f267-4fae-4c29-a24e-af50180ef1c9,38.890181999999996,-106.8746665
2021-05-05 13:10:15,-9.734970997805771,11e8f267-4fae-4c29-a24e-af50180ef1c9,38.890181999999996,-106.8746665
2021-05-17 13:10:16,-9.876023360788695,11e8f267-4fae-4c29-a24e-af50180ef1c9,38.890181999999996,-106.8746665
2021-05-29 13:10:16,-8.576819370558049,11e8f267-4fae-4c29-a24e-af50180ef1c9,38.890181999999996,-106.8746665
2021-06-10 13:10:17,-9.324401993802839,11e8f267-4fae-4c29-a24e-af50180ef1c9,38.890181999999996,-106.8746665
2021-06-22 13:10:18,-12.58384593166009,11e8f267-4fae-4c29-a24e-af50180ef1c9,38.890181999999996,-106.8746665
2021-07-04 13:10:19,-9.25549157942571,11e8f267-4fae-4c29-a24e-af50180ef1c9,38.890181999999996,-106.8746665
2021-07-16 13:10:19,-9.39365802148746,11e8f267-4fae-4c29-a24e-af50180ef1c9,38.890181999999996,-106.8746665
2021-07-28 13:10:20,-11.034267668075085,11e8f267-4fae-4c29-a24e-af50180ef1c9,38.890181999999996,-106.8746665
2021-08-09 13:10:21,-10.567054062779595,11e8f267-4fae-4c29-a24e-af50180ef1c9,38.890181999999996,-106.8746665
2021-08-21 13:10:21,-7.257860255976656,11e8f267-4fae-4c29-a24e-af50180ef1c9,38.890181999999996,-106.8746665
2021-09-02 13:10:22,-6.796000047888249,11e8f267-4fae-4c29-a24e-af50180ef1c9,38.890181999999996,-106.8746665
2021-09-14 13:10:22,-7.197803978600742,11e8f267-4fae-4c29-a24e-af50180ef1c9,38.890181999999996,-106.8746665
2021-09-26 13:10:23,-10.87644667721704,11e8f267-4fae-4c29-a24e-af50180ef1c9,38.890181999999996,-106.8746665
2021-10-08 13:10:23,-8.755948801815531,11e8f267-4fae-4c29-a24e-af50180ef1c9,38.890181999999996,-106.8746665
2021-10-20 13:10:23,-9.987590798072436,11e8f267-4fae-4c29-a24e-af50180ef1c9,38.890181999999996,-106.8746665
2021-11-01 13:10:23,-6.682187508792078,11e8f267-4fae-4c29-a24e-af50180ef1c9,38.890181999999996,-106.8746665
2021-11-13 13:10:23,-10.913055457550005,11e8f267-4fae-4c29-a24e-af50180ef1c9,38.890181999999996,-106.8746665
2021-11-25 13:10:22,-8.050155082444345,11e8f267-4fae-4c29-a24e-af50180ef1c9,38.890181999999996,-106.8746665
2021-12-07 13:10:22,-11.996133499672926,11e8f267-4fae-4c29-a24e-af50180ef1c9,38.890181999999996,-106.8746665
2021-12-19 13:10:21,-9.486868725503268,11e8f267-4fae-4c29-a24e-af50180ef1c9,38.890181999999996,-106.8746665
2014-10-04 01:01:43,-8.710977640578202,11e8f267-4fae-4c29-a24e-af50180ef1c9,38.890181999999996,-106.8746665
2014-10-09 01:09:58,-14.754486180919542,11e8f267-4fae-4c29-a24e-af50180ef1c9,38.890181999999996,-106.8746665
2014-10-21 13:09:30,-10.01762007421382,11e8f267-4fae-4c29-a24e-af50180ef1c9,38.890181999999996,-106.8746665
2014-10-28 01:01:43,-13.517116827808323,11e8f267-4fae-4c29-a24e-af50180ef1c9,38.890181999999996,-106.8746665
2014-11-14 13:09:30,-11.349276539372134,11e8f267-4fae-4c29-a24e-af50180ef1c9,38.890181999999996,-106.8746665
2014-11-21 01:01:43,-14.090378040923703,11e8f267-4fae-4c29-a24e-af50180ef1c9,38.890181999999996,-106.8746665
2014-11-26 01:09:58,-15.5064059178125,11e8f267-4fae-4c29-a24e-af50180ef1c9,38.890181999999996,-106.8746665
2014-12-08 13:09:29,-11.582951006171209,11e8f267-4fae-4c29-a24e-af50180ef1c9,38.890181999999996,-106.8746665
2014-12-15 01:01:42,-16.264392938607234,11e8f267-4fae-4c29-a24e-af50180ef1c9,38.890181999999996,-106.8746665
2014-12-20 01:09:57,-16.88885736457253,11e8f267-4fae-4c29-a24e-af50180ef1c9,38.890181999999996,-106.8746665
2015-01-01 13:09:28,-7.923152950202566,11e8f267-4fae-4c29-a24e-af50180ef1c9,38.890181999999996,-106.8746665
2015-01-08 01:01:41,-12.764592106581016,11e8f267-4fae-4c29-a24e-af50180ef1c9,38.890181999999996,-106.8746665
2015-01-13 01:09:56,-12.852701609570449,11e8f267-4fae-4c29-a24e-af50180ef1c9,38.890181999999996,-106.8746665
2015-02-01 01:01:40,-16.09933606500825,11e8f267-4fae-4c29-a24e-af50180ef1c9,38.890181999999996,-106.8746665
2015-02-06 01:09:55,-16.892663870991825,11e8f267-4fae-4c29-a24e-af50180ef1c9,38.890181999999996,-106.8746665
2015-02-18 13:09:27,-8.30679019011992,11e8f267-4fae-4c29-a24e-af50180ef1c9,38.890181999999996,-106.8746665
2015-02-18 13:09:27,-8.30679019011992,11e8f267-4fae-4c29-a24e-af50180ef1c9,38.890181999999996,-106.8746665
2015-02-25 01:01:40,-15.584831512592753,11e8f267-4fae-4c29-a24e-af50180ef1c9,38.890181999999996,-106.8746665
2015-03-02 13:09:27,-8.19349883322629,11e8f267-4fae-4c29-a24e-af50180ef1c9,38.890181999999996,-106.8746665
2015-03-14 01:09:56,-14.66862674220878,11e8f267-4fae-4c29-a24e-af50180ef1c9,38.890181999999996,-106.8746665
2015-03-21 01:01:41,-11.855979041409634,11e8f267-4fae-4c29-a24e-af50180ef1c9,38.890181999999996,-106.8746665
2015-03-26 13:09:28,-4.726843539736804,11e8f267-4fae-4c29-a24e-af50180ef1c9,38.890181999999996,-106.8746665
2015-04-07 01:09:56,-10.31064967943334,11e8f267-4fae-4c29-a24e-af50180ef1c9,38.890181999999996,-106.8746665
2015-04-14 01:01:41,-14.312514675514628,11e8f267-4fae-4c29-a24e-af50180ef1c9,38.890181999999996,-106.8746665
2015-05-01 01:09:58,-12.440995427241093,11e8f267-4fae-4c29-a24e-af50180ef1c9,38.890181999999996,-106.8746665
2015-05-08 01:01:43,-9.388171170970349,11e8f267-4fae-4c29-a24e-af50180ef1c9,38.890181999999996,-106.8746665
2015-05-13 13:09:30,-7.525740081699325,11e8f267-4fae-4c29-a24e-af50180ef1c9,38.890181999999996,-106.8746665
2015-05-25 01:09:59,-8.10460212148057,11e8f267-4fae-4c29-a24e-af50180ef1c9,38.890181999999996,-106.8746665
2015-06-01 01:01:44,-11.141854859543521,11e8f267-4fae-4c29-a24e-af50180ef1c9,38.890181999999996,-106.8746665
2015-06-06 13:09:32,-6.8032451693557885,11e8f267-4fae-4c29-a24e-af50180ef1c9,38.890181999999996,-106.8746665
2015-06-25 01:01:46,-11.4548463787054,11e8f267-4fae-4c29-a24e-af50180ef1c9,38.890181999999996,-106.8746665
2015-06-30 13:09:33,-5.868220813716473,11e8f267-4fae-4c29-a24e-af50180ef1c9,38.890181999999996,-106.8746665
2015-07-12 01:10:01,-10.027191372841692,11e8f267-4fae-4c29-a24e-af50180ef1c9,38.890181999999996,-106.8746665
2015-07-19 01:01:46,-11.248146393404587,11e8f267-4fae-4c29-a24e-af50180ef1c9,38.890181999999996,-106.8746665
2015-07-24 13:09:34,-7.429762322828849,11e8f267-4fae-4c29-a24e-af50180ef1c9,38.890181999999996,-106.8746665
2015-08-17 13:09:35,-9.561960094850908,11e8f267-4fae-4c29-a24e-af50180ef1c9,38.890181999999996,-106.8746665
2015-09-10 13:09:36,-9.147047555567461,11e8f267-4fae-4c29-a24e-af50180ef1c9,38.890181999999996,-106.8746665
2015-09-29 01:01:49,-13.095611861517913,11e8f267-4fae-4c29-a24e-af50180ef1c9,38.890181999999996,-106.8746665
2015-10-04 13:09:36,-10.148376959106194,11e8f267-4fae-4c29-a24e-af50180ef1c9,38.890181999999996,-106.8746665
2015-10-23 01:01:49,-14.90021703547433,11e8f267-4fae-4c29-a24e-af50180ef1c9,38.890181999999996,-106.8746665
2015-10-28 13:09:36,-12.283718538160226,11e8f267-4fae-4c29-a24e-af50180ef1c9,38.890181999999996,-106.8746665
2015-11-16 01:01:44,-15.442009907622108,11e8f267-4fae-4c29-a24e-af50180ef1c9,38.890181999999996,-106.8746665
2015-11-21 13:09:30,-6.5021735600404496,11e8f267-4fae-4c29-a24e-af50180ef1c9,38.890181999999996,-106.8746665
2015-12-10 01:01:43,-11.993622052235459,11e8f267-4fae-4c29-a24e-af50180ef1c9,38.890181999999996,-106.8746665
2015-12-15 13:09:30,-8.169781705640174,11e8f267-4fae-4c29-a24e-af50180ef1c9,38.890181999999996,-106.8746665
2016-01-03 01:01:55,-11.79414279493814,11e8f267-4fae-4c29-a24e-af50180ef1c9,38.890181999999996,-106.8746665
2016-01-08 13:09:29,-10.877157726277515,11e8f267-4fae-4c29-a24e-af50180ef1c9,38.890181999999996,-106.8746665
2016-01-20 01:09:45,-14.991775096501527,11e8f267-4fae-4c29-a24e-af50180ef1c9,38.890181999999996,-106.8746665
2016-01-27 01:01:41,-15.097600071814066,11e8f267-4fae-4c29-a24e-af50180ef1c9,38.890181999999996,-106.8746665
2016-02-01 13:09:28,-8.325463687173421,11e8f267-4fae-4c29-a24e-af50180ef1c9,38.890181999999996,-106.8746665
2016-02-01 13:09:28,-8.274005442303638,11e8f267-4fae-4c29-a24e-af50180ef1c9,38.890181999999996,-106.8746665
2016-02-13 01:09:56,-15.823520268624058,11e8f267-4fae-4c29-a24e-af50180ef1c9,38.890181999999996,-106.8746665
2016-02-25 13:09:28,-9.396440373519326,11e8f267-4fae-4c29-a24e-af50180ef1c9,38.890181999999996,-106.8746665
2016-03-20 13:09:28,-6.570214883038867,11e8f267-4fae-4c29-a24e-af50180ef1c9,38.890181999999996,-106.8746665
2016-04-08 01:01:42,-14.043361498716411,11e8f267-4fae-4c29-a24e-af50180ef1c9,38.890181999999996,-106.8746665
2016-04-13 13:09:29,-10.537158131857788,11e8f267-4fae-4c29-a24e-af50180ef1c9,38.890181999999996,-106.8746665
2016-04-25 01:09:58,-18.863947813402127,11e8f267-4fae-4c29-a24e-af50180ef1c9,38.890181999999996,-106.8746665
2016-05-02 01:01:43,-13.018732661919913,11e8f267-4fae-4c29-a24e-af50180ef1c9,38.890181999999996,-106.8746665
2016-05-19 01:09:59,-16.05595116636745,11e8f267-4fae-4c29-a24e-af50180ef1c9,38.890181999999996,-106.8746665
2016-05-26 01:01:47,-9.780135116225807,11e8f267-4fae-4c29-a24e-af50180ef1c9,38.890181999999996,-106.8746665
2016-05-31 13:09:32,-8.24322060357731,11e8f267-4fae-4c29-a24e-af50180ef1c9,38.890181999999996,-106.8746665
2016-07-13 01:01:50,-13.451422641880228,11e8f267-4fae-4c29-a24e-af50180ef1c9,38.890181999999996,-106.8746665
2016-07-18 13:09:34,-11.038346263424351,11e8f267-4fae-4c29-a24e-af50180ef1c9,38.890181999999996,-106.8746665
2016-07-30 01:10:03,-10.86114915589124,11e8f267-4fae-4c29-a24e-af50180ef1c9,38.890181999999996,-106.8746665
2016-08-06 01:01:51,-12.942119064481297,11e8f267-4fae-4c29-a24e-af50180ef1c9,38.890181999999996,-106.8746665
2016-08-11 13:09:36,-8.476266088508748,11e8f267-4fae-4c29-a24e-af50180ef1c9,38.890181999999996,-106.8746665
2016-09-04 13:09:37,-9.171688793931514,11e8f267-4fae-4c29-a24e-af50180ef1c9,38.890181999999996,-106.8746665
2016-09-16 01:10:06,-11.835610030882506,11e8f267-4fae-4c29-a24e-af50180ef1c9,38.890181999999996,-106.8746665
2016-09-23 01:01:53,-12.112793736931058,11e8f267-4fae-4c29-a24e-af50180ef1c9,38.890181999999996,-106.8746665
2016-09-28 13:09:49,-10.591073697060962,11e8f267-4fae-4c29-a24e-af50180ef1c9,38.890181999999996,-106.8746665
2016-10-22 13:09:49,-10.481817245468275,11e8f267-4fae-4c29-a24e-af50180ef1c9,38.890181999999996,-106.8746665
2016-11-15 13:09:49,-12.481965719564286,11e8f267-4fae-4c29-a24e-af50180ef1c9,38.890181999999996,-106.8746665
2016-12-09 13:09:48,-9.790401772755962,11e8f267-4fae-4c29-a24e-af50180ef1c9,38.890181999999996,-106.8746665
2017-01-02 13:09:46,-6.44351338769232,11e8f267-4fae-4c29-a24e-af50180ef1c9,38.890181999999996,-106.8746665
2017-01-26 13:09:46,-6.557649761811619,11e8f267-4fae-4c29-a24e-af50180ef1c9,38.890181999999996,-106.8746665
2017-02-07 13:09:26,-6.598065790641931,11e8f267-4fae-4c29-a24e-af50180ef1c9,38.890181999999996,-106.8746665
2016-10-28 01:09:11,-14.926134485676481,11e8f267-4fae-4c29-a24e-af50180ef1c9,38.890181999999996,-106.8746665
2016-11-04 01:01:06,-14.933418328054875,11e8f267-4fae-4c29-a24e-af50180ef1c9,38.890181999999996,-106.8746665
2016-11-21 01:09:10,-14.08859599498728,11e8f267-4fae-4c29-a24e-af50180ef1c9,38.890181999999996,-106.8746665
2016-11-28 01:01:05,-13.956154617574203,11e8f267-4fae-4c29-a24e-af50180ef1c9,38.890181999999996,-106.8746665
2016-12-15 01:09:20,-12.803912282222731,11e8f267-4fae-4c29-a24e-af50180ef1c9,38.890181999999996,-106.8746665
2016-12-22 01:01:05,-14.09976545219432,11e8f267-4fae-4c29-a24e-af50180ef1c9,38.890181999999996,-106.8746665
2017-01-08 01:09:18,-15.052961809893898,11e8f267-4fae-4c29-a24e-af50180ef1c9,38.890181999999996,-106.8746665
2017-01-15 01:01:03,-12.080225635337436,11e8f267-4fae-4c29-a24e-af50180ef1c9,38.890181999999996,-106.8746665
2017-02-01 01:09:18,-16.816692915424785,11e8f267-4fae-4c29-a24e-af50180ef1c9,38.890181999999996,-106.8746665
2017-02-08 01:01:02,-14.199016383107047,11e8f267-4fae-4c29-a24e-af50180ef1c9,38.890181999999996,-106.8746665
2017-02-25 01:09:17,-16.586485336284213,11e8f267-4fae-4c29-a24e-af50180ef1c9,38.890181999999996,-106.8746665
2017-03-04 01:01:10,-14.053214898759723,11e8f267-4fae-4c29-a24e-af50180ef1c9,38.890181999999996,-106.8746665
2017-03-09 01:09:17,-14.354658205864645,11e8f267-4fae-4c29-a24e-af50180ef1c9,38.890181999999996,-106.8746665
2017-03-16 01:01:10,-11.462153643003797,11e8f267-4fae-4c29-a24e-af50180ef1c9,38.890181999999996,-106.8746665
2017-03-21 01:09:18,-12.503676427354698,11e8f267-4fae-4c29-a24e-af50180ef1c9,38.890181999999996,-106.8746665
2017-04-02 01:09:18,-11.17128220298772,11e8f267-4fae-4c29-a24e-af50180ef1c9,38.890181999999996,-106.8746665
2017-04-26 01:09:19,-15.401230741067888,11e8f267-4fae-4c29-a24e-af50180ef1c9,38.890181999999996,-106.8746665
2017-05-03 01:01:12,-13.933795607476734,11e8f267-4fae-4c29-a24e-af50180ef1c9,38.890181999999996,-106.8746665
2017-05-08 01:09:20,-16.152800382111124,11e8f267-4fae-4c29-a24e-af50180ef1c9,38.890181999999996,-106.8746665
2017-05-15 01:01:21,-9.860154760644512,11e8f267-4fae-4c29-a24e-af50180ef1c9,38.890181999999996,-106.8746665
2017-05-20 01:09:20,-16.458383608293794,11e8f267-4fae-4c29-a24e-af50180ef1c9,38.890181999999996,-106.8746665
2017-05-27 01:01:22,-10.39890109015062,11e8f267-4fae-4c29-a24e-af50180ef1c9,38.890181999999996,-106.8746665
2017-06-01 01:09:21,-11.642304252942386,11e8f267-4fae-4c29-a24e-af50180ef1c9,38.890181999999996,-106.8746665
2017-06-08 01:01:22,-10.734777169940621,11e8f267-4fae-4c29-a24e-af50180ef1c9,38.890181999999996,-106.8746665
2017-06-13 01:09:22,-13.421530974349487,11e8f267-4fae-4c29-a24e-af50180ef1c9,38.890181999999996,-106.8746665
2017-06-25 01:09:22,-14.38154481424328,11e8f267-4fae-4c29-a24e-af50180ef1c9,38.890181999999996,-106.8746665
2017-07-02 01:01:24,-11.380676314664697,11e8f267-4fae-4c29-a24e-af50180ef1c9,38.890181999999996,-106.8746665
2017-07-07 01:09:23,-8.547971224790125,11e8f267-4fae-4c29-a24e-af50180ef1c9,38.890181999999996,-106.8746665
2017-07-14 01:01:25,-11.622516703978867,11e8f267-4fae-4c29-a24e-af50180ef1c9,38.890181999999996,-106.8746665
2017-07-26 01:01:25,-15.48493604218814,11e8f267-4fae-4c29-a24e-af50180ef1c9,38.890181999999996,-106.8746665
2017-07-31 01:09:24,-13.40913391535238,11e8f267-4fae-4c29-a24e-af50180ef1c9,38.890181999999996,-106.8746665
2017-08-07 01:01:26,-12.910528597752858,11e8f267-4fae-4c29-a24e-af50180ef1c9,38.890181999999996,-106.8746665
2017-08-12 01:09:25,-14.54834205636427,11e8f267-4fae-4c29-a24e-af50180ef1c9,38.890181999999996,-106.8746665
2017-08-19 01:01:26,-11.503588715289297,11e8f267-4fae-4c29-a24e-af50180ef1c9,38.890181999999996,-106.8746665
2017-08-24 01:09:26,-16.585708751858682,11e8f267-4fae-4c29-a24e-af50180ef1c9,38.890181999999996,-106.8746665
2017-08-31 01:01:27,-10.11576131849566,11e8f267-4fae-4c29-a24e-af50180ef1c9,38.890181999999996,-106.8746665
2017-09-05 01:09:26,-16.469966489505072,11e8f267-4fae-4c29-a24e-af50180ef1c9,38.890181999999996,-106.8746665
2017-09-12 01:01:27,-15.175826866208581,11e8f267-4fae-4c29-a24e-af50180ef1c9,38.890181999999996,-106.8746665
2017-09-17 01:09:27,-12.908763783993997,11e8f267-4fae-4c29-a24e-af50180ef1c9,38.890181999999996,-106.8746665
2017-09-24 01:01:28,-12.152907571951289,11e8f267-4fae-4c29-a24e-af50180ef1c9,38.890181999999996,-106.8746665
2017-09-29 01:09:27,-15.713788922259631,11e8f267-4fae-4c29-a24e-af50180ef1c9,38.890181999999996,-106.8746665
2017-10-06 01:01:28,-12.68583984717189,11e8f267-4fae-4c29-a24e-af50180ef1c9,38.890181999999996,-106.8746665
2017-10-11 01:09:27,-11.509460712193238,11e8f267-4fae-4c29-a24e-af50180ef1c9,38.890181999999996,-106.8746665
2017-10-18 01:01:28,-11.035129070590306,11e8f267-4fae-4c29-a24e-af50180ef1c9,38.890181999999996,-106.8746665
2017-10-23 01:09:27,-16.908518773951123,11e8f267-4fae-4c29-a24e-af50180ef1c9,38.890181999999996,-106.8746665
2017-10-30 01:01:28,-12.32902086653435,11e8f267-4fae-4c29-a24e-af50180ef1c9,38.890181999999996,-106.8746665
2017-11-04 01:09:27,-15.422856495443407,11e8f267-4fae-4c29-a24e-af50180ef1c9,38.890181999999996,-106.8746665
2017-11-11 01:01:28,-15.056346546982127,11e8f267-4fae-4c29-a24e-af50180ef1c9,38.890181999999996,-106.8746665
2017-11-23 01:01:28,-12.64397139100549,11e8f267-4fae-4c29-a24e-af50180ef1c9,38.890181999999996,-106.8746665
2017-11-28 01:09:27,-17.9522924204863,11e8f267-4fae-4c29-a24e-af50180ef1c9,38.890181999999996,-106.8746665
2017-12-05 01:01:27,-12.885425131493562,11e8f267-4fae-4c29-a24e-af50180ef1c9,38.890181999999996,-106.8746665
2017-12-10 01:09:26,-15.841100902535183,11e8f267-4fae-4c29-a24e-af50180ef1c9,38.890181999999996,-106.8746665
2017-12-17 01:01:27,-15.705486503640522,11e8f267-4fae-4c29-a24e-af50180ef1c9,38.890181999999996,-106.8746665
2017-12-22 01:09:26,-16.48681404670627,11e8f267-4fae-4c29-a24e-af50180ef1c9,38.890181999999996,-106.8746665
2017-12-29 01:01:27,-13.498181926912094,11e8f267-4fae-4c29-a24e-af50180ef1c9,38.890181999999996,-106.8746665
2018-01-03 01:09:25,-18.78552930318466,11e8f267-4fae-4c29-a24e-af50180ef1c9,38.890181999999996,-106.8746665
2018-01-10 01:01:26,-11.963224669795663,11e8f267-4fae-4c29-a24e-af50180ef1c9,38.890181999999996,-106.8746665
2018-01-15 01:09:25,-13.657889216177814,11e8f267-4fae-4c29-a24e-af50180ef1c9,38.890181999999996,-106.8746665
2018-01-22 01:01:26,-16.69161082266037,11e8f267-4fae-4c29-a24e-af50180ef1c9,38.890181999999996,-106.8746665
2018-01-27 01:09:24,-12.271228771805388,11e8f267-4fae-4c29-a24e-af50180ef1c9,38.890181999999996,-106.8746665
2018-02-08 01:09:24,-17.638513577745723,11e8f267-4fae-4c29-a24e-af50180ef1c9,38.890181999999996,-106.8746665
2018-02-20 01:09:24,-12.749878646096771,11e8f267-4fae-4c29-a24e-af50180ef1c9,38.890181999999996,-106.8746665
2018-03-04 01:09:24,-13.34349603680316,11e8f267-4fae-4c29-a24e-af50180ef1c9,38.890181999999996,-106.8746665
2018-03-23 01:01:25,-11.833160080982449,11e8f267-4fae-4c29-a24e-af50180ef1c9,38.890181999999996,-106.8746665
2018-04-04 01:01:26,-14.388080692776054,11e8f267-4fae-4c29-a24e-af50180ef1c9,38.890181999999996,-106.8746665
2018-04-09 01:09:25,-18.160587438334442,11e8f267-4fae-4c29-a24e-af50180ef1c9,38.890181999999996,-106.8746665
2018-04-16 01:01:26,-13.486324498895321,11e8f267-4fae-4c29-a24e-af50180ef1c9,38.890181999999996,-106.8746665
2018-04-21 01:09:25,-13.275225357998401,11e8f267-4fae-4c29-a24e-af50180ef1c9,38.890181999999996,-106.8746665
2018-04-28 01:01:27,-10.18563814955015,11e8f267-4fae-4c29-a24e-af50180ef1c9,38.890181999999996,-106.8746665
2018-05-03 01:09:26,-19.28159899107635,11e8f267-4fae-4c29-a24e-af50180ef1c9,38.890181999999996,-106.8746665
2018-05-15 01:09:26,-12.293721601169597,11e8f267-4fae-4c29-a24e-af50180ef1c9,38.890181999999996,-106.8746665
2018-05-22 01:01:28,-9.012224010396785,11e8f267-4fae-4c29-a24e-af50180ef1c9,38.890181999999996,-106.8746665
2018-05-27 01:09:27,-13.595857794594375,11e8f267-4fae-4c29-a24e-af50180ef1c9,38.890181999999996,-106.8746665
2018-06-03 01:01:28,-12.025655198268439,11e8f267-4fae-4c29-a24e-af50180ef1c9,38.890181999999996,-106.8746665
2018-06-08 01:09:28,-15.118041284265846,11e8f267-4fae-4c29-a24e-af50180ef1c9,38.890181999999996,-106.8746665
2018-06-20 01:09:29,-17.10166166786818,11e8f267-4fae-4c29-a24e-af50180ef1c9,38.890181999999996,-106.8746665
2018-06-27 01:01:30,-10.73391423633122,11e8f267-4fae-4c29-a24e-af50180ef1c9,38.890181999999996,-106.8746665
2018-07-02 01:09:29,-9.841596968310174,11e8f267-4fae-4c29-a24e-af50180ef1c9,38.890181999999996,-106.8746665
2018-07-09 01:01:31,-14.084278759622936,11e8f267-4fae-4c29-a24e-af50180ef1c9,38.890181999999996,-106.8746665
2018-07-09 01:01:31,-11.503629438585902,11e8f267-4fae-4c29-a24e-af50180ef1c9,38.890181999999996,-106.8746665
2018-07-14 01:09:30,-14.579529501433203,11e8f267-4fae-4c29-a24e-af50180ef1c9,38.890181999999996,-106.8746665
2018-07-21 01:01:32,-12.509305937252336,11e8f267-4fae-4c29-a24e-af50180ef1c9,38.890181999999996,-106.8746665
2018-07-26 01:09:31,-11.182993288535105,11e8f267-4fae-4c29-a24e-af50180ef1c9,38.890181999999996,-106.8746665
2018-08-02 01:01:32,-14.745125934930696,11e8f267-4fae-4c29-a24e-af50180ef1c9,38.890181999999996,-106.8746665
2018-08-07 01:09:31,-11.88922763970244,11e8f267-4fae-4c29-a24e-af50180ef1c9,38.890181999999996,-106.8746665
2018-08-14 01:01:33,-13.634198701981662,11e8f267-4fae-4c29-a24e-af50180ef1c9,38.890181999999996,-106.8746665
2018-08-19 01:09:32,-13.09890215457754,11e8f267-4fae-4c29-a24e-af50180ef1c9,38.890181999999996,-106.8746665
2018-08-26 01:01:34,-13.60851944323841,11e8f267-4fae-4c29-a24e-af50180ef1c9,38.890181999999996,-106.8746665
2018-08-31 01:09:33,-12.611626717236732,11e8f267-4fae-4c29-a24e-af50180ef1c9,38.890181999999996,-106.8746665
2018-09-07 01:01:34,-15.949529601383725,11e8f267-4fae-4c29-a24e-af50180ef1c9,38.890181999999996,-106.8746665
2018-09-12 01:09:33,-16.06953789731334,11e8f267-4fae-4c29-a24e-af50180ef1c9,38.890181999999996,-106.8746665
2018-09-19 01:01:34,-16.091251541396737,11e8f267-4fae-4c29-a24e-af50180ef1c9,38.890181999999996,-106.8746665
2018-09-24 01:09:33,-13.820452596823463,11e8f267-4fae-4c29-a24e-af50180ef1c9,38.890181999999996,-106.8746665
2018-10-01 01:01:35,-11.197097356058308,11e8f267-4fae-4c29-a24e-af50180ef1c9,38.890181999999996,-106.8746665
2018-10-06 01:09:34,-12.19174254321667,11e8f267-4fae-4c29-a24e-af50180ef1c9,38.890181999999996,-106.8746665
2018-10-13 01:01:35,-10.01206335642606,11e8f267-4fae-4c29-a24e-af50180ef1c9,38.890181999999996,-106.8746665
2018-10-18 01:09:34,-13.545238593770318,11e8f267-4fae-4c29-a24e-af50180ef1c9,38.890181999999996,-106.8746665
2018-10-25 01:01:18,-12.669528602662945,11e8f267-4fae-4c29-a24e-af50180ef1c9,38.890181999999996,-106.8746665
2018-10-30 01:09:34,-12.684209325064458,11e8f267-4fae-4c29-a24e-af50180ef1c9,38.890181999999996,-106.8746665
2018-11-11 01:09:34,-15.508982190597385,11e8f267-4fae-4c29-a24e-af50180ef1c9,38.890181999999996,-106.8746665
2018-11-23 01:09:34,-13.903741510828118,11e8f267-4fae-4c29-a24e-af50180ef1c9,38.890181999999996,-106.8746665
2018-12-05 01:09:33,-15.77082469822427,11e8f267-4fae-4c29-a24e-af50180ef1c9,38.890181999999996,-106.8746665
2018-12-17 01:09:33,-10.744475113713868,11e8f267-4fae-4c29-a24e-af50180ef1c9,38.890181999999996,-106.8746665
2019-01-10 01:09:32,-15.315296354692387,11e8f267-4fae-4c29-a24e-af50180ef1c9,38.890181999999996,-106.8746665
2019-01-22 01:09:31,-17.89446263091167,11e8f267-4fae-4c29-a24e-af50180ef1c9,38.890181999999996,-106.8746665
2019-02-03 01:09:31,-16.7291831972545,11e8f267-4fae-4c29-a24e-af50180ef1c9,38.890181999999996,-106.8746665
2019-02-15 01:09:31,-15.7298147582394,11e8f267-4fae-4c29-a24e-af50180ef1c9,38.890181999999996,-106.8746665
2019-02-27 01:09:31,-15.826830484583908,11e8f267-4fae-4c29-a24e-af50180ef1c9,38.890181999999996,-106.8746665
2019-03-11 01:09:31,-17.294648664106326,11e8f267-4fae-4c29-a24e-af50180ef1c9,38.890181999999996,-106.8746665
2019-03-23 01:09:31,-14.867065605151293,11e8f267-4fae-4c29-a24e-af50180ef1c9,38.890181999999996,-106.8746665
2019-04-04 01:09:31,-17.89599592505813,11e8f267-4fae-4c29-a24e-af50180ef1c9,38.890181999999996,-106.8746665
2019-04-16 01:09:31,-16.730015585266326,11e8f267-4fae-4c29-a24e-af50180ef1c9,38.890181999999996,-106.8746665
2019-04-28 01:09:32,-20.94103174239227,11e8f267-4fae-4c29-a24e-af50180ef1c9,38.890181999999996,-106.8746665
2019-05-10 01:09:32,-14.172614426960639,11e8f267-4fae-4c29-a24e-af50180ef1c9,38.890181999999996,-106.8746665
2019-05-17 01:01:34,-13.41776774485218,11e8f267-4fae-4c29-a24e-af50180ef1c9,38.890181999999996,-106.8746665
2019-05-22 01:09:33,-17.292043070683928,11e8f267-4fae-4c29-a24e-af50180ef1c9,38.890181999999996,-106.8746665
2019-05-29 01:01:35,-14.261494798242742,11e8f267-4fae-4c29-a24e-af50180ef1c9,38.890181999999996,-106.8746665
2019-06-03 01:09:34,-14.062374945312495,11e8f267-4fae-4c29-a24e-af50180ef1c9,38.890181999999996,-106.8746665
2019-06-10 01:01:35,-10.293958921637724,11e8f267-4fae-4c29-a24e-af50180ef1c9,38.890181999999996,-106.8746665
2019-06-15 01:09:34,-15.128615717812101,11e8f267-4fae-4c29-a24e-af50180ef1c9,38.890181999999996,-106.8746665
2019-06-22 01:01:36,-11.686240520568278,11e8f267-4fae-4c29-a24e-af50180ef1c9,38.890181999999996,-106.8746665
2019-06-27 01:09:35,-13.173296994702454,11e8f267-4fae-4c29-a24e-af50180ef1c9,38.890181999999996,-106.8746665
2019-07-04 01:01:37,-12.198063085646165,11e8f267-4fae-4c29-a24e-af50180ef1c9,38.890181999999996,-106.8746665
2019-07-09 01:09:36,-14.008729106284195,11e8f267-4fae-4c29-a24e-af50180ef1c9,38.890181999999996,-106.8746665
2019-07-16 01:01:37,-11.602241415783624,11e8f267-4fae-4c29-a24e-af50180ef1c9,38.890181999999996,-106.8746665
2019-07-21 01:09:37,-12.106689240878323,11e8f267-4fae-4c29-a24e-af50180ef1c9,38.890181999999996,-106.8746665
2019-07-28 01:01:38,-12.923223995078283,11e8f267-4fae-4c29-a24e-af50180ef1c9,38.890181999999996,-106.8746665
2019-08-02 01:09:37,-14.192766841705255,11e8f267-4fae-4c29-a24e-af50180ef1c9,38.890181999999996,-106.8746665
2019-08-09 01:01:39,-11.41579124814399,11e8f267-4fae-4c29-a24e-af50180ef1c9,38.890181999999996,-106.8746665
2019-08-14 01:09:38,-15.390088556506093,11e8f267-4fae-4c29-a24e-af50180ef1c9,38.890181999999996,-106.8746665
2019-08-21 01:01:40,-12.376318941825783,11e8f267-4fae-4c29-a24e-af50180ef1c9,38.890181999999996,-106.8746665
2019-08-26 01:09:39,-11.375010695349927,11e8f267-4fae-4c29-a24e-af50180ef1c9,38.890181999999996,-106.8746665
2019-09-02 01:01:40,-9.867995806950889,11e8f267-4fae-4c29-a24e-af50180ef1c9,38.890181999999996,-106.8746665
2019-09-07 01:09:39,-10.306076012408216,11e8f267-4fae-4c29-a24e-af50180ef1c9,38.890181999999996,-106.8746665
2019-09-14 01:01:41,-15.253361789305854,11e8f267-4fae-4c29-a24e-af50180ef1c9,38.890181999999996,-106.8746665
2019-09-19 01:09:40,-14.272844188195064,11e8f267-4fae-4c29-a24e-af50180ef1c9,38.890181999999996,-106.8746665
2019-09-26 01:01:41,-12.64101831690158,11e8f267-4fae-4c29-a24e-af50180ef1c9,38.890181999999996,-106.8746665
2019-10-01 01:09:40,-11.267062241534529,11e8f267-4fae-4c29-a24e-af50180ef1c9,38.890181999999996,-106.8746665
2019-10-08 01:01:41,-17.155909107261685,11e8f267-4fae-4c29-a24e-af50180ef1c9,38.890181999999996,-106.8746665
2019-10-13 01:09:40,-13.521016931123674,11e8f267-4fae-4c29-a24e-af50180ef1c9,38.890181999999996,-106.8746665
2019-10-20 01:01:41,-17.12497639676628,11e8f267-4fae-4c29-a24e-af50180ef1c9,38.890181999999996,-106.8746665
2019-10-25 01:09:40,-16.58656614716168,11e8f267-4fae-4c29-a24e-af50180ef1c9,38.890181999999996,-106.8746665
2019-11-01 01:01:41,-13.341844846701239,11e8f267-4fae-4c29-a24e-af50180ef1c9,38.890181999999996,-106.8746665
2019-11-06 01:09:40,-10.29972096808234,11e8f267-4fae-4c29-a24e-af50180ef1c9,38.890181999999996,-106.8746665
2019-11-13 01:01:41,-14.149597451074998,11e8f267-4fae-4c29-a24e-af50180ef1c9,38.890181999999996,-106.8746665
2019-11-18 01:09:40,-10.916349986608246,11e8f267-4fae-4c29-a24e-af50180ef1c9,38.890181999999996,-106.8746665
2019-11-25 01:01:41,-15.708260443982237,11e8f267-4fae-4c29-a24e-af50180ef1c9,38.890181999999996,-106.8746665
2019-11-30 01:09:40,-16.492756736726434,11e8f267-4fae-4c29-a24e-af50180ef1c9,38.890181999999996,-106.8746665
2019-12-07 01:01:41,-12.775802250094559,11e8f267-4fae-4c29-a24e-af50180ef1c9,38.890181999999996,-106.8746665
2019-12-12 01:09:39,-17.63435408338285,11e8f267-4fae-4c29-a24e-af50180ef1c9,38.890181999999996,-106.8746665
2019-12-19 01:01:40,-17.737440105686268,11e8f267-4fae-4c29-a24e-af50180ef1c9,38.890181999999996,-106.8746665
2019-12-24 01:09:39,-17.44226666313044,11e8f267-4fae-4c29-a24e-af50180ef1c9,38.890181999999996,-106.8746665
2019-12-31 01:01:39,-16.930151885005603,11e8f267-4fae-4c29-a24e-af50180ef1c9,38.890181999999996,-106.8746665
2020-01-05 01:09:38,-13.782459670245048,11e8f267-4fae-4c29-a24e-af50180ef1c9,38.890181999999996,-106.8746665
2020-01-12 01:01:39,-16.167267614984702,11e8f267-4fae-4c29-a24e-af50180ef1c9,38.890181999999996,-106.8746665
2020-01-17 01:09:38,-15.622734694233264,11e8f267-4fae-4c29-a24e-af50180ef1c9,38.890181999999996,-106.8746665
2020-01-24 01:01:39,-19.877172029243233,11e8f267-4fae-4c29-a24e-af50180ef1c9,38.890181999999996,-106.8746665
2020-01-29 01:09:37,-19.38385581672108,11e8f267-4fae-4c29-a24e-af50180ef1c9,38.890181999999996,-106.8746665
2020-02-10 01:09:37,-15.252175286955556,11e8f267-4fae-4c29-a24e-af50180ef1c9,38.890181999999996,-106.8746665
2020-02-22 01:09:37,-14.471641728316275,11e8f267-4fae-4c29-a24e-af50180ef1c9,38.890181999999996,-106.8746665
2020-02-29 01:01:38,-10.60068528126587,11e8f267-4fae-4c29-a24e-af50180ef1c9,38.890181999999996,-106.8746665
2020-03-05 01:09:37,-16.116284015699677,11e8f267-4fae-4c29-a24e-af50180ef1c9,38.890181999999996,-106.8746665
2020-03-12 01:01:38,-12.274214224684831,11e8f267-4fae-4c29-a24e-af50180ef1c9,38.890181999999996,-106.8746665
2020-03-17 01:09:37,-12.59385380159641,11e8f267-4fae-4c29-a24e-af50180ef1c9,38.890181999999996,-106.8746665
2020-03-29 01:09:37,-18.726842484775993,11e8f267-4fae-4c29-a24e-af50180ef1c9,38.890181999999996,-106.8746665
2020-04-05 01:01:38,-11.481467130522205,11e8f267-4fae-4c29-a24e-af50180ef1c9,38.890181999999996,-106.8746665
2020-04-10 01:09:37,-11.571901007154239,11e8f267-4fae-4c29-a24e-af50180ef1c9,38.890181999999996,-106.8746665
2020-04-17 01:01:39,-18.032630721617856,11e8f267-4fae-4c29-a24e-af50180ef1c9,38.890181999999996,-106.8746665
2020-04-22 01:09:38,-14.638587685986632,11e8f267-4fae-4c29-a24e-af50180ef1c9,38.890181999999996,-106.8746665
2020-04-29 01:01:39,-12.365078945269767,11e8f267-4fae-4c29-a24e-af50180ef1c9,38.890181999999996,-106.8746665
2020-05-04 01:09:39,-13.41220996807898,11e8f267-4fae-4c29-a24e-af50180ef1c9,38.890181999999996,-106.8746665
2020-05-11 01:01:40,-12.416183035302756,11e8f267-4fae-4c29-a24e-af50180ef1c9,38.890181999999996,-106.8746665
2020-05-16 01:09:39,-14.629156790262883,11e8f267-4fae-4c29-a24e-af50180ef1c9,38.890181999999996,-106.8746665
2020-05-23 01:01:41,-12.709193551478107,11e8f267-4fae-4c29-a24e-af50180ef1c9,38.890181999999996,-106.8746665
2020-05-28 01:09:40,-13.532480302571152,11e8f267-4fae-4c29-a24e-af50180ef1c9,38.890181999999996,-106.8746665
2020-06-09 01:09:41,-9.250515916483886,11e8f267-4fae-4c29-a24e-af50180ef1c9,38.890181999999996,-106.8746665
2020-06-16 01:01:42,-11.338559382004503,11e8f267-4fae-4c29-a24e-af50180ef1c9,38.890181999999996,-106.8746665
2020-06-21 01:09:41,-19.13848727845879,11e8f267-4fae-4c29-a24e-af50180ef1c9,38.890181999999996,-106.8746665
2020-06-28 01:01:43,-12.04445387611923,11e8f267-4fae-4c29-a24e-af50180ef1c9,38.890181999999996,-106.8746665
2020-07-10 01:01:43,-8.289601674026601,11e8f267-4fae-4c29-a24e-af50180ef1c9,38.890181999999996,-106.8746665
2020-07-15 01:09:43,-14.45210750297379,11e8f267-4fae-4c29-a24e-af50180ef1c9,38.890181999999996,-106.8746665
2020-07-22 01:01:44,-11.051065044161124,11e8f267-4fae-4c29-a24e-af50180ef1c9,38.890181999999996,-106.8746665
2020-07-27 01:09:43,-12.518324146071055,11e8f267-4fae-4c29-a24e-af50180ef1c9,38.890181999999996,-106.8746665
2020-08-03 01:01:45,-10.81165415897863,11e8f267-4fae-4c29-a24e-af50180ef1c9,38.890181999999996,-106.8746665
2020-08-08 01:09:44,-10.823680567430818,11e8f267-4fae-4c29-a24e-af50180ef1c9,38.890181999999996,-106.8746665
2020-08-15 01:01:46,-11.780472261116056,11e8f267-4fae-4c29-a24e-af50180ef1c9,38.890181999999996,-106.8746665
2020-08-20 01:09:45,-11.446922390711876,11e8f267-4fae-4c29-a24e-af50180ef1c9,38.890181999999996,-106.8746665
2020-08-27 01:01:46,-13.084174175469146,11e8f267-4fae-4c29-a24e-af50180ef1c9,38.890181999999996,-106.8746665
2020-09-01 01:09:46,-12.24570442922013,11e8f267-4fae-4c29-a24e-af50180ef1c9,38.890181999999996,-106.8746665
2020-09-08 01:01:47,-9.728820614753692,11e8f267-4fae-4c29-a24e-af50180ef1c9,38.890181999999996,-106.8746665
2020-09-13 01:09:46,-12.828294595799033,11e8f267-4fae-4c29-a24e-af50180ef1c9,38.890181999999996,-106.8746665
2020-09-20 01:01:47,-12.261325895579711,11e8f267-4fae-4c29-a24e-af50180ef1c9,38.890181999999996,-106.8746665
2020-09-25 01:09:46,-12.981584598245393,11e8f267-4fae-4c29-a24e-af50180ef1c9,38.890181999999996,-106.8746665
2020-10-02 01:01:47,-11.619626312375358,11e8f267-4fae-4c29-a24e-af50180ef1c9,38.890181999999996,-106.8746665
2020-10-07 01:09:47,-13.55320323017377,11e8f267-4fae-4c29-a24e-af50180ef1c9,38.890181999999996,-106.8746665
2020-10-14 01:01:48,-16.475402856299834,11e8f267-4fae-4c29-a24e-af50180ef1c9,38.890181999999996,-106.8746665
2020-10-19 01:09:46,-9.462212320820145,11e8f267-4fae-4c29-a24e-af50180ef1c9,38.890181999999996,-106.8746665
2020-10-26 01:01:48,-11.362306655841936,11e8f267-4fae-4c29-a24e-af50180ef1c9,38.890181999999996,-106.8746665
2020-10-31 01:09:47,-11.9607098141758,11e8f267-4fae-4c29-a24e-af50180ef1c9,38.890181999999996,-106.8746665
2020-11-07 01:01:48,-11.877744761510343,11e8f267-4fae-4c29-a24e-af50180ef1c9,38.890181999999996,-106.8746665
2020-11-12 01:09:46,-15.498495735932739,11e8f267-4fae-4c29-a24e-af50180ef1c9,38.890181999999996,-106.8746665
2020-11-19 01:01:47,-11.664778365861746,11e8f267-4fae-4c29-a24e-af50180ef1c9,38.890181999999996,-106.8746665
2020-11-24 01:09:46,-12.14434995664252,11e8f267-4fae-4c29-a24e-af50180ef1c9,38.890181999999996,-106.8746665
2020-12-01 01:01:47,-13.945715584629323,11e8f267-4fae-4c29-a24e-af50180ef1c9,38.890181999999996,-106.8746665
2020-12-06 01:09:46,-12.222245920206824,11e8f267-4fae-4c29-a24e-af50180ef1c9,38.890181999999996,-106.8746665
2020-12-13 01:01:46,-14.358506943732243,11e8f267-4fae-4c29-a24e-af50180ef1c9,38.890181999999996,-106.8746665
2020-12-18 01:09:45,-13.358012948170776,11e8f267-4fae-4c29-a24e-af50180ef1c9,38.890181999999996,-106.8746665
2020-12-25 01:01:46,-11.323355825605411,11e8f267-4fae-4c29-a24e-af50180ef1c9,38.890181999999996,-106.8746665
2020-12-30 01:09:45,-19.39097018755174,11e8f267-4fae-4c29-a24e-af50180ef1c9,38.890181999999996,-106.8746665
2021-01-06 01:01:45,-14.391984974377724,11e8f267-4fae-4c29-a24e-af50180ef1c9,38.890181999999996,-106.8746665
2021-01-11 01:09:44,-13.548580628929903,11e8f267-4fae-4c29-a24e-af50180ef1c9,38.890181999999996,-106.8746665
2021-01-18 01:01:45,-15.71174008174654,11e8f267-4fae-4c29-a24e-af50180ef1c9,38.890181999999996,-106.8746665
2021-01-23 01:09:44,-15.625841821150976,11e8f267-4fae-4c29-a24e-af50180ef1c9,38.890181999999996,-106.8746665
2021-01-30 01:01:44,-17.1889550380088,11e8f267-4fae-4c29-a24e-af50180ef1c9,38.890181999999996,-106.8746665
2021-02-04 01:09:43,-16.83542782396344,11e8f267-4fae-4c29-a24e-af50180ef1c9,38.890181999999996,-106.8746665
2021-02-11 01:01:44,-12.925542674581404,11e8f267-4fae-4c29-a24e-af50180ef1c9,38.890181999999996,-106.8746665
2021-02-16 01:09:43,-15.739309769371935,11e8f267-4fae-4c29-a24e-af50180ef1c9,38.890181999999996,-106.8746665
2021-02-23 01:01:44,-13.13174226666309,11e8f267-4fae-4c29-a24e-af50180ef1c9,38.890181999999996,-106.8746665
2021-02-28 01:09:43,-17.980101318331183,11e8f267-4fae-4c29-a24e-af50180ef1c9,38.890181999999996,-106.8746665
2021-03-07 01:01:44,-13.725218735030058,11e8f267-4fae-4c29-a24e-af50180ef1c9,38.890181999999996,-106.8746665
2021-03-12 01:09:43,-12.005731142214533,11e8f267-4fae-4c29-a24e-af50180ef1c9,38.890181999999996,-106.8746665
2021-03-19 01:01:44,-13.014691924447872,11e8f267-4fae-4c29-a24e-af50180ef1c9,38.890181999999996,-106.8746665
2021-03-24 01:09:43,-14.107432359153588,11e8f267-4fae-4c29-a24e-af50180ef1c9,38.890181999999996,-106.8746665
2021-03-31 01:01:44,-15.036194009108016,11e8f267-4fae-4c29-a24e-af50180ef1c9,38.890181999999996,-106.8746665
2021-04-05 01:09:43,-10.03518145787754,11e8f267-4fae-4c29-a24e-af50180ef1c9,38.890181999999996,-106.8746665
2021-04-12 01:01:44,-15.462828978307478,11e8f267-4fae-4c29-a24e-af50180ef1c9,38.890181999999996,-106.8746665
2021-04-17 01:09:44,-14.613659149636565,11e8f267-4fae-4c29-a24e-af50180ef1c9,38.890181999999996,-106.8746665
2021-04-24 01:01:45,-8.48690577177158,11e8f267-4fae-4c29-a24e-af50180ef1c9,38.890181999999996,-106.8746665
2021-04-29 01:09:44,-14.50216023105649,11e8f267-4fae-4c29-a24e-af50180ef1c9,38.890181999999996,-106.8746665
2021-05-06 01:01:46,-14.552871786876109,11e8f267-4fae-4c29-a24e-af50180ef1c9,38.890181999999996,-106.8746665
2021-05-11 01:09:45,-12.87658509983052,11e8f267-4fae-4c29-a24e-af50180ef1c9,38.890181999999996,-106.8746665
2021-05-18 01:01:46,-12.718741981935068,11e8f267-4fae-4c29-a24e-af50180ef1c9,38.890181999999996,-106.8746665
2021-05-23 01:09:45,-11.95968777816765,11e8f267-4fae-4c29-a24e-af50180ef1c9,38.890181999999996,-106.8746665
2021-05-30 01:01:47,-12.288770902114052,11e8f267-4fae-4c29-a24e-af50180ef1c9,38.890181999999996,-106.8746665
2021-06-04 01:09:46,-12.849791074761933,11e8f267-4fae-4c29-a24e-af50180ef1c9,38.890181999999996,-106.8746665
2021-06-11 01:01:48,-8.746931527138962,11e8f267-4fae-4c29-a24e-af50180ef1c9,38.890181999999996,-106.8746665
2021-06-16 01:09:47,-12.569316655471853,11e8f267-4fae-4c29-a24e-af50180ef1c9,38.890181999999996,-106.8746665
2021-06-23 01:01:48,-10.0727944915023,11e8f267-4fae-4c29-a24e-af50180ef1c9,38.890181999999996,-106.8746665
2021-06-28 01:09:48,-9.848535132715982,11e8f267-4fae-4c29-a24e-af50180ef1c9,38.890181999999996,-106.8746665
2021-07-05 01:01:49,-9.338037547016794,11e8f267-4fae-4c29-a24e-af50180ef1c9,38.890181999999996,-106.8746665
2021-07-10 01:09:48,-12.44838956943722,11e8f267-4fae-4c29-a24e-af50180ef1c9,38.890181999999996,-106.8746665
2021-07-17 01:01:50,-14.128003725264389,11e8f267-4fae-4c29-a24e-af50180ef1c9,38.890181999999996,-106.8746665
2021-07-22 01:09:49,-16.84534062452089,11e8f267-4fae-4c29-a24e-af50180ef1c9,38.890181999999996,-106.8746665
2021-07-29 01:01:51,-10.54607274776341,11e8f267-4fae-4c29-a24e-af50180ef1c9,38.890181999999996,-106.8746665
2021-08-03 01:09:50,-13.146098529334063,11e8f267-4fae-4c29-a24e-af50180ef1c9,38.890181999999996,-106.8746665
2021-08-10 01:01:51,-14.077327723593164,11e8f267-4fae-4c29-a24e-af50180ef1c9,38.890181999999996,-106.8746665
2021-08-15 01:09:50,-10.034944150574352,11e8f267-4fae-4c29-a24e-af50180ef1c9,38.890181999999996,-106.8746665
2021-08-22 01:01:52,-11.59541940005438,11e8f267-4fae-4c29-a24e-af50180ef1c9,38.890181999999996,-106.8746665
2021-08-27 01:09:51,-14.421328455906075,11e8f267-4fae-4c29-a24e-af50180ef1c9,38.890181999999996,-106.8746665
2021-09-03 01:01:52,-11.905726679199331,11e8f267-4fae-4c29-a24e-af50180ef1c9,38.890181999999996,-106.8746665
2021-09-08 01:09:52,-12.824593120642048,11e8f267-4fae-4c29-a24e-af50180ef1c9,38.890181999999996,-106.8746665
2021-09-15 01:01:53,-12.119287384037861,11e8f267-4fae-4c29-a24e-af50180ef1c9,38.890181999999996,-106.8746665
2021-09-20 01:09:52,-15.40209104652202,11e8f267-4fae-4c29-a24e-af50180ef1c9,38.890181999999996,-106.8746665
2021-09-27 01:01:53,-11.520109080807586,11e8f267-4fae-4c29-a24e-af50180ef1c9,38.890181999999996,-106.8746665
2021-10-09 01:01:53,-10.541701158398503,11e8f267-4fae-4c29-a24e-af50180ef1c9,38.890181999999996,-106.8746665
2021-10-14 01:09:52,-14.170180229413942,11e8f267-4fae-4c29-a24e-af50180ef1c9,38.890181999999996,-106.8746665
2021-10-21 01:01:54,-10.959705699387563,11e8f267-4fae-4c29-a24e-af50180ef1c9,38.890181999999996,-106.8746665
2021-10-26 01:09:52,-14.472579108923318,11e8f267-4fae-4c29-a24e-af50180ef1c9,38.890181999999996,-106.8746665
2021-11-02 01:01:53,-12.465575320648544,11e8f267-4fae-4c29-a24e-af50180ef1c9,38.890181999999996,-106.8746665
2021-11-07 01:09:52,-14.531770133616938,11e8f267-4fae-4c29-a24e-af50180ef1c9,38.890181999999996,-106.8746665
2021-11-14 01:01:53,-11.760667748555802,11e8f267-4fae-4c29-a24e-af50180ef1c9,38.890181999999996,-106.8746665
2021-11-19 01:09:52,-21.110333335049777,11e8f267-4fae-4c29-a24e-af50180ef1c9,38.890181999999996,-106.8746665
2021-11-26 01:01:53,-12.207853938770374,11e8f267-4fae-4c29-a24e-af50180ef1c9,38.890181999999996,-106.8746665
2021-12-01 01:09:51,-16.82158400167,11e8f267-4fae-4c29-a24e-af50180ef1c9,38.890181999999996,-106.8746665
2021-12-08 01:01:52,-13.63031017411771,11e8f267-4fae-4c29-a24e-af50180ef1c9,38.890181999999996,-106.8746665
2021-12-13 01:09:51,-16.022004389420264,11e8f267-4fae-4c29-a24e-af50180ef1c9,38.890181999999996,-106.8746665
2021-12-20 01:01:52,-13.223421588280056,11e8f267-4fae-4c29-a24e-af50180ef1c9,38.890181999999996,-106.8746665
2016-09-29 01:01:06,-11.901263286339878,11e8f267-4fae-4c29-a24e-af50180ef1c9,38.890181999999996,-106.8746665
2016-10-04 01:09:10,-12.128220059105477,11e8f267-4fae-4c29-a24e-af50180ef1c9,38.890181999999996,-106.8746665
2016-10-11 01:01:06,-14.009303716161774,11e8f267-4fae-4c29-a24e-af50180ef1c9,38.890181999999996,-106.8746665
