date,s1_grd_vv,cell_id,latitude,longitude
2015-04-01 02:01:49,-12.274420987326762,664c4da5-4a79-4996-b6db-60d32320cfaf,48.0906755,-123.4216335
2015-06-05 02:10:01,-12.631038284336974,664c4da5-4a79-4996-b6db-60d32320cfaf,48.0906755,-123.4216335
2015-07-23 02:10:03,-12.26471830161639,664c4da5-4a79-4996-b6db-60d32320cfaf,48.0906755,-123.4216335
2015-08-16 02:10:04,-13.704642716650499,664c4da5-4a79-4996-b6db-60d32320cfaf,48.0906755,-123.4216335
2015-09-09 02:10:05,-12.581559291010475,664c4da5-4a79-4996-b6db-60d32320cfaf,48.0906755,-123.4216335
2015-10-03 02:10:06,-15.044744659979463,664c4da5-4a79-4996-b6db-60d32320cfaf,48.0906755,-123.4216335
2015-10-27 02:10:06,-11.745710771154371,664c4da5-4a79-4996-b6db-60d32320cfaf,48.0906755,-123.4216335
2015-11-11 14:29:23,-11.085365683495203,664c4da5-4a79-4996-b6db-60d32320cfaf,48.0906755,-123.4216335
2015-12-05 14:29:23,-12.140944199806993,664c4da5-4a79-4996-b6db-60d32320cfaf,48.0906755,-123.4216335
2015-12-29 14:29:22,-13.173708347749653,664c4da5-4a79-4996-b6db-60d32320cfaf,48.0906755,-123.4216335
2016-01-22 14:29:21,-12.012178915957954,664c4da5-4a79-4996-b6db-60d32320cfaf,48.0906755,-123.4216335
2016-02-15 14:29:21,-14.61019711254674,664c4da5-4a79-4996-b6db-60d32320cfaf,48.0906755,-123.4216335
2016-03-10 14:29:21,-15.584539717383848,664c4da5-4a79-4996-b6db-60d32320cfaf,48.0906755,-123.4216335
2016-03-14 02:02:03,-15.712789852350046,664c4da5-4a79-4996-b6db-60d32320cfaf,48.0906755,-123.4216335
2016-03-19 02:10:08,-12.02007501204455,664c4da5-4a79-4996-b6db-60d32320cfaf,48.0906755,-123.4216335
2016-04-03 14:29:22,-14.651061053903117,664c4da5-4a79-4996-b6db-60d32320cfaf,48.0906755,-123.4216335
2016-04-12 02:09:59,-13.465062299183007,664c4da5-4a79-4996-b6db-60d32320cfaf,48.0906755,-123.4216335
2016-04-27 14:29:22,-14.356819943771928,664c4da5-4a79-4996-b6db-60d32320cfaf,48.0906755,-123.4216335
2016-05-21 14:29:26,-15.909458689532558,664c4da5-4a79-4996-b6db-60d32320cfaf,48.0906755,-123.4216335
2016-05-30 02:10:04,-14.603364766500311,664c4da5-4a79-4996-b6db-60d32320cfaf,48.0906755,-123.4216335
2016-06-14 14:29:28,-14.01252391534796,664c4da5-4a79-4996-b6db-60d32320cfaf,48.0906755,-123.4216335
2016-07-08 14:29:29,-11.987520002603631,664c4da5-4a79-4996-b6db-60d32320cfaf,48.0906755,-123.4216335
2016-07-17 02:10:07,-13.173411219069568,664c4da5-4a79-4996-b6db-60d32320cfaf,48.0906755,-123.4216335
2016-08-01 14:29:31,-13.137190145161666,664c4da5-4a79-4996-b6db-60d32320cfaf,48.0906755,-123.4216335
2016-08-10 02:10:08,-15.305309636240054,664c4da5-4a79-4996-b6db-60d32320cfaf,48.0906755,-123.4216335
2016-08-22 02:10:24,-15.158232111206813,664c4da5-4a79-4996-b6db-60d32320cfaf,48.0906755,-123.4216335
2016-08-25 14:29:32,-15.345299093672581,664c4da5-4a79-4996-b6db-60d32320cfaf,48.0906755,-123.4216335
2016-08-29 02:02:11,-10.065266243322009,664c4da5-4a79-4996-b6db-60d32320cfaf,48.0906755,-123.4216335
2016-09-03 02:10:09,-16.530314767382997,664c4da5-4a79-4996-b6db-60d32320cfaf,48.0906755,-123.4216335
2016-09-13 14:21:20,-14.221210709503291,664c4da5-4a79-4996-b6db-60d32320cfaf,48.0906755,-123.4216335
2016-09-18 14:29:23,-10.34885995297341,664c4da5-4a79-4996-b6db-60d32320cfaf,48.0906755,-123.4216335
2016-09-27 02:10:10,-10.743876373928122,664c4da5-4a79-4996-b6db-60d32320cfaf,48.0906755,-123.4216335
2016-10-07 14:21:10,-14.389246314527979,664c4da5-4a79-4996-b6db-60d32320cfaf,48.0906755,-123.4216335
2016-10-12 14:29:33,-18.36658483932738,664c4da5-4a79-4996-b6db-60d32320cfaf,48.0906755,-123.4216335
2016-10-21 02:10:10,-16.663980661258485,664c4da5-4a79-4996-b6db-60d32320cfaf,48.0906755,-123.4216335
2016-10-31 14:21:10,-12.655143915946658,664c4da5-4a79-4996-b6db-60d32320cfaf,48.0906755,-123.4216335
2016-11-05 14:29:33,-12.86374448871417,664c4da5-4a79-4996-b6db-60d32320cfaf,48.0906755,-123.4216335
2016-11-14 02:10:10,-14.350649863852563,664c4da5-4a79-4996-b6db-60d32320cfaf,48.0906755,-123.4216335
2016-11-24 14:21:09,-14.148239016343924,664c4da5-4a79-4996-b6db-60d32320cfaf,48.0906755,-123.4216335
2016-11-29 14:29:32,-13.093139902666445,664c4da5-4a79-4996-b6db-60d32320cfaf,48.0906755,-123.4216335
2016-12-08 02:10:09,-14.208364805381056,664c4da5-4a79-4996-b6db-60d32320cfaf,48.0906755,-123.4216335
2016-12-18 14:21:09,-13.944777746661707,664c4da5-4a79-4996-b6db-60d32320cfaf,48.0906755,-123.4216335
2016-12-23 14:29:31,-14.777550430557438,664c4da5-4a79-4996-b6db-60d32320cfaf,48.0906755,-123.4216335
2017-01-01 02:10:07,-15.76542424587802,664c4da5-4a79-4996-b6db-60d32320cfaf,48.0906755,-123.4216335
2017-01-11 14:21:07,-14.03072554375141,664c4da5-4a79-4996-b6db-60d32320cfaf,48.0906755,-123.4216335
2017-01-16 14:29:29,-11.856408977829513,664c4da5-4a79-4996-b6db-60d32320cfaf,48.0906755,-123.4216335
2017-01-25 02:10:06,-10.921246866203555,664c4da5-4a79-4996-b6db-60d32320cfaf,48.0906755,-123.4216335
2017-02-04 14:21:06,-12.254514893144323,664c4da5-4a79-4996-b6db-60d32320cfaf,48.0906755,-123.4216335
2017-02-09 14:29:29,-9.566034315696024,664c4da5-4a79-4996-b6db-60d32320cfaf,48.0906755,-123.4216335
2021-07-18 14:29:35,-11.827005024671926,664c4da5-4a79-4996-b6db-60d32320cfaf,48.0906755,-123.4216335
2021-07-25 14:21:32,-12.661498315861053,664c4da5-4a79-4996-b6db-60d32320cfaf,48.0906755,-123.4216335
2021-07-30 14:29:36,-12.101213203366912,664c4da5-4a79-4996-b6db-60d32320cfaf,48.0906755,-123.4216335
2021-08-06 14:21:33,-11.526367059905056,664c4da5-4a79-4996-b6db-60d32320cfaf,48.0906755,-123.4216335
2014-10-23 14:29:00,-12.297141208525801,664c4da5-4a79-4996-b6db-60d32320cfaf,48.0906755,-123.4216335
2014-11-16 14:29:00,-12.391710832394311,664c4da5-4a79-4996-b6db-60d32320cfaf,48.0906755,-123.4216335
2015-01-07 02:01:43,-11.130788841528283,664c4da5-4a79-4996-b6db-60d32320cfaf,48.0906755,-123.4216335
2015-01-31 02:01:46,-12.611322973527644,664c4da5-4a79-4996-b6db-60d32320cfaf,48.0906755,-123.4216335
2015-02-24 02:01:40,-11.845049546900748,664c4da5-4a79-4996-b6db-60d32320cfaf,48.0906755,-123.4216335
2015-03-20 02:01:51,-7.725865854063615,664c4da5-4a79-4996-b6db-60d32320cfaf,48.0906755,-123.4216335
2015-03-28 14:28:58,-10.223674755979832,664c4da5-4a79-4996-b6db-60d32320cfaf,48.0906755,-123.4216335
2015-04-21 14:28:58,-11.739546955550262,664c4da5-4a79-4996-b6db-60d32320cfaf,48.0906755,-123.4216335
2015-05-07 02:01:40,-9.386395265579923,664c4da5-4a79-4996-b6db-60d32320cfaf,48.0906755,-123.4216335
2015-05-15 14:29:00,-14.479554878481856,664c4da5-4a79-4996-b6db-60d32320cfaf,48.0906755,-123.4216335
2015-05-24 02:10:10,-12.593573051995941,664c4da5-4a79-4996-b6db-60d32320cfaf,48.0906755,-123.4216335
2015-05-31 02:01:42,-4.7872542918296315,664c4da5-4a79-4996-b6db-60d32320cfaf,48.0906755,-123.4216335
2015-06-03 14:20:50,-10.825948651691213,664c4da5-4a79-4996-b6db-60d32320cfaf,48.0906755,-123.4216335
2015-06-08 14:29:02,-10.03194359941304,664c4da5-4a79-4996-b6db-60d32320cfaf,48.0906755,-123.4216335
2015-06-17 02:10:12,-11.104107628497303,664c4da5-4a79-4996-b6db-60d32320cfaf,48.0906755,-123.4216335
2015-06-24 02:02:00,-12.397878141731614,664c4da5-4a79-4996-b6db-60d32320cfaf,48.0906755,-123.4216335
2015-06-27 14:20:51,-9.987767614620397,664c4da5-4a79-4996-b6db-60d32320cfaf,48.0906755,-123.4216335
2015-07-02 14:29:02,-15.130329578246965,664c4da5-4a79-4996-b6db-60d32320cfaf,48.0906755,-123.4216335
2015-07-11 02:10:12,-11.781297278811078,664c4da5-4a79-4996-b6db-60d32320cfaf,48.0906755,-123.4216335
2015-07-18 02:02:00,-13.353635948374176,664c4da5-4a79-4996-b6db-60d32320cfaf,48.0906755,-123.4216335
2015-07-21 14:20:52,-11.80060151753047,664c4da5-4a79-4996-b6db-60d32320cfaf,48.0906755,-123.4216335
2015-07-26 14:29:04,-14.472737699842941,664c4da5-4a79-4996-b6db-60d32320cfaf,48.0906755,-123.4216335
2015-08-11 02:02:01,-12.245340847956417,664c4da5-4a79-4996-b6db-60d32320cfaf,48.0906755,-123.4216335
2015-08-14 14:20:53,-17.85841277134421,664c4da5-4a79-4996-b6db-60d32320cfaf,48.0906755,-123.4216335
2015-08-19 14:29:05,-12.6899361151173,664c4da5-4a79-4996-b6db-60d32320cfaf,48.0906755,-123.4216335
2015-09-04 02:02:02,-11.67744858377533,664c4da5-4a79-4996-b6db-60d32320cfaf,48.0906755,-123.4216335
2015-09-07 14:20:54,-12.953980333907149,664c4da5-4a79-4996-b6db-60d32320cfaf,48.0906755,-123.4216335
2015-09-12 14:29:06,-10.44490156779332,664c4da5-4a79-4996-b6db-60d32320cfaf,48.0906755,-123.4216335
2015-10-06 14:29:06,-10.843691245697018,664c4da5-4a79-4996-b6db-60d32320cfaf,48.0906755,-123.4216335
2015-10-25 14:20:55,-13.109261367567749,664c4da5-4a79-4996-b6db-60d32320cfaf,48.0906755,-123.4216335
2015-11-15 02:01:57,-11.496258039679258,664c4da5-4a79-4996-b6db-60d32320cfaf,48.0906755,-123.4216335
2015-11-15 02:01:57,-11.496258039679258,664c4da5-4a79-4996-b6db-60d32320cfaf,48.0906755,-123.4216335
2015-11-18 14:21:14,-11.528755689907591,664c4da5-4a79-4996-b6db-60d32320cfaf,48.0906755,-123.4216335
2015-11-23 14:29:25,-11.973164124806672,664c4da5-4a79-4996-b6db-60d32320cfaf,48.0906755,-123.4216335
2015-12-12 14:21:13,-13.07580599263126,664c4da5-4a79-4996-b6db-60d32320cfaf,48.0906755,-123.4216335
2015-12-17 14:29:24,-11.87065751891974,664c4da5-4a79-4996-b6db-60d32320cfaf,48.0906755,-123.4216335
2016-01-05 14:21:12,-13.17310483578077,664c4da5-4a79-4996-b6db-60d32320cfaf,48.0906755,-123.4216335
2016-01-10 14:29:24,-12.452133376991013,664c4da5-4a79-4996-b6db-60d32320cfaf,48.0906755,-123.4216335
2016-01-19 02:10:08,-12.060733953726464,664c4da5-4a79-4996-b6db-60d32320cfaf,48.0906755,-123.4216335
2016-01-26 02:01:55,-11.726908871756017,664c4da5-4a79-4996-b6db-60d32320cfaf,48.0906755,-123.4216335
2016-01-29 14:21:11,-12.667833917113981,664c4da5-4a79-4996-b6db-60d32320cfaf,48.0906755,-123.4216335
2016-01-29 14:21:11,-13.295202523729285,664c4da5-4a79-4996-b6db-60d32320cfaf,48.0906755,-123.4216335
2016-02-03 14:29:23,-17.329381640887444,664c4da5-4a79-4996-b6db-60d32320cfaf,48.0906755,-123.4216335
2016-02-03 14:29:23,-18.224081801622816,664c4da5-4a79-4996-b6db-60d32320cfaf,48.0906755,-123.4216335
2016-02-12 02:10:07,-11.12217992933741,664c4da5-4a79-4996-b6db-60d32320cfaf,48.0906755,-123.4216335
2016-02-19 02:01:55,-12.88267481775993,664c4da5-4a79-4996-b6db-60d32320cfaf,48.0906755,-123.4216335
2016-02-22 14:21:11,-13.662023232656404,664c4da5-4a79-4996-b6db-60d32320cfaf,48.0906755,-123.4216335
2016-02-27 14:29:23,-11.941485072458406,664c4da5-4a79-4996-b6db-60d32320cfaf,48.0906755,-123.4216335
2016-03-17 14:21:11,-11.172219421968801,664c4da5-4a79-4996-b6db-60d32320cfaf,48.0906755,-123.4216335
2016-03-22 14:29:23,-15.887453318233582,664c4da5-4a79-4996-b6db-60d32320cfaf,48.0906755,-123.4216335
2016-04-07 02:01:56,-10.734112328040604,664c4da5-4a79-4996-b6db-60d32320cfaf,48.0906755,-123.4216335
2016-04-10 14:21:12,-16.29084052692447,664c4da5-4a79-4996-b6db-60d32320cfaf,48.0906755,-123.4216335
2016-04-15 14:29:24,-13.71017844563018,664c4da5-4a79-4996-b6db-60d32320cfaf,48.0906755,-123.4216335
2016-04-24 02:10:09,-12.684287669794747,664c4da5-4a79-4996-b6db-60d32320cfaf,48.0906755,-123.4216335
2016-05-01 02:01:57,-11.42284435114066,664c4da5-4a79-4996-b6db-60d32320cfaf,48.0906755,-123.4216335
2016-05-04 14:21:13,-14.965955997274378,664c4da5-4a79-4996-b6db-60d32320cfaf,48.0906755,-123.4216335
2016-05-09 14:29:25,-12.215640261311698,664c4da5-4a79-4996-b6db-60d32320cfaf,48.0906755,-123.4216335
2016-05-18 02:10:10,-16.0554400109216,664c4da5-4a79-4996-b6db-60d32320cfaf,48.0906755,-123.4216335
2016-05-25 02:02:01,-10.35433969104892,664c4da5-4a79-4996-b6db-60d32320cfaf,48.0906755,-123.4216335
2016-05-28 14:21:17,-11.958886829905698,664c4da5-4a79-4996-b6db-60d32320cfaf,48.0906755,-123.4216335
2016-06-02 14:29:27,-13.697591857381068,664c4da5-4a79-4996-b6db-60d32320cfaf,48.0906755,-123.4216335
2016-06-11 02:10:12,-14.612416431824283,664c4da5-4a79-4996-b6db-60d32320cfaf,48.0906755,-123.4216335
2016-07-15 14:21:20,-15.137230256001057,664c4da5-4a79-4996-b6db-60d32320cfaf,48.0906755,-123.4216335
2016-07-20 14:29:29,-15.352522297489672,664c4da5-4a79-4996-b6db-60d32320cfaf,48.0906755,-123.4216335
2016-07-29 02:10:14,-10.021220918116276,664c4da5-4a79-4996-b6db-60d32320cfaf,48.0906755,-123.4216335
2016-08-05 02:02:05,-11.145168461334187,664c4da5-4a79-4996-b6db-60d32320cfaf,48.0906755,-123.4216335
2016-08-08 14:21:21,-12.924460427791992,664c4da5-4a79-4996-b6db-60d32320cfaf,48.0906755,-123.4216335
2016-08-13 14:29:31,-14.195283873462376,664c4da5-4a79-4996-b6db-60d32320cfaf,48.0906755,-123.4216335
2016-09-01 14:21:22,-14.223992101502393,664c4da5-4a79-4996-b6db-60d32320cfaf,48.0906755,-123.4216335
2016-09-06 14:29:32,-10.897090788624395,664c4da5-4a79-4996-b6db-60d32320cfaf,48.0906755,-123.4216335
2016-09-22 02:02:07,-11.253845318744043,664c4da5-4a79-4996-b6db-60d32320cfaf,48.0906755,-123.4216335
2016-12-02 02:09:27,-12.30639920924785,664c4da5-4a79-4996-b6db-60d32320cfaf,48.0906755,-123.4216335
2016-12-09 02:01:17,-13.393750005664895,664c4da5-4a79-4996-b6db-60d32320cfaf,48.0906755,-123.4216335
2016-12-26 02:09:26,-11.28970999976147,664c4da5-4a79-4996-b6db-60d32320cfaf,48.0906755,-123.4216335
2017-01-02 02:01:18,-10.04767338020222,664c4da5-4a79-4996-b6db-60d32320cfaf,48.0906755,-123.4216335
2017-01-19 02:09:24,-13.781318764659398,664c4da5-4a79-4996-b6db-60d32320cfaf,48.0906755,-123.4216335
2017-01-26 02:01:18,-14.68296247832091,664c4da5-4a79-4996-b6db-60d32320cfaf,48.0906755,-123.4216335
2017-02-12 02:09:24,-16.988254766181694,664c4da5-4a79-4996-b6db-60d32320cfaf,48.0906755,-123.4216335
2017-02-19 02:01:17,-8.494916567199462,664c4da5-4a79-4996-b6db-60d32320cfaf,48.0906755,-123.4216335
2017-02-24 02:09:26,-13.374654236891395,664c4da5-4a79-4996-b6db-60d32320cfaf,48.0906755,-123.4216335
2017-03-03 02:01:15,-12.515528160107351,664c4da5-4a79-4996-b6db-60d32320cfaf,48.0906755,-123.4216335
2017-03-08 02:09:26,-13.754499693567903,664c4da5-4a79-4996-b6db-60d32320cfaf,48.0906755,-123.4216335
2017-03-20 02:09:26,-14.208630485907442,664c4da5-4a79-4996-b6db-60d32320cfaf,48.0906755,-123.4216335
2017-04-01 02:09:26,-15.630310385358339,664c4da5-4a79-4996-b6db-60d32320cfaf,48.0906755,-123.4216335
2017-04-13 02:09:27,-11.985369557903114,664c4da5-4a79-4996-b6db-60d32320cfaf,48.0906755,-123.4216335
2017-04-25 02:09:27,-13.131584213072536,664c4da5-4a79-4996-b6db-60d32320cfaf,48.0906755,-123.4216335
2017-05-07 02:09:28,-13.588665141241806,664c4da5-4a79-4996-b6db-60d32320cfaf,48.0906755,-123.4216335
2017-05-19 02:09:28,-15.655898432677123,664c4da5-4a79-4996-b6db-60d32320cfaf,48.0906755,-123.4216335
2017-05-22 14:28:50,-12.213397243565238,664c4da5-4a79-4996-b6db-60d32320cfaf,48.0906755,-123.4216335
2017-05-26 02:01:19,-14.480507586880307,664c4da5-4a79-4996-b6db-60d32320cfaf,48.0906755,-123.4216335
2017-05-31 02:09:29,-11.73970827385767,664c4da5-4a79-4996-b6db-60d32320cfaf,48.0906755,-123.4216335
2017-06-03 14:28:50,-11.732761078382758,664c4da5-4a79-4996-b6db-60d32320cfaf,48.0906755,-123.4216335
2017-06-12 02:09:30,-17.9548485938409,664c4da5-4a79-4996-b6db-60d32320cfaf,48.0906755,-123.4216335
2017-06-15 14:28:51,-14.72442317889586,664c4da5-4a79-4996-b6db-60d32320cfaf,48.0906755,-123.4216335
2017-06-24 02:09:30,-18.48860236556896,664c4da5-4a79-4996-b6db-60d32320cfaf,48.0906755,-123.4216335
2017-06-27 14:28:52,-16.363766122884144,664c4da5-4a79-4996-b6db-60d32320cfaf,48.0906755,-123.4216335
2017-07-06 02:09:31,-11.226634029353935,664c4da5-4a79-4996-b6db-60d32320cfaf,48.0906755,-123.4216335
2017-07-09 14:28:53,-16.503296512640645,664c4da5-4a79-4996-b6db-60d32320cfaf,48.0906755,-123.4216335
2017-07-18 02:09:32,-12.358347833384059,664c4da5-4a79-4996-b6db-60d32320cfaf,48.0906755,-123.4216335
2017-07-21 14:28:53,-17.144583922558933,664c4da5-4a79-4996-b6db-60d32320cfaf,48.0906755,-123.4216335
2017-07-28 14:20:29,-12.54580250944821,664c4da5-4a79-4996-b6db-60d32320cfaf,48.0906755,-123.4216335
2017-07-30 02:09:33,-15.020084059231278,664c4da5-4a79-4996-b6db-60d32320cfaf,48.0906755,-123.4216335
2017-08-06 02:01:31,-16.376209301940047,664c4da5-4a79-4996-b6db-60d32320cfaf,48.0906755,-123.4216335
2017-08-09 14:20:29,-18.88710106270959,664c4da5-4a79-4996-b6db-60d32320cfaf,48.0906755,-123.4216335
2017-08-11 02:09:33,-15.722287589867168,664c4da5-4a79-4996-b6db-60d32320cfaf,48.0906755,-123.4216335
2017-08-14 14:28:54,-10.883469430701993,664c4da5-4a79-4996-b6db-60d32320cfaf,48.0906755,-123.4216335
2017-08-18 02:01:32,-11.896974747587805,664c4da5-4a79-4996-b6db-60d32320cfaf,48.0906755,-123.4216335
2017-08-21 14:20:30,-14.353754749798798,664c4da5-4a79-4996-b6db-60d32320cfaf,48.0906755,-123.4216335
2017-08-23 02:09:34,-13.649777286649742,664c4da5-4a79-4996-b6db-60d32320cfaf,48.0906755,-123.4216335
2017-08-26 14:28:55,-12.860574724298768,664c4da5-4a79-4996-b6db-60d32320cfaf,48.0906755,-123.4216335
2017-09-02 14:20:30,-19.5945274280207,664c4da5-4a79-4996-b6db-60d32320cfaf,48.0906755,-123.4216335
2017-09-04 02:09:34,-13.372086554108721,664c4da5-4a79-4996-b6db-60d32320cfaf,48.0906755,-123.4216335
2017-09-07 14:28:55,-11.791590906830562,664c4da5-4a79-4996-b6db-60d32320cfaf,48.0906755,-123.4216335
2017-09-11 02:01:33,-11.627028618310558,664c4da5-4a79-4996-b6db-60d32320cfaf,48.0906755,-123.4216335
2017-09-14 14:20:31,-14.774245920982018,664c4da5-4a79-4996-b6db-60d32320cfaf,48.0906755,-123.4216335
2017-09-16 02:09:35,-16.456106934112565,664c4da5-4a79-4996-b6db-60d32320cfaf,48.0906755,-123.4216335
2017-09-19 14:28:56,-12.53055426645258,664c4da5-4a79-4996-b6db-60d32320cfaf,48.0906755,-123.4216335
2017-09-26 14:20:31,-13.674150715794084,664c4da5-4a79-4996-b6db-60d32320cfaf,48.0906755,-123.4216335
2017-09-28 02:09:35,-15.307283808306844,664c4da5-4a79-4996-b6db-60d32320cfaf,48.0906755,-123.4216335
2017-10-01 14:28:56,-11.694862473877375,664c4da5-4a79-4996-b6db-60d32320cfaf,48.0906755,-123.4216335
2017-10-08 14:20:31,-17.758565880197892,664c4da5-4a79-4996-b6db-60d32320cfaf,48.0906755,-123.4216335
2017-10-10 02:09:35,-16.59490029157848,664c4da5-4a79-4996-b6db-60d32320cfaf,48.0906755,-123.4216335
2017-10-13 14:28:57,-13.889991705537703,664c4da5-4a79-4996-b6db-60d32320cfaf,48.0906755,-123.4216335
2017-10-20 14:20:31,-11.706513432193432,664c4da5-4a79-4996-b6db-60d32320cfaf,48.0906755,-123.4216335
2017-10-22 02:09:35,-10.232815633941152,664c4da5-4a79-4996-b6db-60d32320cfaf,48.0906755,-123.4216335
2017-10-25 14:28:57,-13.21455445824968,664c4da5-4a79-4996-b6db-60d32320cfaf,48.0906755,-123.4216335
2017-11-01 14:20:32,-11.762867356305636,664c4da5-4a79-4996-b6db-60d32320cfaf,48.0906755,-123.4216335
2017-11-03 02:09:35,-9.545498490127956,664c4da5-4a79-4996-b6db-60d32320cfaf,48.0906755,-123.4216335
2017-11-06 14:28:56,-14.532164712953914,664c4da5-4a79-4996-b6db-60d32320cfaf,48.0906755,-123.4216335
2017-11-10 02:01:33,-12.478668372727213,664c4da5-4a79-4996-b6db-60d32320cfaf,48.0906755,-123.4216335
2017-11-13 14:20:31,-11.651354642935495,664c4da5-4a79-4996-b6db-60d32320cfaf,48.0906755,-123.4216335
2017-11-15 02:09:35,-13.370170586649461,664c4da5-4a79-4996-b6db-60d32320cfaf,48.0906755,-123.4216335
2017-11-18 14:28:56,-11.587684678141171,664c4da5-4a79-4996-b6db-60d32320cfaf,48.0906755,-123.4216335
2017-11-25 14:20:31,-12.622770987237555,664c4da5-4a79-4996-b6db-60d32320cfaf,48.0906755,-123.4216335
2017-11-27 02:09:35,-14.375627984503883,664c4da5-4a79-4996-b6db-60d32320cfaf,48.0906755,-123.4216335
2017-11-30 14:28:56,-13.362494014357013,664c4da5-4a79-4996-b6db-60d32320cfaf,48.0906755,-123.4216335
2017-12-04 02:01:33,-12.0308205760637,664c4da5-4a79-4996-b6db-60d32320cfaf,48.0906755,-123.4216335
2017-12-07 14:20:30,-11.536535082535483,664c4da5-4a79-4996-b6db-60d32320cfaf,48.0906755,-123.4216335
2017-12-09 02:09:34,-14.790233505325578,664c4da5-4a79-4996-b6db-60d32320cfaf,48.0906755,-123.4216335
2017-12-12 14:28:56,-14.167449616915084,664c4da5-4a79-4996-b6db-60d32320cfaf,48.0906755,-123.4216335
2017-12-19 14:20:30,-14.117127671114735,664c4da5-4a79-4996-b6db-60d32320cfaf,48.0906755,-123.4216335
2017-12-24 14:28:55,-11.703177995587435,664c4da5-4a79-4996-b6db-60d32320cfaf,48.0906755,-123.4216335
2017-12-28 02:01:32,-11.635467161450277,664c4da5-4a79-4996-b6db-60d32320cfaf,48.0906755,-123.4216335
2017-12-31 14:20:30,-13.16821235158213,664c4da5-4a79-4996-b6db-60d32320cfaf,48.0906755,-123.4216335
2018-01-02 02:09:34,-16.172312631136002,664c4da5-4a79-4996-b6db-60d32320cfaf,48.0906755,-123.4216335
2018-01-05 14:28:55,-14.285349806292247,664c4da5-4a79-4996-b6db-60d32320cfaf,48.0906755,-123.4216335
2018-01-09 02:01:32,-13.573483594690178,664c4da5-4a79-4996-b6db-60d32320cfaf,48.0906755,-123.4216335
2018-01-12 14:20:29,-14.63680996265265,664c4da5-4a79-4996-b6db-60d32320cfaf,48.0906755,-123.4216335
2018-01-17 14:28:54,-12.020650536627226,664c4da5-4a79-4996-b6db-60d32320cfaf,48.0906755,-123.4216335
2018-01-24 14:20:29,-13.128215878395537,664c4da5-4a79-4996-b6db-60d32320cfaf,48.0906755,-123.4216335
2018-01-29 14:28:54,-12.17918538746979,664c4da5-4a79-4996-b6db-60d32320cfaf,48.0906755,-123.4216335
2018-02-05 14:20:28,-12.407207514428073,664c4da5-4a79-4996-b6db-60d32320cfaf,48.0906755,-123.4216335
2018-02-07 02:09:32,-11.485350299477473,664c4da5-4a79-4996-b6db-60d32320cfaf,48.0906755,-123.4216335
2018-02-10 14:28:54,-12.203177175723885,664c4da5-4a79-4996-b6db-60d32320cfaf,48.0906755,-123.4216335
2018-02-17 14:20:28,-11.993203192133512,664c4da5-4a79-4996-b6db-60d32320cfaf,48.0906755,-123.4216335
2018-02-22 14:28:53,-12.195399011421394,664c4da5-4a79-4996-b6db-60d32320cfaf,48.0906755,-123.4216335
2018-02-26 02:01:30,-11.527569260189079,664c4da5-4a79-4996-b6db-60d32320cfaf,48.0906755,-123.4216335
2018-03-01 14:20:28,-15.326716374415318,664c4da5-4a79-4996-b6db-60d32320cfaf,48.0906755,-123.4216335
2018-03-03 02:09:32,-12.967046315265215,664c4da5-4a79-4996-b6db-60d32320cfaf,48.0906755,-123.4216335
2018-03-06 14:28:53,-11.227851349816678,664c4da5-4a79-4996-b6db-60d32320cfaf,48.0906755,-123.4216335
2018-03-10 02:01:31,-14.490702248635433,664c4da5-4a79-4996-b6db-60d32320cfaf,48.0906755,-123.4216335
2018-03-13 14:20:28,-17.53856333281179,664c4da5-4a79-4996-b6db-60d32320cfaf,48.0906755,-123.4216335
2018-03-15 02:09:32,-13.425088618902787,664c4da5-4a79-4996-b6db-60d32320cfaf,48.0906755,-123.4216335
2018-03-18 14:28:53,-11.108968682188983,664c4da5-4a79-4996-b6db-60d32320cfaf,48.0906755,-123.4216335
2018-03-25 14:20:28,-11.419967131448116,664c4da5-4a79-4996-b6db-60d32320cfaf,48.0906755,-123.4216335
2018-03-30 14:28:54,-9.377174176313408,664c4da5-4a79-4996-b6db-60d32320cfaf,48.0906755,-123.4216335
2018-04-03 02:01:31,-13.301837643117075,664c4da5-4a79-4996-b6db-60d32320cfaf,48.0906755,-123.4216335
2018-04-06 14:20:29,-14.435650523023993,664c4da5-4a79-4996-b6db-60d32320cfaf,48.0906755,-123.4216335
2018-04-11 14:28:54,-11.375320468044041,664c4da5-4a79-4996-b6db-60d32320cfaf,48.0906755,-123.4216335
2018-04-18 14:20:29,-10.297827562419663,664c4da5-4a79-4996-b6db-60d32320cfaf,48.0906755,-123.4216335
2018-04-23 14:28:55,-12.901060648639746,664c4da5-4a79-4996-b6db-60d32320cfaf,48.0906755,-123.4216335
2018-04-27 02:01:32,-11.381451071009147,664c4da5-4a79-4996-b6db-60d32320cfaf,48.0906755,-123.4216335
2018-04-30 14:20:30,-14.708526662950007,664c4da5-4a79-4996-b6db-60d32320cfaf,48.0906755,-123.4216335
2018-05-05 14:28:55,-16.337357173934773,664c4da5-4a79-4996-b6db-60d32320cfaf,48.0906755,-123.4216335
2018-05-12 14:20:30,-14.47752261802896,664c4da5-4a79-4996-b6db-60d32320cfaf,48.0906755,-123.4216335
2018-05-17 14:28:56,-14.920439866372321,664c4da5-4a79-4996-b6db-60d32320cfaf,48.0906755,-123.4216335
2018-05-21 02:01:33,-12.63913826270348,664c4da5-4a79-4996-b6db-60d32320cfaf,48.0906755,-123.4216335
2018-05-24 14:20:31,-14.33733309469642,664c4da5-4a79-4996-b6db-60d32320cfaf,48.0906755,-123.4216335
2018-05-29 14:28:56,-16.519429067904593,664c4da5-4a79-4996-b6db-60d32320cfaf,48.0906755,-123.4216335
2018-06-02 02:01:34,-10.836180894455293,664c4da5-4a79-4996-b6db-60d32320cfaf,48.0906755,-123.4216335
2018-06-05 14:20:32,-15.647067344494083,664c4da5-4a79-4996-b6db-60d32320cfaf,48.0906755,-123.4216335
2018-06-07 02:09:36,-13.948456018266548,664c4da5-4a79-4996-b6db-60d32320cfaf,48.0906755,-123.4216335
2018-06-10 14:28:57,-11.535043332535903,664c4da5-4a79-4996-b6db-60d32320cfaf,48.0906755,-123.4216335
2018-06-17 14:20:33,-13.077200665840103,664c4da5-4a79-4996-b6db-60d32320cfaf,48.0906755,-123.4216335
2018-06-22 14:28:58,-12.325149918119847,664c4da5-4a79-4996-b6db-60d32320cfaf,48.0906755,-123.4216335
2018-06-29 14:20:33,-10.186688540934483,664c4da5-4a79-4996-b6db-60d32320cfaf,48.0906755,-123.4216335
2018-07-01 02:09:38,-16.461373398827625,664c4da5-4a79-4996-b6db-60d32320cfaf,48.0906755,-123.4216335
2018-07-04 14:28:59,-15.825698955117126,664c4da5-4a79-4996-b6db-60d32320cfaf,48.0906755,-123.4216335
2018-07-08 02:01:36,-12.125433456546341,664c4da5-4a79-4996-b6db-60d32320cfaf,48.0906755,-123.4216335
2018-07-11 14:20:34,-16.03633592829705,664c4da5-4a79-4996-b6db-60d32320cfaf,48.0906755,-123.4216335
2018-07-13 02:09:38,-14.705395186236645,664c4da5-4a79-4996-b6db-60d32320cfaf,48.0906755,-123.4216335
2018-07-16 14:28:59,-12.052097502044042,664c4da5-4a79-4996-b6db-60d32320cfaf,48.0906755,-123.4216335
2018-07-20 02:01:37,-12.028587875245984,664c4da5-4a79-4996-b6db-60d32320cfaf,48.0906755,-123.4216335
2018-07-28 14:29:00,-11.67974600935436,664c4da5-4a79-4996-b6db-60d32320cfaf,48.0906755,-123.4216335
2018-08-01 02:01:38,-15.338970341790521,664c4da5-4a79-4996-b6db-60d32320cfaf,48.0906755,-123.4216335
2018-08-04 14:20:36,-11.797743989365962,664c4da5-4a79-4996-b6db-60d32320cfaf,48.0906755,-123.4216335
2018-08-06 02:09:39,-14.934473481689999,664c4da5-4a79-4996-b6db-60d32320cfaf,48.0906755,-123.4216335
2018-08-09 14:29:01,-12.512034014406211,664c4da5-4a79-4996-b6db-60d32320cfaf,48.0906755,-123.4216335
2018-08-13 02:01:38,-11.439115592240244,664c4da5-4a79-4996-b6db-60d32320cfaf,48.0906755,-123.4216335
2018-08-16 14:20:36,-15.424929174045106,664c4da5-4a79-4996-b6db-60d32320cfaf,48.0906755,-123.4216335
2018-08-21 14:29:02,-11.046879782518255,664c4da5-4a79-4996-b6db-60d32320cfaf,48.0906755,-123.4216335
2018-08-25 02:01:39,-19.49236787125752,664c4da5-4a79-4996-b6db-60d32320cfaf,48.0906755,-123.4216335
2018-08-28 14:20:37,-14.259948606289353,664c4da5-4a79-4996-b6db-60d32320cfaf,48.0906755,-123.4216335
2018-09-02 14:29:02,-16.666429996037376,664c4da5-4a79-4996-b6db-60d32320cfaf,48.0906755,-123.4216335
2018-09-06 02:01:40,-14.653742567448315,664c4da5-4a79-4996-b6db-60d32320cfaf,48.0906755,-123.4216335
2018-09-09 14:20:37,-15.892363690325393,664c4da5-4a79-4996-b6db-60d32320cfaf,48.0906755,-123.4216335
2018-09-14 14:29:03,-9.79559927118256,664c4da5-4a79-4996-b6db-60d32320cfaf,48.0906755,-123.4216335
2018-09-18 02:01:40,-11.861524574769431,664c4da5-4a79-4996-b6db-60d32320cfaf,48.0906755,-123.4216335
2018-09-21 14:20:38,-15.164950196674226,664c4da5-4a79-4996-b6db-60d32320cfaf,48.0906755,-123.4216335
2018-09-26 14:29:03,-11.778079036397235,664c4da5-4a79-4996-b6db-60d32320cfaf,48.0906755,-123.4216335
2018-09-30 02:01:40,-11.9391031231041,664c4da5-4a79-4996-b6db-60d32320cfaf,48.0906755,-123.4216335
2018-10-03 14:20:38,-12.896422877720076,664c4da5-4a79-4996-b6db-60d32320cfaf,48.0906755,-123.4216335
2018-10-08 14:29:03,-12.404731700665371,664c4da5-4a79-4996-b6db-60d32320cfaf,48.0906755,-123.4216335
2018-10-12 02:01:41,-14.170667974217917,664c4da5-4a79-4996-b6db-60d32320cfaf,48.0906755,-123.4216335
2018-10-15 14:20:38,-13.770752973060835,664c4da5-4a79-4996-b6db-60d32320cfaf,48.0906755,-123.4216335
2018-10-17 02:09:42,-15.230894261837625,664c4da5-4a79-4996-b6db-60d32320cfaf,48.0906755,-123.4216335
2018-10-20 14:29:03,-11.930770769052648,664c4da5-4a79-4996-b6db-60d32320cfaf,48.0906755,-123.4216335
2018-10-24 02:01:41,-14.000860816629203,664c4da5-4a79-4996-b6db-60d32320cfaf,48.0906755,-123.4216335
2018-10-27 14:20:38,-13.150277030268567,664c4da5-4a79-4996-b6db-60d32320cfaf,48.0906755,-123.4216335
2018-11-01 14:29:03,-12.054635992572905,664c4da5-4a79-4996-b6db-60d32320cfaf,48.0906755,-123.4216335
2018-11-05 02:01:40,-13.822408037690552,664c4da5-4a79-4996-b6db-60d32320cfaf,48.0906755,-123.4216335
2018-11-08 14:20:38,-15.894271059950224,664c4da5-4a79-4996-b6db-60d32320cfaf,48.0906755,-123.4216335
2018-11-13 14:29:03,-13.285936766850144,664c4da5-4a79-4996-b6db-60d32320cfaf,48.0906755,-123.4216335
2018-11-17 02:01:40,-12.283507226714542,664c4da5-4a79-4996-b6db-60d32320cfaf,48.0906755,-123.4216335
2018-11-20 14:20:38,-16.910067660851624,664c4da5-4a79-4996-b6db-60d32320cfaf,48.0906755,-123.4216335
2018-11-22 02:09:42,-12.790303729165178,664c4da5-4a79-4996-b6db-60d32320cfaf,48.0906755,-123.4216335
2018-11-29 02:01:40,-12.79676858228624,664c4da5-4a79-4996-b6db-60d32320cfaf,48.0906755,-123.4216335
2018-12-02 14:20:37,-10.88131935640366,664c4da5-4a79-4996-b6db-60d32320cfaf,48.0906755,-123.4216335
2018-12-07 14:29:02,-14.929014545450531,664c4da5-4a79-4996-b6db-60d32320cfaf,48.0906755,-123.4216335
2018-12-11 02:01:39,-12.601644415071684,664c4da5-4a79-4996-b6db-60d32320cfaf,48.0906755,-123.4216335
2018-12-14 14:20:37,-14.114254043794887,664c4da5-4a79-4996-b6db-60d32320cfaf,48.0906755,-123.4216335
2018-12-19 14:29:02,-11.926799924734642,664c4da5-4a79-4996-b6db-60d32320cfaf,48.0906755,-123.4216335
2018-12-23 02:01:39,-9.977286577043245,664c4da5-4a79-4996-b6db-60d32320cfaf,48.0906755,-123.4216335
2018-12-26 14:20:37,-12.872224089665288,664c4da5-4a79-4996-b6db-60d32320cfaf,48.0906755,-123.4216335
2018-12-31 14:29:02,-9.524400937435196,664c4da5-4a79-4996-b6db-60d32320cfaf,48.0906755,-123.4216335
2019-01-04 02:01:38,-8.855390039702385,664c4da5-4a79-4996-b6db-60d32320cfaf,48.0906755,-123.4216335
2019-01-07 14:20:36,-12.030341822210671,664c4da5-4a79-4996-b6db-60d32320cfaf,48.0906755,-123.4216335
2019-01-09 02:09:31,-10.937126891477373,664c4da5-4a79-4996-b6db-60d32320cfaf,48.0906755,-123.4216335
2019-01-12 14:29:01,-11.648726645035046,664c4da5-4a79-4996-b6db-60d32320cfaf,48.0906755,-123.4216335
2019-01-16 02:01:38,-11.784166068869881,664c4da5-4a79-4996-b6db-60d32320cfaf,48.0906755,-123.4216335
2019-01-19 14:20:36,-13.010317688564312,664c4da5-4a79-4996-b6db-60d32320cfaf,48.0906755,-123.4216335
2019-01-21 02:09:40,-13.63894480224957,664c4da5-4a79-4996-b6db-60d32320cfaf,48.0906755,-123.4216335
2019-01-24 14:29:01,-11.981135571977095,664c4da5-4a79-4996-b6db-60d32320cfaf,48.0906755,-123.4216335
2019-01-28 02:01:38,-12.647615182069654,664c4da5-4a79-4996-b6db-60d32320cfaf,48.0906755,-123.4216335
2019-01-31 14:20:35,-17.691403571324503,664c4da5-4a79-4996-b6db-60d32320cfaf,48.0906755,-123.4216335
2019-02-05 14:29:00,-13.510932665080249,664c4da5-4a79-4996-b6db-60d32320cfaf,48.0906755,-123.4216335
2019-02-09 02:01:37,-11.989715625718196,664c4da5-4a79-4996-b6db-60d32320cfaf,48.0906755,-123.4216335
2019-02-12 14:20:35,-16.718972483833085,664c4da5-4a79-4996-b6db-60d32320cfaf,48.0906755,-123.4216335
2019-02-14 02:09:39,-16.95569166932207,664c4da5-4a79-4996-b6db-60d32320cfaf,48.0906755,-123.4216335
2019-02-17 14:29:00,-8.635928401857148,664c4da5-4a79-4996-b6db-60d32320cfaf,48.0906755,-123.4216335
2019-02-21 02:01:37,-18.144356609561317,664c4da5-4a79-4996-b6db-60d32320cfaf,48.0906755,-123.4216335
2019-02-24 14:20:35,-12.07747033222004,664c4da5-4a79-4996-b6db-60d32320cfaf,48.0906755,-123.4216335
2019-02-26 02:09:39,-17.415477036202297,664c4da5-4a79-4996-b6db-60d32320cfaf,48.0906755,-123.4216335
2019-03-01 14:29:00,-13.7364795918927,664c4da5-4a79-4996-b6db-60d32320cfaf,48.0906755,-123.4216335
2019-03-05 02:01:37,-12.205836473769695,664c4da5-4a79-4996-b6db-60d32320cfaf,48.0906755,-123.4216335
2019-03-08 14:20:35,-15.914365283771447,664c4da5-4a79-4996-b6db-60d32320cfaf,48.0906755,-123.4216335
2019-03-10 02:09:39,-14.47180708042491,664c4da5-4a79-4996-b6db-60d32320cfaf,48.0906755,-123.4216335
2019-03-13 14:29:00,-12.83167905369978,664c4da5-4a79-4996-b6db-60d32320cfaf,48.0906755,-123.4216335
2019-03-17 02:01:37,-12.768736432293297,664c4da5-4a79-4996-b6db-60d32320cfaf,48.0906755,-123.4216335
2019-03-20 14:20:35,-14.450979861217986,664c4da5-4a79-4996-b6db-60d32320cfaf,48.0906755,-123.4216335
2019-03-22 02:09:39,-15.404715385385026,664c4da5-4a79-4996-b6db-60d32320cfaf,48.0906755,-123.4216335
2019-03-25 14:29:00,-12.516377842698647,664c4da5-4a79-4996-b6db-60d32320cfaf,48.0906755,-123.4216335
2019-03-29 02:01:37,-10.914399649510624,664c4da5-4a79-4996-b6db-60d32320cfaf,48.0906755,-123.4216335
2019-04-01 14:20:35,-15.809083653718636,664c4da5-4a79-4996-b6db-60d32320cfaf,48.0906755,-123.4216335
2019-04-03 02:09:39,-14.47217108013101,664c4da5-4a79-4996-b6db-60d32320cfaf,48.0906755,-123.4216335
2019-04-06 14:29:01,-11.916012590544366,664c4da5-4a79-4996-b6db-60d32320cfaf,48.0906755,-123.4216335
2019-04-10 02:01:38,-13.130885186066326,664c4da5-4a79-4996-b6db-60d32320cfaf,48.0906755,-123.4216335
2019-04-13 14:20:36,-13.293229745790624,664c4da5-4a79-4996-b6db-60d32320cfaf,48.0906755,-123.4216335
2019-04-15 02:09:40,-14.74027321758534,664c4da5-4a79-4996-b6db-60d32320cfaf,48.0906755,-123.4216335
2019-04-22 02:01:38,-13.133192302444392,664c4da5-4a79-4996-b6db-60d32320cfaf,48.0906755,-123.4216335
2019-04-25 14:20:36,-13.26459656858706,664c4da5-4a79-4996-b6db-60d32320cfaf,48.0906755,-123.4216335
2019-04-27 02:09:40,-13.727093325267566,664c4da5-4a79-4996-b6db-60d32320cfaf,48.0906755,-123.4216335
2019-04-30 14:29:02,-12.868339373870255,664c4da5-4a79-4996-b6db-60d32320cfaf,48.0906755,-123.4216335
2019-05-04 02:01:39,-13.885561379315458,664c4da5-4a79-4996-b6db-60d32320cfaf,48.0906755,-123.4216335
2019-05-07 14:20:37,-15.355524664321234,664c4da5-4a79-4996-b6db-60d32320cfaf,48.0906755,-123.4216335
2019-05-09 02:09:41,-14.778494968704397,664c4da5-4a79-4996-b6db-60d32320cfaf,48.0906755,-123.4216335
2019-05-12 14:29:02,-14.839333346669685,664c4da5-4a79-4996-b6db-60d32320cfaf,48.0906755,-123.4216335
2019-05-16 02:01:39,-17.306381689328333,664c4da5-4a79-4996-b6db-60d32320cfaf,48.0906755,-123.4216335
2019-05-19 14:20:37,-13.785266057991512,664c4da5-4a79-4996-b6db-60d32320cfaf,48.0906755,-123.4216335
2019-05-21 02:09:41,-14.535945580219927,664c4da5-4a79-4996-b6db-60d32320cfaf,48.0906755,-123.4216335
2019-05-24 14:29:03,-15.830416071984597,664c4da5-4a79-4996-b6db-60d32320cfaf,48.0906755,-123.4216335
2019-05-28 02:01:40,-16.73913314692709,664c4da5-4a79-4996-b6db-60d32320cfaf,48.0906755,-123.4216335
2019-05-31 14:20:38,-12.732998617406562,664c4da5-4a79-4996-b6db-60d32320cfaf,48.0906755,-123.4216335
2019-06-02 02:09:42,-11.456841629141543,664c4da5-4a79-4996-b6db-60d32320cfaf,48.0906755,-123.4216335
2019-06-05 14:29:03,-13.706759817110148,664c4da5-4a79-4996-b6db-60d32320cfaf,48.0906755,-123.4216335
2019-06-09 02:01:41,-15.055497898756814,664c4da5-4a79-4996-b6db-60d32320cfaf,48.0906755,-123.4216335
2019-06-12 14:20:38,-15.1398750435397,664c4da5-4a79-4996-b6db-60d32320cfaf,48.0906755,-123.4216335
2019-06-14 02:09:43,-14.512246775905437,664c4da5-4a79-4996-b6db-60d32320cfaf,48.0906755,-123.4216335
2019-06-17 14:29:04,-13.66493981591865,664c4da5-4a79-4996-b6db-60d32320cfaf,48.0906755,-123.4216335
2019-06-21 02:01:41,-15.890598156218832,664c4da5-4a79-4996-b6db-60d32320cfaf,48.0906755,-123.4216335
2019-06-24 14:20:39,-12.66087875869137,664c4da5-4a79-4996-b6db-60d32320cfaf,48.0906755,-123.4216335
2019-06-26 02:09:43,-11.856223420697901,664c4da5-4a79-4996-b6db-60d32320cfaf,48.0906755,-123.4216335
2019-06-29 14:29:05,-13.58141277236551,664c4da5-4a79-4996-b6db-60d32320cfaf,48.0906755,-123.4216335
2019-07-03 02:01:42,-12.239852841716894,664c4da5-4a79-4996-b6db-60d32320cfaf,48.0906755,-123.4216335
2019-07-06 14:20:40,-16.705412357140396,664c4da5-4a79-4996-b6db-60d32320cfaf,48.0906755,-123.4216335
2019-07-08 02:09:44,-14.34775323787235,664c4da5-4a79-4996-b6db-60d32320cfaf,48.0906755,-123.4216335
2019-07-11 14:29:05,-11.243074744405238,664c4da5-4a79-4996-b6db-60d32320cfaf,48.0906755,-123.4216335
2019-07-15 02:01:43,-14.05048939609536,664c4da5-4a79-4996-b6db-60d32320cfaf,48.0906755,-123.4216335
2019-07-18 14:20:41,-15.421653779117324,664c4da5-4a79-4996-b6db-60d32320cfaf,48.0906755,-123.4216335
2019-07-20 02:09:45,-14.443662140557407,664c4da5-4a79-4996-b6db-60d32320cfaf,48.0906755,-123.4216335
2019-07-23 14:29:06,-12.091154210376342,664c4da5-4a79-4996-b6db-60d32320cfaf,48.0906755,-123.4216335
2019-07-27 02:01:43,-14.499060251800227,664c4da5-4a79-4996-b6db-60d32320cfaf,48.0906755,-123.4216335
2019-07-30 14:20:41,-14.605517703802343,664c4da5-4a79-4996-b6db-60d32320cfaf,48.0906755,-123.4216335
2019-08-01 02:09:45,-13.718111947917935,664c4da5-4a79-4996-b6db-60d32320cfaf,48.0906755,-123.4216335
2019-08-04 14:29:07,-15.709354251768401,664c4da5-4a79-4996-b6db-60d32320cfaf,48.0906755,-123.4216335
2019-08-08 02:01:44,-11.46657331621888,664c4da5-4a79-4996-b6db-60d32320cfaf,48.0906755,-123.4216335
2019-08-11 14:20:42,-13.51250194503448,664c4da5-4a79-4996-b6db-60d32320cfaf,48.0906755,-123.4216335
2019-08-13 02:09:46,-15.852050773063871,664c4da5-4a79-4996-b6db-60d32320cfaf,48.0906755,-123.4216335
2019-08-16 14:29:08,-11.73271238789664,664c4da5-4a79-4996-b6db-60d32320cfaf,48.0906755,-123.4216335
2019-08-20 02:01:45,-18.76577132390502,664c4da5-4a79-4996-b6db-60d32320cfaf,48.0906755,-123.4216335
2019-08-23 14:20:43,-14.034788043313046,664c4da5-4a79-4996-b6db-60d32320cfaf,48.0906755,-123.4216335
2019-08-25 02:09:47,-13.356941631595484,664c4da5-4a79-4996-b6db-60d32320cfaf,48.0906755,-123.4216335
2019-08-28 14:29:08,-13.081017032690667,664c4da5-4a79-4996-b6db-60d32320cfaf,48.0906755,-123.4216335
2019-09-01 02:01:45,-11.09367749837264,664c4da5-4a79-4996-b6db-60d32320cfaf,48.0906755,-123.4216335
2019-09-04 14:20:43,-13.006117763063044,664c4da5-4a79-4996-b6db-60d32320cfaf,48.0906755,-123.4216335
2019-09-09 14:29:09,-10.223611849836363,664c4da5-4a79-4996-b6db-60d32320cfaf,48.0906755,-123.4216335
2019-09-13 02:01:46,-10.480237603711835,664c4da5-4a79-4996-b6db-60d32320cfaf,48.0906755,-123.4216335
2019-09-16 14:20:44,-10.293209388662628,664c4da5-4a79-4996-b6db-60d32320cfaf,48.0906755,-123.4216335
2019-09-21 14:29:09,-9.374386237327629,664c4da5-4a79-4996-b6db-60d32320cfaf,48.0906755,-123.4216335
2019-09-25 02:01:47,-11.132151340354548,664c4da5-4a79-4996-b6db-60d32320cfaf,48.0906755,-123.4216335
2019-09-28 14:20:45,-11.125193854036679,664c4da5-4a79-4996-b6db-60d32320cfaf,48.0906755,-123.4216335
2019-09-30 02:09:49,-13.204814644640468,664c4da5-4a79-4996-b6db-60d32320cfaf,48.0906755,-123.4216335
2019-10-03 14:29:10,-10.354146951381654,664c4da5-4a79-4996-b6db-60d32320cfaf,48.0906755,-123.4216335
2019-10-07 02:01:47,-15.495783734362282,664c4da5-4a79-4996-b6db-60d32320cfaf,48.0906755,-123.4216335
2019-10-10 14:20:44,-14.09345770877606,664c4da5-4a79-4996-b6db-60d32320cfaf,48.0906755,-123.4216335
2019-10-12 02:09:48,-12.759569885022833,664c4da5-4a79-4996-b6db-60d32320cfaf,48.0906755,-123.4216335
2019-10-15 14:29:10,-11.74474886613164,664c4da5-4a79-4996-b6db-60d32320cfaf,48.0906755,-123.4216335
2019-10-19 02:01:47,-13.523455834028425,664c4da5-4a79-4996-b6db-60d32320cfaf,48.0906755,-123.4216335
2019-10-22 14:20:45,-12.360741612044764,664c4da5-4a79-4996-b6db-60d32320cfaf,48.0906755,-123.4216335
2019-10-24 02:09:49,-17.029891905781408,664c4da5-4a79-4996-b6db-60d32320cfaf,48.0906755,-123.4216335
2019-10-27 14:29:10,-11.710895670782248,664c4da5-4a79-4996-b6db-60d32320cfaf,48.0906755,-123.4216335
2019-10-31 02:01:47,-13.482092435278986,664c4da5-4a79-4996-b6db-60d32320cfaf,48.0906755,-123.4216335
2019-11-03 14:20:44,-14.195376542349404,664c4da5-4a79-4996-b6db-60d32320cfaf,48.0906755,-123.4216335
2019-11-05 02:09:48,-15.295879410067146,664c4da5-4a79-4996-b6db-60d32320cfaf,48.0906755,-123.4216335
2019-11-08 14:29:10,-13.822041083309276,664c4da5-4a79-4996-b6db-60d32320cfaf,48.0906755,-123.4216335
2019-11-12 02:01:47,-12.758575542300747,664c4da5-4a79-4996-b6db-60d32320cfaf,48.0906755,-123.4216335
2019-11-15 14:20:44,-12.898750310398606,664c4da5-4a79-4996-b6db-60d32320cfaf,48.0906755,-123.4216335
2019-11-20 14:29:10,-14.003434139440483,664c4da5-4a79-4996-b6db-60d32320cfaf,48.0906755,-123.4216335
2019-11-24 02:01:47,-12.843567111374444,664c4da5-4a79-4996-b6db-60d32320cfaf,48.0906755,-123.4216335
2019-11-29 02:09:48,-20.904867414417453,664c4da5-4a79-4996-b6db-60d32320cfaf,48.0906755,-123.4216335
2019-12-02 14:29:09,-14.428930121495117,664c4da5-4a79-4996-b6db-60d32320cfaf,48.0906755,-123.4216335
2019-12-06 02:01:46,-14.187568689008792,664c4da5-4a79-4996-b6db-60d32320cfaf,48.0906755,-123.4216335
2019-12-09 14:20:44,-17.43511677705702,664c4da5-4a79-4996-b6db-60d32320cfaf,48.0906755,-123.4216335
2019-12-11 02:09:48,-11.801406471136682,664c4da5-4a79-4996-b6db-60d32320cfaf,48.0906755,-123.4216335
2019-12-14 14:29:09,-11.152995139991965,664c4da5-4a79-4996-b6db-60d32320cfaf,48.0906755,-123.4216335
2019-12-18 02:01:46,-9.818007050951657,664c4da5-4a79-4996-b6db-60d32320cfaf,48.0906755,-123.4216335
2019-12-21 14:20:43,-12.934496858325202,664c4da5-4a79-4996-b6db-60d32320cfaf,48.0906755,-123.4216335
2019-12-26 14:29:08,-10.524020275308573,664c4da5-4a79-4996-b6db-60d32320cfaf,48.0906755,-123.4216335
2019-12-30 02:01:45,-12.373460508919944,664c4da5-4a79-4996-b6db-60d32320cfaf,48.0906755,-123.4216335
2020-01-02 14:20:43,-18.395805331563903,664c4da5-4a79-4996-b6db-60d32320cfaf,48.0906755,-123.4216335
2020-01-07 14:29:08,-8.921803480702156,664c4da5-4a79-4996-b6db-60d32320cfaf,48.0906755,-123.4216335
2020-01-11 02:01:45,-11.588911774370164,664c4da5-4a79-4996-b6db-60d32320cfaf,48.0906755,-123.4216335
2020-01-14 14:20:42,-16.28780787367284,664c4da5-4a79-4996-b6db-60d32320cfaf,48.0906755,-123.4216335
2020-01-19 14:29:07,-12.15000873103611,664c4da5-4a79-4996-b6db-60d32320cfaf,48.0906755,-123.4216335
2020-01-23 02:01:44,-16.010185477485397,664c4da5-4a79-4996-b6db-60d32320cfaf,48.0906755,-123.4216335
2020-01-26 14:20:42,-12.28385978314963,664c4da5-4a79-4996-b6db-60d32320cfaf,48.0906755,-123.4216335
2020-01-28 02:09:46,-8.708660548701543,664c4da5-4a79-4996-b6db-60d32320cfaf,48.0906755,-123.4216335
2020-01-31 14:29:07,-11.72925044641862,664c4da5-4a79-4996-b6db-60d32320cfaf,48.0906755,-123.4216335
2020-02-04 02:01:44,-10.555168911914977,664c4da5-4a79-4996-b6db-60d32320cfaf,48.0906755,-123.4216335
2020-02-07 14:20:41,-11.021206557208815,664c4da5-4a79-4996-b6db-60d32320cfaf,48.0906755,-123.4216335
2020-02-12 14:29:06,-14.839070566954645,664c4da5-4a79-4996-b6db-60d32320cfaf,48.0906755,-123.4216335
2020-02-16 02:01:43,-10.550698512232676,664c4da5-4a79-4996-b6db-60d32320cfaf,48.0906755,-123.4216335
2020-02-19 14:20:41,-14.083351961956902,664c4da5-4a79-4996-b6db-60d32320cfaf,48.0906755,-123.4216335
2020-02-24 14:29:06,-13.255428546474326,664c4da5-4a79-4996-b6db-60d32320cfaf,48.0906755,-123.4216335
2020-02-28 02:01:43,-11.702617826984802,664c4da5-4a79-4996-b6db-60d32320cfaf,48.0906755,-123.4216335
2020-03-02 14:20:41,-14.273465217084825,664c4da5-4a79-4996-b6db-60d32320cfaf,48.0906755,-123.4216335
2020-03-04 02:09:45,-15.037157297473836,664c4da5-4a79-4996-b6db-60d32320cfaf,48.0906755,-123.4216335
2020-03-07 14:29:06,-15.584649174873558,664c4da5-4a79-4996-b6db-60d32320cfaf,48.0906755,-123.4216335
2020-03-11 02:01:43,-14.537800221583488,664c4da5-4a79-4996-b6db-60d32320cfaf,48.0906755,-123.4216335
2020-03-14 14:20:41,-16.077657797398185,664c4da5-4a79-4996-b6db-60d32320cfaf,48.0906755,-123.4216335
2020-03-19 14:29:06,-15.278680132849919,664c4da5-4a79-4996-b6db-60d32320cfaf,48.0906755,-123.4216335
2020-03-23 02:01:44,-13.131197255615156,664c4da5-4a79-4996-b6db-60d32320cfaf,48.0906755,-123.4216335
2020-03-26 14:20:41,-13.7001554128909,664c4da5-4a79-4996-b6db-60d32320cfaf,48.0906755,-123.4216335
2020-03-28 02:09:45,-14.164950771404719,664c4da5-4a79-4996-b6db-60d32320cfaf,48.0906755,-123.4216335
2020-03-31 14:29:07,-21.732550953528268,664c4da5-4a79-4996-b6db-60d32320cfaf,48.0906755,-123.4216335
2020-04-04 02:01:44,-11.132273125312226,664c4da5-4a79-4996-b6db-60d32320cfaf,48.0906755,-123.4216335
2020-04-07 14:20:42,-11.686487182061654,664c4da5-4a79-4996-b6db-60d32320cfaf,48.0906755,-123.4216335
2020-04-09 02:09:46,-10.410388775281376,664c4da5-4a79-4996-b6db-60d32320cfaf,48.0906755,-123.4216335
2020-04-12 14:29:07,-9.260728548155221,664c4da5-4a79-4996-b6db-60d32320cfaf,48.0906755,-123.4216335
2020-04-16 02:01:44,-13.124332380228863,664c4da5-4a79-4996-b6db-60d32320cfaf,48.0906755,-123.4216335
2020-04-19 14:20:42,-12.193431745046578,664c4da5-4a79-4996-b6db-60d32320cfaf,48.0906755,-123.4216335
2020-04-21 02:09:46,-11.760269577737496,664c4da5-4a79-4996-b6db-60d32320cfaf,48.0906755,-123.4216335
2020-04-24 14:29:07,-14.067516110464844,664c4da5-4a79-4996-b6db-60d32320cfaf,48.0906755,-123.4216335
2020-04-28 02:01:45,-14.961315770587225,664c4da5-4a79-4996-b6db-60d32320cfaf,48.0906755,-123.4216335
2020-05-01 14:20:43,-9.72219571695618,664c4da5-4a79-4996-b6db-60d32320cfaf,48.0906755,-123.4216335
2020-05-03 02:09:47,-12.715867960863074,664c4da5-4a79-4996-b6db-60d32320cfaf,48.0906755,-123.4216335
2020-05-06 14:29:08,-13.58170478771366,664c4da5-4a79-4996-b6db-60d32320cfaf,48.0906755,-123.4216335
2020-05-10 02:01:45,-11.415366644619882,664c4da5-4a79-4996-b6db-60d32320cfaf,48.0906755,-123.4216335
2020-05-13 14:20:43,-14.622828255167352,664c4da5-4a79-4996-b6db-60d32320cfaf,48.0906755,-123.4216335
2020-05-15 02:09:47,-13.891620502168934,664c4da5-4a79-4996-b6db-60d32320cfaf,48.0906755,-123.4216335
2020-05-18 14:29:09,-8.911651191506113,664c4da5-4a79-4996-b6db-60d32320cfaf,48.0906755,-123.4216335
2020-05-22 02:01:46,-11.535642828181022,664c4da5-4a79-4996-b6db-60d32320cfaf,48.0906755,-123.4216335
2020-05-25 14:20:44,-10.884542288797654,664c4da5-4a79-4996-b6db-60d32320cfaf,48.0906755,-123.4216335
2020-05-27 02:09:48,-11.468747561688806,664c4da5-4a79-4996-b6db-60d32320cfaf,48.0906755,-123.4216335
2020-06-03 02:01:47,-11.867412792855708,664c4da5-4a79-4996-b6db-60d32320cfaf,48.0906755,-123.4216335
2020-06-06 14:20:45,-15.452086464049742,664c4da5-4a79-4996-b6db-60d32320cfaf,48.0906755,-123.4216335
2020-06-08 02:09:49,-16.073475263871956,664c4da5-4a79-4996-b6db-60d32320cfaf,48.0906755,-123.4216335
2020-06-11 14:29:10,-11.235384139512695,664c4da5-4a79-4996-b6db-60d32320cfaf,48.0906755,-123.4216335
2020-06-15 02:01:48,-14.915429512287117,664c4da5-4a79-4996-b6db-60d32320cfaf,48.0906755,-123.4216335
2020-06-18 14:20:45,-13.13492130913018,664c4da5-4a79-4996-b6db-60d32320cfaf,48.0906755,-123.4216335
2020-06-20 02:09:49,-17.228839312707564,664c4da5-4a79-4996-b6db-60d32320cfaf,48.0906755,-123.4216335
2020-06-23 14:29:11,-10.44571642609769,664c4da5-4a79-4996-b6db-60d32320cfaf,48.0906755,-123.4216335
2020-06-27 02:01:48,-15.198445954925582,664c4da5-4a79-4996-b6db-60d32320cfaf,48.0906755,-123.4216335
2020-06-30 14:20:46,-11.632719407727707,664c4da5-4a79-4996-b6db-60d32320cfaf,48.0906755,-123.4216335
2020-07-02 02:09:50,-13.9282182707431,664c4da5-4a79-4996-b6db-60d32320cfaf,48.0906755,-123.4216335
2020-07-05 14:29:11,-10.11017968072904,664c4da5-4a79-4996-b6db-60d32320cfaf,48.0906755,-123.4216335
2020-07-09 02:01:49,-16.380023453872884,664c4da5-4a79-4996-b6db-60d32320cfaf,48.0906755,-123.4216335
2020-07-12 14:20:47,-9.48054345168053,664c4da5-4a79-4996-b6db-60d32320cfaf,48.0906755,-123.4216335
2020-07-17 14:29:12,-14.05387319112677,664c4da5-4a79-4996-b6db-60d32320cfaf,48.0906755,-123.4216335
2020-07-21 02:01:50,-12.40790824424263,664c4da5-4a79-4996-b6db-60d32320cfaf,48.0906755,-123.4216335
2020-07-24 14:20:47,-11.457767628146042,664c4da5-4a79-4996-b6db-60d32320cfaf,48.0906755,-123.4216335
2020-07-26 02:09:52,-14.231682302532997,664c4da5-4a79-4996-b6db-60d32320cfaf,48.0906755,-123.4216335
2020-07-29 14:29:13,-16.32094948336274,664c4da5-4a79-4996-b6db-60d32320cfaf,48.0906755,-123.4216335
2020-08-02 02:01:50,-15.75051259034613,664c4da5-4a79-4996-b6db-60d32320cfaf,48.0906755,-123.4216335
2020-08-05 14:20:48,-11.272207279668248,664c4da5-4a79-4996-b6db-60d32320cfaf,48.0906755,-123.4216335
2020-08-07 02:09:52,-13.273516030566201,664c4da5-4a79-4996-b6db-60d32320cfaf,48.0906755,-123.4216335
2020-08-10 14:29:14,-12.841290531546907,664c4da5-4a79-4996-b6db-60d32320cfaf,48.0906755,-123.4216335
2020-08-14 02:01:51,-15.080771898672914,664c4da5-4a79-4996-b6db-60d32320cfaf,48.0906755,-123.4216335
2020-08-17 14:20:49,-12.344031338882706,664c4da5-4a79-4996-b6db-60d32320cfaf,48.0906755,-123.4216335
2020-08-19 02:09:53,-10.600505072594542,664c4da5-4a79-4996-b6db-60d32320cfaf,48.0906755,-123.4216335
2020-08-22 14:29:14,-11.987604690484467,664c4da5-4a79-4996-b6db-60d32320cfaf,48.0906755,-123.4216335
2020-08-26 02:01:52,-12.925692769968652,664c4da5-4a79-4996-b6db-60d32320cfaf,48.0906755,-123.4216335
2020-08-29 14:20:50,-14.051223737555581,664c4da5-4a79-4996-b6db-60d32320cfaf,48.0906755,-123.4216335
2020-08-31 02:09:54,-9.88907293745128,664c4da5-4a79-4996-b6db-60d32320cfaf,48.0906755,-123.4216335
2020-09-03 14:29:15,-12.185721602803522,664c4da5-4a79-4996-b6db-60d32320cfaf,48.0906755,-123.4216335
2020-09-07 02:01:52,-13.563163991284124,664c4da5-4a79-4996-b6db-60d32320cfaf,48.0906755,-123.4216335
2020-09-10 14:20:50,-11.954454666658021,664c4da5-4a79-4996-b6db-60d32320cfaf,48.0906755,-123.4216335
2020-09-12 02:09:54,-15.127383779637928,664c4da5-4a79-4996-b6db-60d32320cfaf,48.0906755,-123.4216335
2020-09-15 14:29:15,-12.626349635162342,664c4da5-4a79-4996-b6db-60d32320cfaf,48.0906755,-123.4216335
2020-09-19 02:01:53,-14.986266142929981,664c4da5-4a79-4996-b6db-60d32320cfaf,48.0906755,-123.4216335
2020-09-22 14:20:50,-12.502213577305676,664c4da5-4a79-4996-b6db-60d32320cfaf,48.0906755,-123.4216335
2020-09-24 02:09:55,-13.341388758025037,664c4da5-4a79-4996-b6db-60d32320cfaf,48.0906755,-123.4216335
2020-09-27 14:29:16,-11.7117958766491,664c4da5-4a79-4996-b6db-60d32320cfaf,48.0906755,-123.4216335
2020-10-01 02:01:53,-15.169743343478428,664c4da5-4a79-4996-b6db-60d32320cfaf,48.0906755,-123.4216335
2020-10-04 14:20:51,-13.281141156001086,664c4da5-4a79-4996-b6db-60d32320cfaf,48.0906755,-123.4216335
2020-10-06 02:09:55,-15.239235658513689,664c4da5-4a79-4996-b6db-60d32320cfaf,48.0906755,-123.4216335
2020-10-09 14:29:16,-13.557235806506515,664c4da5-4a79-4996-b6db-60d32320cfaf,48.0906755,-123.4216335
2020-10-13 02:01:53,-9.14384094536669,664c4da5-4a79-4996-b6db-60d32320cfaf,48.0906755,-123.4216335
2020-10-16 14:20:51,-11.258812139306382,664c4da5-4a79-4996-b6db-60d32320cfaf,48.0906755,-123.4216335
2020-10-18 02:09:55,-14.10871391659304,664c4da5-4a79-4996-b6db-60d32320cfaf,48.0906755,-123.4216335
2020-10-21 14:29:16,-13.888282324305319,664c4da5-4a79-4996-b6db-60d32320cfaf,48.0906755,-123.4216335
2020-10-25 02:01:53,-8.548835244367256,664c4da5-4a79-4996-b6db-60d32320cfaf,48.0906755,-123.4216335
2020-10-28 14:20:51,-16.946831688062332,664c4da5-4a79-4996-b6db-60d32320cfaf,48.0906755,-123.4216335
2020-10-30 02:09:55,-15.563329307891056,664c4da5-4a79-4996-b6db-60d32320cfaf,48.0906755,-123.4216335
2020-11-02 14:29:16,-13.931273206814263,664c4da5-4a79-4996-b6db-60d32320cfaf,48.0906755,-123.4216335
2020-11-06 02:01:53,-12.183211424528146,664c4da5-4a79-4996-b6db-60d32320cfaf,48.0906755,-123.4216335
2020-11-09 14:20:51,-14.559691664742756,664c4da5-4a79-4996-b6db-60d32320cfaf,48.0906755,-123.4216335
2020-11-11 02:09:55,-12.824362464434296,664c4da5-4a79-4996-b6db-60d32320cfaf,48.0906755,-123.4216335
2020-11-14 14:29:16,-14.283896184124849,664c4da5-4a79-4996-b6db-60d32320cfaf,48.0906755,-123.4216335
2020-11-18 02:01:53,-12.365258283247007,664c4da5-4a79-4996-b6db-60d32320cfaf,48.0906755,-123.4216335
2020-11-21 14:20:51,-13.027958262520372,664c4da5-4a79-4996-b6db-60d32320cfaf,48.0906755,-123.4216335
2020-11-23 02:09:54,-12.269158569105505,664c4da5-4a79-4996-b6db-60d32320cfaf,48.0906755,-123.4216335
2020-11-26 14:29:15,-13.267476021726068,664c4da5-4a79-4996-b6db-60d32320cfaf,48.0906755,-123.4216335
2020-11-30 02:01:53,-9.805303754266903,664c4da5-4a79-4996-b6db-60d32320cfaf,48.0906755,-123.4216335
2020-12-03 14:20:50,-13.98801661927536,664c4da5-4a79-4996-b6db-60d32320cfaf,48.0906755,-123.4216335
2020-12-05 02:09:54,-12.468252066088981,664c4da5-4a79-4996-b6db-60d32320cfaf,48.0906755,-123.4216335
2020-12-08 14:29:15,-15.756009600791002,664c4da5-4a79-4996-b6db-60d32320cfaf,48.0906755,-123.4216335
2020-12-12 02:01:52,-13.822196256642885,664c4da5-4a79-4996-b6db-60d32320cfaf,48.0906755,-123.4216335
2020-12-17 02:09:53,-13.79255535711857,664c4da5-4a79-4996-b6db-60d32320cfaf,48.0906755,-123.4216335
2020-12-20 14:29:14,-12.217312637058878,664c4da5-4a79-4996-b6db-60d32320cfaf,48.0906755,-123.4216335
2020-12-24 02:01:51,-10.107259047255031,664c4da5-4a79-4996-b6db-60d32320cfaf,48.0906755,-123.4216335
2020-12-27 14:20:49,-12.605313572173245,664c4da5-4a79-4996-b6db-60d32320cfaf,48.0906755,-123.4216335
2020-12-29 02:09:53,-13.496634460010311,664c4da5-4a79-4996-b6db-60d32320cfaf,48.0906755,-123.4216335
2021-01-01 14:29:14,-9.642172017051191,664c4da5-4a79-4996-b6db-60d32320cfaf,48.0906755,-123.4216335
2021-01-05 02:01:51,-7.787082074541845,664c4da5-4a79-4996-b6db-60d32320cfaf,48.0906755,-123.4216335
2021-01-08 14:20:48,-12.389321746803502,664c4da5-4a79-4996-b6db-60d32320cfaf,48.0906755,-123.4216335
2021-01-10 02:09:52,-14.308537170636875,664c4da5-4a79-4996-b6db-60d32320cfaf,48.0906755,-123.4216335
2021-01-13 14:29:13,-11.271075879727366,664c4da5-4a79-4996-b6db-60d32320cfaf,48.0906755,-123.4216335
2021-01-17 02:01:50,-12.291740370043392,664c4da5-4a79-4996-b6db-60d32320cfaf,48.0906755,-123.4216335
2021-01-20 14:20:48,-12.749345380357514,664c4da5-4a79-4996-b6db-60d32320cfaf,48.0906755,-123.4216335
2021-01-22 02:09:52,-11.2916164140843,664c4da5-4a79-4996-b6db-60d32320cfaf,48.0906755,-123.4216335
2021-01-25 14:29:13,-15.299536211709114,664c4da5-4a79-4996-b6db-60d32320cfaf,48.0906755,-123.4216335
2021-01-29 02:01:50,-10.088551340693206,664c4da5-4a79-4996-b6db-60d32320cfaf,48.0906755,-123.4216335
2021-02-01 14:20:47,-15.07049470931584,664c4da5-4a79-4996-b6db-60d32320cfaf,48.0906755,-123.4216335
2021-02-03 02:09:51,-13.03629098283206,664c4da5-4a79-4996-b6db-60d32320cfaf,48.0906755,-123.4216335
2021-02-06 14:29:12,-12.408454430005229,664c4da5-4a79-4996-b6db-60d32320cfaf,48.0906755,-123.4216335
2021-02-10 02:01:50,-13.009629497100462,664c4da5-4a79-4996-b6db-60d32320cfaf,48.0906755,-123.4216335
2021-02-13 14:20:47,-13.772181084545307,664c4da5-4a79-4996-b6db-60d32320cfaf,48.0906755,-123.4216335
2021-02-15 02:09:51,-16.38847768617837,664c4da5-4a79-4996-b6db-60d32320cfaf,48.0906755,-123.4216335
2021-02-18 14:29:12,-8.980960306266493,664c4da5-4a79-4996-b6db-60d32320cfaf,48.0906755,-123.4216335
2021-02-22 02:01:49,-13.744122621714327,664c4da5-4a79-4996-b6db-60d32320cfaf,48.0906755,-123.4216335
2021-02-25 14:20:47,-14.472792328490552,664c4da5-4a79-4996-b6db-60d32320cfaf,48.0906755,-123.4216335
2021-03-02 14:29:12,-9.55530195248928,664c4da5-4a79-4996-b6db-60d32320cfaf,48.0906755,-123.4216335
2021-03-06 02:01:49,-8.992047969913992,664c4da5-4a79-4996-b6db-60d32320cfaf,48.0906755,-123.4216335
2021-03-09 14:20:47,-11.815802794219023,664c4da5-4a79-4996-b6db-60d32320cfaf,48.0906755,-123.4216335
2021-03-11 02:09:51,-16.65285583604246,664c4da5-4a79-4996-b6db-60d32320cfaf,48.0906755,-123.4216335
2021-03-14 14:29:12,-12.282453212756117,664c4da5-4a79-4996-b6db-60d32320cfaf,48.0906755,-123.4216335
2021-03-18 02:01:49,-11.59525868121964,664c4da5-4a79-4996-b6db-60d32320cfaf,48.0906755,-123.4216335
2021-03-21 14:20:47,-14.741169471279802,664c4da5-4a79-4996-b6db-60d32320cfaf,48.0906755,-123.4216335
2021-03-26 14:29:12,-10.625291612979977,664c4da5-4a79-4996-b6db-60d32320cfaf,48.0906755,-123.4216335
2021-03-30 02:01:49,-9.541134288283237,664c4da5-4a79-4996-b6db-60d32320cfaf,48.0906755,-123.4216335
2021-04-02 14:20:47,-12.884226006425191,664c4da5-4a79-4996-b6db-60d32320cfaf,48.0906755,-123.4216335
2021-04-07 14:29:13,-11.159427657406429,664c4da5-4a79-4996-b6db-60d32320cfaf,48.0906755,-123.4216335
2021-04-11 02:01:50,-8.336306504745913,664c4da5-4a79-4996-b6db-60d32320cfaf,48.0906755,-123.4216335
2021-04-14 14:20:48,-12.351885444640335,664c4da5-4a79-4996-b6db-60d32320cfaf,48.0906755,-123.4216335
2021-04-19 14:29:13,-10.763996011785473,664c4da5-4a79-4996-b6db-60d32320cfaf,48.0906755,-123.4216335
2021-04-23 02:01:51,-11.52966539819534,664c4da5-4a79-4996-b6db-60d32320cfaf,48.0906755,-123.4216335
2021-04-26 14:20:48,-7.10494530659123,664c4da5-4a79-4996-b6db-60d32320cfaf,48.0906755,-123.4216335
2021-05-01 14:29:14,-12.70441166640457,664c4da5-4a79-4996-b6db-60d32320cfaf,48.0906755,-123.4216335
2021-05-05 02:01:51,-10.285195843697606,664c4da5-4a79-4996-b6db-60d32320cfaf,48.0906755,-123.4216335
2021-05-08 14:20:49,-14.033999763199557,664c4da5-4a79-4996-b6db-60d32320cfaf,48.0906755,-123.4216335
2021-05-13 14:29:14,-11.674799290620573,664c4da5-4a79-4996-b6db-60d32320cfaf,48.0906755,-123.4216335
2021-05-17 02:01:52,-12.263791621769284,664c4da5-4a79-4996-b6db-60d32320cfaf,48.0906755,-123.4216335
2021-05-20 14:20:49,-14.907234138908787,664c4da5-4a79-4996-b6db-60d32320cfaf,48.0906755,-123.4216335
2021-05-22 02:09:54,-13.300938374345204,664c4da5-4a79-4996-b6db-60d32320cfaf,48.0906755,-123.4216335
2021-05-25 14:29:15,-9.638558687658811,664c4da5-4a79-4996-b6db-60d32320cfaf,48.0906755,-123.4216335
2021-05-29 02:01:52,-10.896162105100212,664c4da5-4a79-4996-b6db-60d32320cfaf,48.0906755,-123.4216335
2021-06-01 14:20:50,-15.00315447087026,664c4da5-4a79-4996-b6db-60d32320cfaf,48.0906755,-123.4216335
2021-06-06 14:29:16,-17.345952059443132,664c4da5-4a79-4996-b6db-60d32320cfaf,48.0906755,-123.4216335
2021-06-10 02:01:53,-9.93421291638655,664c4da5-4a79-4996-b6db-60d32320cfaf,48.0906755,-123.4216335
2021-06-13 14:20:51,-11.576207836373209,664c4da5-4a79-4996-b6db-60d32320cfaf,48.0906755,-123.4216335
2021-06-18 14:29:16,-11.950985389287043,664c4da5-4a79-4996-b6db-60d32320cfaf,48.0906755,-123.4216335
2021-06-22 02:01:54,-18.651540941428856,664c4da5-4a79-4996-b6db-60d32320cfaf,48.0906755,-123.4216335
2021-06-25 14:20:52,-12.617965903385963,664c4da5-4a79-4996-b6db-60d32320cfaf,48.0906755,-123.4216335
2021-07-07 14:20:52,-12.311234800009226,664c4da5-4a79-4996-b6db-60d32320cfaf,48.0906755,-123.4216335
2021-07-12 14:29:18,-12.256455619973657,664c4da5-4a79-4996-b6db-60d32320cfaf,48.0906755,-123.4216335
2021-07-16 02:01:55,-13.905636328206526,664c4da5-4a79-4996-b6db-60d32320cfaf,48.0906755,-123.4216335
2021-07-19 14:20:53,-11.588046313183638,664c4da5-4a79-4996-b6db-60d32320cfaf,48.0906755,-123.4216335
2021-07-24 14:29:19,-11.696533477314935,664c4da5-4a79-4996-b6db-60d32320cfaf,48.0906755,-123.4216335
2021-07-28 02:01:56,-11.076584632829196,664c4da5-4a79-4996-b6db-60d32320cfaf,48.0906755,-123.4216335
2021-08-05 14:29:19,-14.567844382863111,664c4da5-4a79-4996-b6db-60d32320cfaf,48.0906755,-123.4216335
2021-08-09 02:01:57,-11.683447114793122,664c4da5-4a79-4996-b6db-60d32320cfaf,48.0906755,-123.4216335
2021-08-12 14:20:54,-10.180877422574268,664c4da5-4a79-4996-b6db-60d32320cfaf,48.0906755,-123.4216335
2021-08-17 14:29:20,-18.808294202209698,664c4da5-4a79-4996-b6db-60d32320cfaf,48.0906755,-123.4216335
2021-08-21 02:01:57,-10.260782552287054,664c4da5-4a79-4996-b6db-60d32320cfaf,48.0906755,-123.4216335
2021-08-29 14:29:20,-12.75903359574012,664c4da5-4a79-4996-b6db-60d32320cfaf,48.0906755,-123.4216335
2021-09-02 02:01:58,-8.443701092418895,664c4da5-4a79-4996-b6db-60d32320cfaf,48.0906755,-123.4216335
2021-09-05 14:20:56,-12.53053195697148,664c4da5-4a79-4996-b6db-60d32320cfaf,48.0906755,-123.4216335
2021-09-10 14:29:21,-13.426515569024556,664c4da5-4a79-4996-b6db-60d32320cfaf,48.0906755,-123.4216335
2021-09-14 02:01:58,-9.502565153697057,664c4da5-4a79-4996-b6db-60d32320cfaf,48.0906755,-123.4216335
2021-09-17 14:20:56,-14.745624822300416,664c4da5-4a79-4996-b6db-60d32320cfaf,48.0906755,-123.4216335
2021-09-22 14:29:21,-12.97595158837446,664c4da5-4a79-4996-b6db-60d32320cfaf,48.0906755,-123.4216335
2021-09-26 02:01:59,-13.668528150795758,664c4da5-4a79-4996-b6db-60d32320cfaf,48.0906755,-123.4216335
2021-09-29 14:20:56,-11.188944511848515,664c4da5-4a79-4996-b6db-60d32320cfaf,48.0906755,-123.4216335
2021-10-01 02:10:00,-14.86717214790304,664c4da5-4a79-4996-b6db-60d32320cfaf,48.0906755,-123.4216335
2021-10-04 14:29:22,-11.851064733983417,664c4da5-4a79-4996-b6db-60d32320cfaf,48.0906755,-123.4216335
2021-10-08 02:01:59,-13.531352946199876,664c4da5-4a79-4996-b6db-60d32320cfaf,48.0906755,-123.4216335
2021-10-11 14:20:57,-12.944891835775818,664c4da5-4a79-4996-b6db-60d32320cfaf,48.0906755,-123.4216335
2021-10-13 02:10:01,-9.20751357513539,664c4da5-4a79-4996-b6db-60d32320cfaf,48.0906755,-123.4216335
2021-10-16 14:29:22,-11.51996522501446,664c4da5-4a79-4996-b6db-60d32320cfaf,48.0906755,-123.4216335
2021-10-20 02:01:59,-13.188361202923156,664c4da5-4a79-4996-b6db-60d32320cfaf,48.0906755,-123.4216335
2021-10-23 14:20:57,-10.565705178174207,664c4da5-4a79-4996-b6db-60d32320cfaf,48.0906755,-123.4216335
2021-10-25 02:10:01,-11.112589618598758,664c4da5-4a79-4996-b6db-60d32320cfaf,48.0906755,-123.4216335
2021-10-28 14:29:22,-8.288305084789693,664c4da5-4a79-4996-b6db-60d32320cfaf,48.0906755,-123.4216335
2021-11-01 02:01:59,-12.327815578809423,664c4da5-4a79-4996-b6db-60d32320cfaf,48.0906755,-123.4216335
2021-11-04 14:20:56,-7.7330710668028075,664c4da5-4a79-4996-b6db-60d32320cfaf,48.0906755,-123.4216335
2021-11-09 14:29:21,-9.652410557868054,664c4da5-4a79-4996-b6db-60d32320cfaf,48.0906755,-123.4216335
2021-11-13 02:01:59,-10.490424045906913,664c4da5-4a79-4996-b6db-60d32320cfaf,48.0906755,-123.4216335
2021-11-16 14:20:56,-12.40389860092688,664c4da5-4a79-4996-b6db-60d32320cfaf,48.0906755,-123.4216335
2021-11-21 14:29:21,-10.289701632356076,664c4da5-4a79-4996-b6db-60d32320cfaf,48.0906755,-123.4216335
2021-11-25 02:01:58,-15.066894976889927,664c4da5-4a79-4996-b6db-60d32320cfaf,48.0906755,-123.4216335
2021-11-28 14:20:56,-12.335973763539284,664c4da5-4a79-4996-b6db-60d32320cfaf,48.0906755,-123.4216335
2021-12-03 14:29:21,-12.7946629545863,664c4da5-4a79-4996-b6db-60d32320cfaf,48.0906755,-123.4216335
2021-12-07 02:01:58,-10.370231311626343,664c4da5-4a79-4996-b6db-60d32320cfaf,48.0906755,-123.4216335
2021-12-10 14:20:55,-11.412272646349006,664c4da5-4a79-4996-b6db-60d32320cfaf,48.0906755,-123.4216335
2021-12-12 02:09:59,-10.001550134251382,664c4da5-4a79-4996-b6db-60d32320cfaf,48.0906755,-123.4216335
2021-12-15 14:29:20,-12.242927060482087,664c4da5-4a79-4996-b6db-60d32320cfaf,48.0906755,-123.4216335
2021-12-19 02:01:57,-12.911009920083336,664c4da5-4a79-4996-b6db-60d32320cfaf,48.0906755,-123.4216335
2021-12-22 14:20:55,-8.644846768790805,664c4da5-4a79-4996-b6db-60d32320cfaf,48.0906755,-123.4216335
2016-10-15 02:09:28,-12.658675045929495,664c4da5-4a79-4996-b6db-60d32320cfaf,48.0906755,-123.4216335
2016-10-22 02:01:18,-9.392859170677442,664c4da5-4a79-4996-b6db-60d32320cfaf,48.0906755,-123.4216335
2016-11-08 02:09:28,-12.753879007565567,664c4da5-4a79-4996-b6db-60d32320cfaf,48.0906755,-123.4216335
2016-11-15 02:01:18,-9.749944659708149,664c4da5-4a79-4996-b6db-60d32320cfaf,48.0906755,-123.4216335
2017-02-22 14:20:22,-15.113888824567347,664c4da5-4a79-4996-b6db-60d32320cfaf,48.0906755,-123.4216335
2017-02-27 14:28:47,-13.138503692542757,664c4da5-4a79-4996-b6db-60d32320cfaf,48.0906755,-123.4216335
2017-03-06 14:20:22,-14.964858461583981,664c4da5-4a79-4996-b6db-60d32320cfaf,48.0906755,-123.4216335
2017-03-11 14:28:47,-15.140011891567692,664c4da5-4a79-4996-b6db-60d32320cfaf,48.0906755,-123.4216335
2017-03-23 14:28:47,-13.64741529233913,664c4da5-4a79-4996-b6db-60d32320cfaf,48.0906755,-123.4216335
2017-04-04 14:28:47,-13.27632847374251,664c4da5-4a79-4996-b6db-60d32320cfaf,48.0906755,-123.4216335
2017-04-16 14:28:48,-13.803528998877992,664c4da5-4a79-4996-b6db-60d32320cfaf,48.0906755,-123.4216335
2017-04-28 14:28:48,-12.382298728413236,664c4da5-4a79-4996-b6db-60d32320cfaf,48.0906755,-123.4216335
2017-05-10 14:28:49,-15.068165524657564,664c4da5-4a79-4996-b6db-60d32320cfaf,48.0906755,-123.4216335
