date,s1_grd_vv,cell_id,latitude,longitude
2015-03-27 01:50:45,-15.010810830193495,6df5e659-b234-4909-aa5c-99c5d6f668d3,37.271035499999996,-119.3432825
2015-04-01 01:58:54,-14.914739159154763,6df5e659-b234-4909-aa5c-99c5d6f668d3,37.271035499999996,-119.3432825
2015-06-12 01:58:39,-13.137735242424354,6df5e659-b234-4909-aa5c-99c5d6f668d3,37.271035499999996,-119.3432825
2015-07-30 01:58:41,-13.318697633860978,6df5e659-b234-4909-aa5c-99c5d6f668d3,37.271035499999996,-119.3432825
2015-08-23 01:58:42,-16.954705754345618,6df5e659-b234-4909-aa5c-99c5d6f668d3,37.271035499999996,-119.3432825
2015-10-10 01:58:43,-15.625229966698193,6df5e659-b234-4909-aa5c-99c5d6f668d3,37.271035499999996,-119.3432825
2015-11-03 01:58:43,-14.958608303366423,6df5e659-b234-4909-aa5c-99c5d6f668d3,37.271035499999996,-119.3432825
2015-11-27 01:59:02,-14.783380385714706,6df5e659-b234-4909-aa5c-99c5d6f668d3,37.271035499999996,-119.3432825
2015-12-09 13:59:25,-8.322904565246132,6df5e659-b234-4909-aa5c-99c5d6f668d3,37.271035499999996,-119.3432825
2015-12-21 01:59:01,-14.128250675340485,6df5e659-b234-4909-aa5c-99c5d6f668d3,37.271035499999996,-119.3432825
2016-01-14 01:59:00,-16.836307967375596,6df5e659-b234-4909-aa5c-99c5d6f668d3,37.271035499999996,-119.3432825
2016-01-26 13:59:23,-7.449741114957156,6df5e659-b234-4909-aa5c-99c5d6f668d3,37.271035499999996,-119.3432825
2016-02-07 01:59:00,-17.422188903297847,6df5e659-b234-4909-aa5c-99c5d6f668d3,37.271035499999996,-119.3432825
2016-02-19 13:59:23,-6.512245306683279,6df5e659-b234-4909-aa5c-99c5d6f668d3,37.271035499999996,-119.3432825
2016-03-02 01:59:00,-16.65011133811784,6df5e659-b234-4909-aa5c-99c5d6f668d3,37.271035499999996,-119.3432825
2016-03-09 01:50:45,-14.156690920615826,6df5e659-b234-4909-aa5c-99c5d6f668d3,37.271035499999996,-119.3432825
2016-03-14 01:58:43,-15.254761009624191,6df5e659-b234-4909-aa5c-99c5d6f668d3,37.271035499999996,-119.3432825
2016-03-14 13:59:23,-3.17272390249388,6df5e659-b234-4909-aa5c-99c5d6f668d3,37.271035499999996,-119.3432825
2016-03-26 01:59:00,-14.787542406642816,6df5e659-b234-4909-aa5c-99c5d6f668d3,37.271035499999996,-119.3432825
2016-04-07 13:59:24,-5.047873924101843,6df5e659-b234-4909-aa5c-99c5d6f668d3,37.271035499999996,-119.3432825
2016-04-19 01:59:01,-17.298839890554834,6df5e659-b234-4909-aa5c-99c5d6f668d3,37.271035499999996,-119.3432825
2016-05-01 13:59:25,-8.058366753850763,6df5e659-b234-4909-aa5c-99c5d6f668d3,37.271035499999996,-119.3432825
2016-05-13 01:59:05,-15.611186925157726,6df5e659-b234-4909-aa5c-99c5d6f668d3,37.271035499999996,-119.3432825
2016-05-25 13:59:26,-5.1857611619600155,6df5e659-b234-4909-aa5c-99c5d6f668d3,37.271035499999996,-119.3432825
2016-06-06 01:59:07,-16.75486627632132,6df5e659-b234-4909-aa5c-99c5d6f668d3,37.271035499999996,-119.3432825
2016-06-30 01:59:08,-21.12574936993743,6df5e659-b234-4909-aa5c-99c5d6f668d3,37.271035499999996,-119.3432825
2016-07-24 01:59:09,-17.35427591161286,6df5e659-b234-4909-aa5c-99c5d6f668d3,37.271035499999996,-119.3432825
2016-08-17 01:59:11,-18.60307221977643,6df5e659-b234-4909-aa5c-99c5d6f668d3,37.271035499999996,-119.3432825
2016-08-29 01:58:51,-20.54577918370892,6df5e659-b234-4909-aa5c-99c5d6f668d3,37.271035499999996,-119.3432825
2016-09-10 01:59:12,-16.442312148837807,6df5e659-b234-4909-aa5c-99c5d6f668d3,37.271035499999996,-119.3432825
2016-09-17 01:50:49,-17.356172765358867,6df5e659-b234-4909-aa5c-99c5d6f668d3,37.271035499999996,-119.3432825
2016-09-22 13:59:32,-5.074624186226277,6df5e659-b234-4909-aa5c-99c5d6f668d3,37.271035499999996,-119.3432825
2016-10-04 01:58:47,-20.219812937242942,6df5e659-b234-4909-aa5c-99c5d6f668d3,37.271035499999996,-119.3432825
2016-10-16 13:59:32,-6.651958866402607,6df5e659-b234-4909-aa5c-99c5d6f668d3,37.271035499999996,-119.3432825
2016-10-28 01:59:12,-18.02788161408394,6df5e659-b234-4909-aa5c-99c5d6f668d3,37.271035499999996,-119.3432825
2016-11-09 13:59:32,-10.11862373597201,6df5e659-b234-4909-aa5c-99c5d6f668d3,37.271035499999996,-119.3432825
2016-12-03 13:59:32,-6.427498254052461,6df5e659-b234-4909-aa5c-99c5d6f668d3,37.271035499999996,-119.3432825
2016-12-15 01:59:11,-15.460678777677732,6df5e659-b234-4909-aa5c-99c5d6f668d3,37.271035499999996,-119.3432825
2016-12-27 13:59:31,-5.879020912035083,6df5e659-b234-4909-aa5c-99c5d6f668d3,37.271035499999996,-119.3432825
2017-01-08 01:59:09,-14.020603249586381,6df5e659-b234-4909-aa5c-99c5d6f668d3,37.271035499999996,-119.3432825
2017-01-20 13:59:28,-3.544406487205696,6df5e659-b234-4909-aa5c-99c5d6f668d3,37.271035499999996,-119.3432825
2017-02-01 01:59:09,-17.906932503704866,6df5e659-b234-4909-aa5c-99c5d6f668d3,37.271035499999996,-119.3432825
2017-02-08 01:50:54,-12.190823077099443,6df5e659-b234-4909-aa5c-99c5d6f668d3,37.271035499999996,-119.3432825
2017-02-13 01:58:46,-17.280782017080487,6df5e659-b234-4909-aa5c-99c5d6f668d3,37.271035499999996,-119.3432825
2017-02-13 13:59:29,-6.583224172463137,6df5e659-b234-4909-aa5c-99c5d6f668d3,37.271035499999996,-119.3432825
2017-02-25 13:59:17,-6.503389303539112,6df5e659-b234-4909-aa5c-99c5d6f668d3,37.271035499999996,-119.3432825
2017-03-09 13:59:17,-7.704738225128564,6df5e659-b234-4909-aa5c-99c5d6f668d3,37.271035499999996,-119.3432825
2017-03-21 13:59:17,-5.1479652515025975,6df5e659-b234-4909-aa5c-99c5d6f668d3,37.271035499999996,-119.3432825
2017-04-02 13:59:18,-7.761688911236229,6df5e659-b234-4909-aa5c-99c5d6f668d3,37.271035499999996,-119.3432825
2017-04-14 13:59:18,-10.579185758705872,6df5e659-b234-4909-aa5c-99c5d6f668d3,37.271035499999996,-119.3432825
2017-04-26 13:59:19,-7.798710330892877,6df5e659-b234-4909-aa5c-99c5d6f668d3,37.271035499999996,-119.3432825
2017-05-08 13:59:20,-6.526350033871288,6df5e659-b234-4909-aa5c-99c5d6f668d3,37.271035499999996,-119.3432825
2017-05-20 13:59:20,-7.456007881552623,6df5e659-b234-4909-aa5c-99c5d6f668d3,37.271035499999996,-119.3432825
2017-06-01 13:59:21,-8.26292795252158,6df5e659-b234-4909-aa5c-99c5d6f668d3,37.271035499999996,-119.3432825
2017-06-13 13:59:22,-7.786947944821204,6df5e659-b234-4909-aa5c-99c5d6f668d3,37.271035499999996,-119.3432825
2017-06-25 13:59:22,-6.085424353433004,6df5e659-b234-4909-aa5c-99c5d6f668d3,37.271035499999996,-119.3432825
2017-07-07 13:59:23,-3.787260553794154,6df5e659-b234-4909-aa5c-99c5d6f668d3,37.271035499999996,-119.3432825
2017-07-19 13:59:24,-6.976913033116899,6df5e659-b234-4909-aa5c-99c5d6f668d3,37.271035499999996,-119.3432825
2017-07-31 13:59:24,-5.478756897347763,6df5e659-b234-4909-aa5c-99c5d6f668d3,37.271035499999996,-119.3432825
2017-08-12 13:59:25,-7.034717155311657,6df5e659-b234-4909-aa5c-99c5d6f668d3,37.271035499999996,-119.3432825
2017-08-24 13:59:26,-7.975452780102258,6df5e659-b234-4909-aa5c-99c5d6f668d3,37.271035499999996,-119.3432825
2017-09-05 13:59:26,-7.302795202304635,6df5e659-b234-4909-aa5c-99c5d6f668d3,37.271035499999996,-119.3432825
2017-09-17 13:59:27,-11.098143685690127,6df5e659-b234-4909-aa5c-99c5d6f668d3,37.271035499999996,-119.3432825
2017-09-29 13:59:27,-9.313205437849717,6df5e659-b234-4909-aa5c-99c5d6f668d3,37.271035499999996,-119.3432825
2017-10-11 13:59:27,-7.522958017248821,6df5e659-b234-4909-aa5c-99c5d6f668d3,37.271035499999996,-119.3432825
2017-10-23 13:59:27,-6.622369353951313,6df5e659-b234-4909-aa5c-99c5d6f668d3,37.271035499999996,-119.3432825
2017-11-04 13:59:27,-7.892185911563589,6df5e659-b234-4909-aa5c-99c5d6f668d3,37.271035499999996,-119.3432825
2017-11-16 13:59:27,-8.428197097936724,6df5e659-b234-4909-aa5c-99c5d6f668d3,37.271035499999996,-119.3432825
2017-11-28 13:59:27,-8.33959821824747,6df5e659-b234-4909-aa5c-99c5d6f668d3,37.271035499999996,-119.3432825
2017-12-10 13:59:26,-6.901872509245939,6df5e659-b234-4909-aa5c-99c5d6f668d3,37.271035499999996,-119.3432825
2017-12-22 13:59:25,-13.736273447821006,6df5e659-b234-4909-aa5c-99c5d6f668d3,37.271035499999996,-119.3432825
2018-01-03 13:59:25,-7.541504696213034,6df5e659-b234-4909-aa5c-99c5d6f668d3,37.271035499999996,-119.3432825
2018-01-15 13:59:25,-6.025488413824036,6df5e659-b234-4909-aa5c-99c5d6f668d3,37.271035499999996,-119.3432825
2018-01-27 13:59:24,-8.751828894644971,6df5e659-b234-4909-aa5c-99c5d6f668d3,37.271035499999996,-119.3432825
2018-02-08 13:59:24,-6.737443431602264,6df5e659-b234-4909-aa5c-99c5d6f668d3,37.271035499999996,-119.3432825
2018-02-20 13:59:24,-6.892544026670484,6df5e659-b234-4909-aa5c-99c5d6f668d3,37.271035499999996,-119.3432825
2018-03-04 13:59:24,-8.071878037526137,6df5e659-b234-4909-aa5c-99c5d6f668d3,37.271035499999996,-119.3432825
2018-03-16 13:59:24,-6.17465984361977,6df5e659-b234-4909-aa5c-99c5d6f668d3,37.271035499999996,-119.3432825
2018-03-28 13:59:24,-3.6011775310908893,6df5e659-b234-4909-aa5c-99c5d6f668d3,37.271035499999996,-119.3432825
2018-04-09 13:59:25,-5.70192785941305,6df5e659-b234-4909-aa5c-99c5d6f668d3,37.271035499999996,-119.3432825
2018-04-21 13:59:25,-8.387073985317283,6df5e659-b234-4909-aa5c-99c5d6f668d3,37.271035499999996,-119.3432825
2018-05-03 13:59:26,-5.883457534952924,6df5e659-b234-4909-aa5c-99c5d6f668d3,37.271035499999996,-119.3432825
2018-05-15 13:59:26,-6.576972371842313,6df5e659-b234-4909-aa5c-99c5d6f668d3,37.271035499999996,-119.3432825
2018-05-27 13:59:27,-6.440745089429033,6df5e659-b234-4909-aa5c-99c5d6f668d3,37.271035499999996,-119.3432825
2018-06-08 13:59:28,-6.554055449372784,6df5e659-b234-4909-aa5c-99c5d6f668d3,37.271035499999996,-119.3432825
2018-06-20 13:59:28,-6.4306637859873215,6df5e659-b234-4909-aa5c-99c5d6f668d3,37.271035499999996,-119.3432825
2018-07-02 13:59:29,-7.70088159180127,6df5e659-b234-4909-aa5c-99c5d6f668d3,37.271035499999996,-119.3432825
2018-07-14 13:59:30,-7.084837396330754,6df5e659-b234-4909-aa5c-99c5d6f668d3,37.271035499999996,-119.3432825
2018-07-26 01:59:13,-13.013257076032884,6df5e659-b234-4909-aa5c-99c5d6f668d3,37.271035499999996,-119.3432825
2018-07-26 13:59:30,-5.318307385086959,6df5e659-b234-4909-aa5c-99c5d6f668d3,37.271035499999996,-119.3432825
2018-08-07 01:59:14,-13.475284393749675,6df5e659-b234-4909-aa5c-99c5d6f668d3,37.271035499999996,-119.3432825
2018-08-07 13:59:31,-4.535021767819543,6df5e659-b234-4909-aa5c-99c5d6f668d3,37.271035499999996,-119.3432825
2018-08-19 01:59:14,-13.262161677637023,6df5e659-b234-4909-aa5c-99c5d6f668d3,37.271035499999996,-119.3432825
2018-08-19 13:59:32,-5.067921787556769,6df5e659-b234-4909-aa5c-99c5d6f668d3,37.271035499999996,-119.3432825
2018-08-31 01:59:15,-11.738771358971906,6df5e659-b234-4909-aa5c-99c5d6f668d3,37.271035499999996,-119.3432825
2018-08-31 13:59:33,-8.991163973917958,6df5e659-b234-4909-aa5c-99c5d6f668d3,37.271035499999996,-119.3432825
2018-09-12 01:59:15,-15.903617960039288,6df5e659-b234-4909-aa5c-99c5d6f668d3,37.271035499999996,-119.3432825
2018-09-12 13:59:33,-6.861064541476409,6df5e659-b234-4909-aa5c-99c5d6f668d3,37.271035499999996,-119.3432825
2018-09-24 01:59:16,-15.315634979722443,6df5e659-b234-4909-aa5c-99c5d6f668d3,37.271035499999996,-119.3432825
2018-09-24 13:59:33,-3.3993101530982055,6df5e659-b234-4909-aa5c-99c5d6f668d3,37.271035499999996,-119.3432825
2018-10-06 01:59:16,-16.88722674328092,6df5e659-b234-4909-aa5c-99c5d6f668d3,37.271035499999996,-119.3432825
2018-10-06 13:59:34,-4.766631077323839,6df5e659-b234-4909-aa5c-99c5d6f668d3,37.271035499999996,-119.3432825
2018-10-18 01:59:16,-15.603529960201527,6df5e659-b234-4909-aa5c-99c5d6f668d3,37.271035499999996,-119.3432825
2018-10-18 13:59:34,-7.211242369339676,6df5e659-b234-4909-aa5c-99c5d6f668d3,37.271035499999996,-119.3432825
2018-10-30 01:59:16,-17.74184865344341,6df5e659-b234-4909-aa5c-99c5d6f668d3,37.271035499999996,-119.3432825
2018-10-30 13:59:34,-6.769379318620883,6df5e659-b234-4909-aa5c-99c5d6f668d3,37.271035499999996,-119.3432825
2018-11-11 01:59:16,-17.43517727810651,6df5e659-b234-4909-aa5c-99c5d6f668d3,37.271035499999996,-119.3432825
2018-11-11 13:59:33,-8.304435005597847,6df5e659-b234-4909-aa5c-99c5d6f668d3,37.271035499999996,-119.3432825
2018-11-18 01:50:59,-13.937905648177864,6df5e659-b234-4909-aa5c-99c5d6f668d3,37.271035499999996,-119.3432825
2018-11-23 01:59:16,-12.740128408660894,6df5e659-b234-4909-aa5c-99c5d6f668d3,37.271035499999996,-119.3432825
2018-11-23 13:59:33,-9.724473026807448,6df5e659-b234-4909-aa5c-99c5d6f668d3,37.271035499999996,-119.3432825
2018-12-05 01:59:15,-13.449184311061162,6df5e659-b234-4909-aa5c-99c5d6f668d3,37.271035499999996,-119.3432825
2018-12-05 13:59:33,-7.106867283839453,6df5e659-b234-4909-aa5c-99c5d6f668d3,37.271035499999996,-119.3432825
2018-12-17 01:59:15,-16.960594069898516,6df5e659-b234-4909-aa5c-99c5d6f668d3,37.271035499999996,-119.3432825
2018-12-17 13:59:32,-5.092682895776552,6df5e659-b234-4909-aa5c-99c5d6f668d3,37.271035499999996,-119.3432825
2018-12-29 13:59:32,-6.259057333477614,6df5e659-b234-4909-aa5c-99c5d6f668d3,37.271035499999996,-119.3432825
2019-01-10 01:59:19,-15.231748788613396,6df5e659-b234-4909-aa5c-99c5d6f668d3,37.271035499999996,-119.3432825
2019-01-10 13:59:31,-5.941430437919094,6df5e659-b234-4909-aa5c-99c5d6f668d3,37.271035499999996,-119.3432825
2019-01-17 01:51:10,-11.731533022649616,6df5e659-b234-4909-aa5c-99c5d6f668d3,37.271035499999996,-119.3432825
2019-01-22 01:59:19,-12.463575191613023,6df5e659-b234-4909-aa5c-99c5d6f668d3,37.271035499999996,-119.3432825
2019-01-22 13:59:31,-7.182998704502795,6df5e659-b234-4909-aa5c-99c5d6f668d3,37.271035499999996,-119.3432825
2019-02-03 13:59:31,-5.357721220064567,6df5e659-b234-4909-aa5c-99c5d6f668d3,37.271035499999996,-119.3432825
2019-02-10 01:51:09,-12.373265750029876,6df5e659-b234-4909-aa5c-99c5d6f668d3,37.271035499999996,-119.3432825
2019-02-15 13:59:30,-5.663790854059174,6df5e659-b234-4909-aa5c-99c5d6f668d3,37.271035499999996,-119.3432825
2019-02-22 01:51:09,-16.162371535672207,6df5e659-b234-4909-aa5c-99c5d6f668d3,37.271035499999996,-119.3432825
2019-02-27 01:59:18,-17.0060909644256,6df5e659-b234-4909-aa5c-99c5d6f668d3,37.271035499999996,-119.3432825
2019-02-27 13:59:30,-5.02268242596335,6df5e659-b234-4909-aa5c-99c5d6f668d3,37.271035499999996,-119.3432825
2019-03-06 01:51:10,-14.361906321302305,6df5e659-b234-4909-aa5c-99c5d6f668d3,37.271035499999996,-119.3432825
2019-03-11 01:59:18,-15.630073391183421,6df5e659-b234-4909-aa5c-99c5d6f668d3,37.271035499999996,-119.3432825
2019-03-11 13:59:30,-6.61046327848013,6df5e659-b234-4909-aa5c-99c5d6f668d3,37.271035499999996,-119.3432825
2019-03-18 01:51:10,-13.879212673673852,6df5e659-b234-4909-aa5c-99c5d6f668d3,37.271035499999996,-119.3432825
2019-03-23 01:59:19,-14.482726087602087,6df5e659-b234-4909-aa5c-99c5d6f668d3,37.271035499999996,-119.3432825
2019-03-23 13:59:31,-6.031637210539986,6df5e659-b234-4909-aa5c-99c5d6f668d3,37.271035499999996,-119.3432825
2019-03-30 01:51:10,-15.404388835629678,6df5e659-b234-4909-aa5c-99c5d6f668d3,37.271035499999996,-119.3432825
2019-04-04 01:59:19,-18.15196281825026,6df5e659-b234-4909-aa5c-99c5d6f668d3,37.271035499999996,-119.3432825
2019-04-04 13:59:31,-8.913842323311155,6df5e659-b234-4909-aa5c-99c5d6f668d3,37.271035499999996,-119.3432825
2019-04-11 01:51:10,-15.941192465075655,6df5e659-b234-4909-aa5c-99c5d6f668d3,37.271035499999996,-119.3432825
2019-04-16 01:59:19,-16.910632798655733,6df5e659-b234-4909-aa5c-99c5d6f668d3,37.271035499999996,-119.3432825
2019-04-16 13:59:31,-6.254967752594216,6df5e659-b234-4909-aa5c-99c5d6f668d3,37.271035499999996,-119.3432825
2019-04-23 01:51:11,-18.76663106810103,6df5e659-b234-4909-aa5c-99c5d6f668d3,37.271035499999996,-119.3432825
2019-04-28 01:59:20,-14.050001033578932,6df5e659-b234-4909-aa5c-99c5d6f668d3,37.271035499999996,-119.3432825
2019-04-28 13:59:32,-9.425172145025423,6df5e659-b234-4909-aa5c-99c5d6f668d3,37.271035499999996,-119.3432825
2019-05-10 01:59:20,-19.292381171066314,6df5e659-b234-4909-aa5c-99c5d6f668d3,37.271035499999996,-119.3432825
2019-05-10 13:59:32,-4.851385334423037,6df5e659-b234-4909-aa5c-99c5d6f668d3,37.271035499999996,-119.3432825
2019-05-17 01:51:12,-11.793539681655949,6df5e659-b234-4909-aa5c-99c5d6f668d3,37.271035499999996,-119.3432825
2019-05-22 01:59:21,-11.90287076289082,6df5e659-b234-4909-aa5c-99c5d6f668d3,37.271035499999996,-119.3432825
2019-05-22 13:59:33,-6.174526078697537,6df5e659-b234-4909-aa5c-99c5d6f668d3,37.271035499999996,-119.3432825
2019-05-29 01:51:12,-15.807278634145414,6df5e659-b234-4909-aa5c-99c5d6f668d3,37.271035499999996,-119.3432825
2019-06-03 01:59:21,-15.171920336774576,6df5e659-b234-4909-aa5c-99c5d6f668d3,37.271035499999996,-119.3432825
2019-06-03 13:59:33,-4.5437576300643965,6df5e659-b234-4909-aa5c-99c5d6f668d3,37.271035499999996,-119.3432825
2019-06-10 01:51:13,-15.64155262739954,6df5e659-b234-4909-aa5c-99c5d6f668d3,37.271035499999996,-119.3432825
2019-06-15 01:59:22,-15.289976893302846,6df5e659-b234-4909-aa5c-99c5d6f668d3,37.271035499999996,-119.3432825
2019-06-15 13:59:34,-4.6610374980375715,6df5e659-b234-4909-aa5c-99c5d6f668d3,37.271035499999996,-119.3432825
2019-06-22 01:51:14,-15.686055459940533,6df5e659-b234-4909-aa5c-99c5d6f668d3,37.271035499999996,-119.3432825
2019-06-27 01:59:23,-17.33312279639017,6df5e659-b234-4909-aa5c-99c5d6f668d3,37.271035499999996,-119.3432825
2019-06-27 13:59:35,-4.591512105921491,6df5e659-b234-4909-aa5c-99c5d6f668d3,37.271035499999996,-119.3432825
2019-07-04 01:51:14,-12.784789955993215,6df5e659-b234-4909-aa5c-99c5d6f668d3,37.271035499999996,-119.3432825
2019-07-09 01:59:23,-16.64135999280164,6df5e659-b234-4909-aa5c-99c5d6f668d3,37.271035499999996,-119.3432825
2019-07-09 13:59:35,-6.049318190417814,6df5e659-b234-4909-aa5c-99c5d6f668d3,37.271035499999996,-119.3432825
2019-07-16 01:51:15,-15.902691087211245,6df5e659-b234-4909-aa5c-99c5d6f668d3,37.271035499999996,-119.3432825
2019-07-21 01:59:24,-17.244280397790227,6df5e659-b234-4909-aa5c-99c5d6f668d3,37.271035499999996,-119.3432825
2019-07-21 13:59:36,-5.80446761360724,6df5e659-b234-4909-aa5c-99c5d6f668d3,37.271035499999996,-119.3432825
2019-07-28 01:51:16,-17.554840668680395,6df5e659-b234-4909-aa5c-99c5d6f668d3,37.271035499999996,-119.3432825
2019-08-02 01:59:25,-16.615805183687343,6df5e659-b234-4909-aa5c-99c5d6f668d3,37.271035499999996,-119.3432825
2019-08-02 13:59:37,-7.401662464866097,6df5e659-b234-4909-aa5c-99c5d6f668d3,37.271035499999996,-119.3432825
2019-08-09 01:51:17,-13.612424946364555,6df5e659-b234-4909-aa5c-99c5d6f668d3,37.271035499999996,-119.3432825
2019-08-14 13:59:38,-8.040664105986304,6df5e659-b234-4909-aa5c-99c5d6f668d3,37.271035499999996,-119.3432825
2019-08-26 01:59:27,-17.150830022954715,6df5e659-b234-4909-aa5c-99c5d6f668d3,37.271035499999996,-119.3432825
2019-08-26 13:59:38,-6.639558777251009,6df5e659-b234-4909-aa5c-99c5d6f668d3,37.271035499999996,-119.3432825
2019-09-02 01:51:18,-14.37759153822891,6df5e659-b234-4909-aa5c-99c5d6f668d3,37.271035499999996,-119.3432825
2019-09-07 01:59:27,-14.306565912840805,6df5e659-b234-4909-aa5c-99c5d6f668d3,37.271035499999996,-119.3432825
2019-09-07 13:59:39,-6.810519000518345,6df5e659-b234-4909-aa5c-99c5d6f668d3,37.271035499999996,-119.3432825
2019-09-19 01:59:27,-15.947075391494261,6df5e659-b234-4909-aa5c-99c5d6f668d3,37.271035499999996,-119.3432825
2019-09-19 13:59:39,-6.938906212001197,6df5e659-b234-4909-aa5c-99c5d6f668d3,37.271035499999996,-119.3432825
2019-09-26 01:51:19,-13.828519994700025,6df5e659-b234-4909-aa5c-99c5d6f668d3,37.271035499999996,-119.3432825
2019-10-01 01:59:28,-13.743134234814562,6df5e659-b234-4909-aa5c-99c5d6f668d3,37.271035499999996,-119.3432825
2019-10-01 13:59:40,-6.114184780462918,6df5e659-b234-4909-aa5c-99c5d6f668d3,37.271035499999996,-119.3432825
2019-10-08 01:51:19,-18.637908101051362,6df5e659-b234-4909-aa5c-99c5d6f668d3,37.271035499999996,-119.3432825
2019-10-13 01:59:28,-13.133376378796005,6df5e659-b234-4909-aa5c-99c5d6f668d3,37.271035499999996,-119.3432825
2019-10-13 13:59:40,-4.532004304549616,6df5e659-b234-4909-aa5c-99c5d6f668d3,37.271035499999996,-119.3432825
2019-10-20 01:51:19,-17.426366898982767,6df5e659-b234-4909-aa5c-99c5d6f668d3,37.271035499999996,-119.3432825
2019-10-25 01:59:28,-16.974427801073347,6df5e659-b234-4909-aa5c-99c5d6f668d3,37.271035499999996,-119.3432825
2019-10-25 13:59:40,-4.8376826833355455,6df5e659-b234-4909-aa5c-99c5d6f668d3,37.271035499999996,-119.3432825
2019-11-01 01:51:19,-14.553908986299735,6df5e659-b234-4909-aa5c-99c5d6f668d3,37.271035499999996,-119.3432825
2019-11-06 01:59:28,-19.80440145865955,6df5e659-b234-4909-aa5c-99c5d6f668d3,37.271035499999996,-119.3432825
2019-11-06 13:59:40,-8.72765731981184,6df5e659-b234-4909-aa5c-99c5d6f668d3,37.271035499999996,-119.3432825
2019-11-13 01:51:19,-17.65357050163257,6df5e659-b234-4909-aa5c-99c5d6f668d3,37.271035499999996,-119.3432825
2019-11-18 01:59:28,-15.809203542459262,6df5e659-b234-4909-aa5c-99c5d6f668d3,37.271035499999996,-119.3432825
2019-11-18 13:59:40,-8.257363164075974,6df5e659-b234-4909-aa5c-99c5d6f668d3,37.271035499999996,-119.3432825
2019-11-25 01:51:19,-15.964036204876816,6df5e659-b234-4909-aa5c-99c5d6f668d3,37.271035499999996,-119.3432825
2019-11-30 01:59:27,-14.558253259473746,6df5e659-b234-4909-aa5c-99c5d6f668d3,37.271035499999996,-119.3432825
2019-11-30 13:59:39,-6.84153626257009,6df5e659-b234-4909-aa5c-99c5d6f668d3,37.271035499999996,-119.3432825
2019-12-07 01:51:18,-13.610355097545257,6df5e659-b234-4909-aa5c-99c5d6f668d3,37.271035499999996,-119.3432825
2019-12-12 01:59:27,-18.492387525565764,6df5e659-b234-4909-aa5c-99c5d6f668d3,37.271035499999996,-119.3432825
2019-12-12 13:59:39,-8.75841062714038,6df5e659-b234-4909-aa5c-99c5d6f668d3,37.271035499999996,-119.3432825
2019-12-24 13:59:39,-6.758526175864434,6df5e659-b234-4909-aa5c-99c5d6f668d3,37.271035499999996,-119.3432825
2019-12-31 01:51:17,-16.184840814883064,6df5e659-b234-4909-aa5c-99c5d6f668d3,37.271035499999996,-119.3432825
2020-01-05 01:59:26,-15.347617241184558,6df5e659-b234-4909-aa5c-99c5d6f668d3,37.271035499999996,-119.3432825
2020-01-05 13:59:38,-5.550075875795562,6df5e659-b234-4909-aa5c-99c5d6f668d3,37.271035499999996,-119.3432825
2020-01-17 01:59:26,-15.033952495008085,6df5e659-b234-4909-aa5c-99c5d6f668d3,37.271035499999996,-119.3432825
2020-01-17 13:59:37,-9.1544238997847,6df5e659-b234-4909-aa5c-99c5d6f668d3,37.271035499999996,-119.3432825
2020-01-29 01:59:25,-14.864255656445447,6df5e659-b234-4909-aa5c-99c5d6f668d3,37.271035499999996,-119.3432825
2020-01-29 13:59:37,-7.119660901094149,6df5e659-b234-4909-aa5c-99c5d6f668d3,37.271035499999996,-119.3432825
2020-02-05 01:51:16,-17.826790526599904,6df5e659-b234-4909-aa5c-99c5d6f668d3,37.271035499999996,-119.3432825
2020-02-10 01:59:25,-14.341059680467087,6df5e659-b234-4909-aa5c-99c5d6f668d3,37.271035499999996,-119.3432825
2020-02-10 13:59:37,-9.02728562219042,6df5e659-b234-4909-aa5c-99c5d6f668d3,37.271035499999996,-119.3432825
2020-02-17 01:51:16,-17.627016504992298,6df5e659-b234-4909-aa5c-99c5d6f668d3,37.271035499999996,-119.3432825
2020-02-22 01:59:25,-16.380910737565557,6df5e659-b234-4909-aa5c-99c5d6f668d3,37.271035499999996,-119.3432825
2020-02-22 13:59:37,-4.328824241586002,6df5e659-b234-4909-aa5c-99c5d6f668d3,37.271035499999996,-119.3432825
2020-02-29 01:51:16,-17.36540929950076,6df5e659-b234-4909-aa5c-99c5d6f668d3,37.271035499999996,-119.3432825
2020-03-05 01:59:25,-14.974562325954969,6df5e659-b234-4909-aa5c-99c5d6f668d3,37.271035499999996,-119.3432825
2020-03-05 13:59:37,-5.006239680479058,6df5e659-b234-4909-aa5c-99c5d6f668d3,37.271035499999996,-119.3432825
2020-03-12 01:51:16,-16.863831032269797,6df5e659-b234-4909-aa5c-99c5d6f668d3,37.271035499999996,-119.3432825
2020-03-17 01:59:25,-15.13351689534951,6df5e659-b234-4909-aa5c-99c5d6f668d3,37.271035499999996,-119.3432825
2020-03-17 13:59:37,-6.801002137903783,6df5e659-b234-4909-aa5c-99c5d6f668d3,37.271035499999996,-119.3432825
2020-03-24 01:51:16,-9.127225539768828,6df5e659-b234-4909-aa5c-99c5d6f668d3,37.271035499999996,-119.3432825
2020-03-29 01:59:25,-14.09944448751892,6df5e659-b234-4909-aa5c-99c5d6f668d3,37.271035499999996,-119.3432825
2020-03-29 13:59:37,-3.7709005433871514,6df5e659-b234-4909-aa5c-99c5d6f668d3,37.271035499999996,-119.3432825
2020-04-10 01:59:25,-14.672476160535318,6df5e659-b234-4909-aa5c-99c5d6f668d3,37.271035499999996,-119.3432825
2020-04-10 13:59:37,-5.956835324389786,6df5e659-b234-4909-aa5c-99c5d6f668d3,37.271035499999996,-119.3432825
2020-04-17 01:51:17,-14.01200427649659,6df5e659-b234-4909-aa5c-99c5d6f668d3,37.271035499999996,-119.3432825
2020-04-22 01:59:26,-14.721946105943903,6df5e659-b234-4909-aa5c-99c5d6f668d3,37.271035499999996,-119.3432825
2020-04-22 13:59:38,-7.430863918107874,6df5e659-b234-4909-aa5c-99c5d6f668d3,37.271035499999996,-119.3432825
2020-04-29 01:51:17,-13.043749115792465,6df5e659-b234-4909-aa5c-99c5d6f668d3,37.271035499999996,-119.3432825
2020-05-04 01:59:26,-19.954179638443104,6df5e659-b234-4909-aa5c-99c5d6f668d3,37.271035499999996,-119.3432825
2020-05-04 13:59:38,-7.175293953703999,6df5e659-b234-4909-aa5c-99c5d6f668d3,37.271035499999996,-119.3432825
2020-05-11 01:51:18,-14.684985396091905,6df5e659-b234-4909-aa5c-99c5d6f668d3,37.271035499999996,-119.3432825
2020-05-16 01:59:27,-15.425214107192138,6df5e659-b234-4909-aa5c-99c5d6f668d3,37.271035499999996,-119.3432825
2020-05-16 13:59:39,-4.336896455253791,6df5e659-b234-4909-aa5c-99c5d6f668d3,37.271035499999996,-119.3432825
2020-05-23 01:51:19,-15.659296454560266,6df5e659-b234-4909-aa5c-99c5d6f668d3,37.271035499999996,-119.3432825
2020-05-28 01:59:28,-15.748734785168315,6df5e659-b234-4909-aa5c-99c5d6f668d3,37.271035499999996,-119.3432825
2020-05-28 13:59:40,-5.557481236253104,6df5e659-b234-4909-aa5c-99c5d6f668d3,37.271035499999996,-119.3432825
2020-06-04 01:51:19,-16.172338281768397,6df5e659-b234-4909-aa5c-99c5d6f668d3,37.271035499999996,-119.3432825
2020-06-09 01:59:29,-15.165550744947948,6df5e659-b234-4909-aa5c-99c5d6f668d3,37.271035499999996,-119.3432825
2020-06-09 13:59:40,-7.970492216642122,6df5e659-b234-4909-aa5c-99c5d6f668d3,37.271035499999996,-119.3432825
2020-06-16 01:51:20,-14.199959742352195,6df5e659-b234-4909-aa5c-99c5d6f668d3,37.271035499999996,-119.3432825
2020-06-21 01:59:29,-18.10170008770197,6df5e659-b234-4909-aa5c-99c5d6f668d3,37.271035499999996,-119.3432825
2020-06-21 13:59:41,-6.340716037453972,6df5e659-b234-4909-aa5c-99c5d6f668d3,37.271035499999996,-119.3432825
2020-06-28 01:51:21,-17.274908659579083,6df5e659-b234-4909-aa5c-99c5d6f668d3,37.271035499999996,-119.3432825
2020-07-03 01:59:30,-14.06159728018774,6df5e659-b234-4909-aa5c-99c5d6f668d3,37.271035499999996,-119.3432825
2020-07-03 13:59:42,-6.835758196049629,6df5e659-b234-4909-aa5c-99c5d6f668d3,37.271035499999996,-119.3432825
2020-07-10 01:51:21,-16.618220807084057,6df5e659-b234-4909-aa5c-99c5d6f668d3,37.271035499999996,-119.3432825
2020-07-15 01:59:30,-15.6846527302081,6df5e659-b234-4909-aa5c-99c5d6f668d3,37.271035499999996,-119.3432825
2020-07-15 13:59:42,-5.802408825248676,6df5e659-b234-4909-aa5c-99c5d6f668d3,37.271035499999996,-119.3432825
2020-07-22 01:51:22,-13.564266272509865,6df5e659-b234-4909-aa5c-99c5d6f668d3,37.271035499999996,-119.3432825
2020-07-27 01:59:31,-13.742553949640895,6df5e659-b234-4909-aa5c-99c5d6f668d3,37.271035499999996,-119.3432825
2020-07-27 13:59:43,-6.458808248167547,6df5e659-b234-4909-aa5c-99c5d6f668d3,37.271035499999996,-119.3432825
2020-08-03 01:51:23,-10.750375904213048,6df5e659-b234-4909-aa5c-99c5d6f668d3,37.271035499999996,-119.3432825
2020-08-08 01:59:32,-13.94315253308315,6df5e659-b234-4909-aa5c-99c5d6f668d3,37.271035499999996,-119.3432825
2020-08-08 13:59:44,-7.225318649783161,6df5e659-b234-4909-aa5c-99c5d6f668d3,37.271035499999996,-119.3432825
2020-08-15 01:51:23,-14.377146772908473,6df5e659-b234-4909-aa5c-99c5d6f668d3,37.271035499999996,-119.3432825
2020-08-20 01:59:33,-13.354296113213532,6df5e659-b234-4909-aa5c-99c5d6f668d3,37.271035499999996,-119.3432825
2020-08-20 13:59:45,-7.571283264106244,6df5e659-b234-4909-aa5c-99c5d6f668d3,37.271035499999996,-119.3432825
2020-08-27 01:51:24,-14.642922902376718,6df5e659-b234-4909-aa5c-99c5d6f668d3,37.271035499999996,-119.3432825
2020-09-01 01:59:33,-13.508980663648092,6df5e659-b234-4909-aa5c-99c5d6f668d3,37.271035499999996,-119.3432825
2020-09-01 13:59:45,-7.066419579951736,6df5e659-b234-4909-aa5c-99c5d6f668d3,37.271035499999996,-119.3432825
2020-09-08 01:51:25,-18.22315590692073,6df5e659-b234-4909-aa5c-99c5d6f668d3,37.271035499999996,-119.3432825
2020-09-13 01:59:34,-21.873101761806687,6df5e659-b234-4909-aa5c-99c5d6f668d3,37.271035499999996,-119.3432825
2020-09-13 13:59:46,-5.337085953646451,6df5e659-b234-4909-aa5c-99c5d6f668d3,37.271035499999996,-119.3432825
2020-09-20 01:51:25,-17.459397774791782,6df5e659-b234-4909-aa5c-99c5d6f668d3,37.271035499999996,-119.3432825
2020-09-25 01:59:34,-18.679022214129084,6df5e659-b234-4909-aa5c-99c5d6f668d3,37.271035499999996,-119.3432825
2020-09-25 13:59:46,-6.7347019945982725,6df5e659-b234-4909-aa5c-99c5d6f668d3,37.271035499999996,-119.3432825
2020-10-02 01:51:25,-14.90865565346603,6df5e659-b234-4909-aa5c-99c5d6f668d3,37.271035499999996,-119.3432825
2020-10-07 01:59:35,-18.207932507888504,6df5e659-b234-4909-aa5c-99c5d6f668d3,37.271035499999996,-119.3432825
2020-10-07 13:59:46,-5.8821825884251,6df5e659-b234-4909-aa5c-99c5d6f668d3,37.271035499999996,-119.3432825
2020-10-14 01:51:26,-17.42814508489907,6df5e659-b234-4909-aa5c-99c5d6f668d3,37.271035499999996,-119.3432825
2020-10-19 01:59:35,-19.171130922909615,6df5e659-b234-4909-aa5c-99c5d6f668d3,37.271035499999996,-119.3432825
2020-10-19 13:59:46,-5.958354887078893,6df5e659-b234-4909-aa5c-99c5d6f668d3,37.271035499999996,-119.3432825
2020-10-26 01:51:26,-15.649607343012802,6df5e659-b234-4909-aa5c-99c5d6f668d3,37.271035499999996,-119.3432825
2020-10-31 01:59:35,-19.010563909278215,6df5e659-b234-4909-aa5c-99c5d6f668d3,37.271035499999996,-119.3432825
2020-10-31 13:59:46,-5.1887901035912165,6df5e659-b234-4909-aa5c-99c5d6f668d3,37.271035499999996,-119.3432825
2020-11-07 01:51:25,-19.915126421382766,6df5e659-b234-4909-aa5c-99c5d6f668d3,37.271035499999996,-119.3432825
2020-11-12 01:59:34,-18.038380798458068,6df5e659-b234-4909-aa5c-99c5d6f668d3,37.271035499999996,-119.3432825
2020-11-12 13:59:46,-8.064201793505582,6df5e659-b234-4909-aa5c-99c5d6f668d3,37.271035499999996,-119.3432825
2020-11-19 01:51:25,-15.922903174822414,6df5e659-b234-4909-aa5c-99c5d6f668d3,37.271035499999996,-119.3432825
2020-11-24 01:59:34,-19.10769968526903,6df5e659-b234-4909-aa5c-99c5d6f668d3,37.271035499999996,-119.3432825
2020-11-24 13:59:46,-6.838367363422579,6df5e659-b234-4909-aa5c-99c5d6f668d3,37.271035499999996,-119.3432825
2020-12-01 01:51:25,-17.341660753222968,6df5e659-b234-4909-aa5c-99c5d6f668d3,37.271035499999996,-119.3432825
2020-12-06 01:59:34,-19.1575994904538,6df5e659-b234-4909-aa5c-99c5d6f668d3,37.271035499999996,-119.3432825
2020-12-06 13:59:45,-11.500433531790861,6df5e659-b234-4909-aa5c-99c5d6f668d3,37.271035499999996,-119.3432825
2020-12-13 01:51:24,-17.212199115658372,6df5e659-b234-4909-aa5c-99c5d6f668d3,37.271035499999996,-119.3432825
2020-12-18 01:59:33,-17.408724716224704,6df5e659-b234-4909-aa5c-99c5d6f668d3,37.271035499999996,-119.3432825
2020-12-18 13:59:45,-5.97238976791664,6df5e659-b234-4909-aa5c-99c5d6f668d3,37.271035499999996,-119.3432825
2020-12-25 01:51:24,-17.915283063943175,6df5e659-b234-4909-aa5c-99c5d6f668d3,37.271035499999996,-119.3432825
2020-12-30 01:59:32,-17.657029254873663,6df5e659-b234-4909-aa5c-99c5d6f668d3,37.271035499999996,-119.3432825
2020-12-30 13:59:44,-10.567205234741701,6df5e659-b234-4909-aa5c-99c5d6f668d3,37.271035499999996,-119.3432825
2021-01-06 01:51:23,-20.42089104173997,6df5e659-b234-4909-aa5c-99c5d6f668d3,37.271035499999996,-119.3432825
2021-01-11 01:59:32,-23.13479959636559,6df5e659-b234-4909-aa5c-99c5d6f668d3,37.271035499999996,-119.3432825
2021-01-11 13:59:44,-5.98543729071888,6df5e659-b234-4909-aa5c-99c5d6f668d3,37.271035499999996,-119.3432825
2021-01-23 01:59:31,-16.11700584361866,6df5e659-b234-4909-aa5c-99c5d6f668d3,37.271035499999996,-119.3432825
2021-01-23 13:59:43,-6.179642206846778,6df5e659-b234-4909-aa5c-99c5d6f668d3,37.271035499999996,-119.3432825
2021-01-30 01:51:22,-22.450705987556777,6df5e659-b234-4909-aa5c-99c5d6f668d3,37.271035499999996,-119.3432825
2021-02-04 01:59:31,-16.855832386230855,6df5e659-b234-4909-aa5c-99c5d6f668d3,37.271035499999996,-119.3432825
2021-02-04 13:59:43,-5.920239592165144,6df5e659-b234-4909-aa5c-99c5d6f668d3,37.271035499999996,-119.3432825
2021-02-11 01:51:22,-19.542081268366907,6df5e659-b234-4909-aa5c-99c5d6f668d3,37.271035499999996,-119.3432825
2021-02-16 01:59:31,-17.559133093629107,6df5e659-b234-4909-aa5c-99c5d6f668d3,37.271035499999996,-119.3432825
2021-02-16 13:59:43,-7.928578235719158,6df5e659-b234-4909-aa5c-99c5d6f668d3,37.271035499999996,-119.3432825
2021-02-23 01:51:22,-18.5021017966211,6df5e659-b234-4909-aa5c-99c5d6f668d3,37.271035499999996,-119.3432825
2021-02-28 01:59:30,-23.05851849322016,6df5e659-b234-4909-aa5c-99c5d6f668d3,37.271035499999996,-119.3432825
2021-02-28 13:59:42,-7.084871132053765,6df5e659-b234-4909-aa5c-99c5d6f668d3,37.271035499999996,-119.3432825
2021-03-07 01:51:22,-17.74435223511426,6df5e659-b234-4909-aa5c-99c5d6f668d3,37.271035499999996,-119.3432825
2021-03-12 01:59:31,-20.086233014905254,6df5e659-b234-4909-aa5c-99c5d6f668d3,37.271035499999996,-119.3432825
2021-03-12 13:59:42,-6.364379062423833,6df5e659-b234-4909-aa5c-99c5d6f668d3,37.271035499999996,-119.3432825
2021-03-19 01:51:22,-19.977170940771497,6df5e659-b234-4909-aa5c-99c5d6f668d3,37.271035499999996,-119.3432825
2021-03-24 01:59:31,-20.695443678849475,6df5e659-b234-4909-aa5c-99c5d6f668d3,37.271035499999996,-119.3432825
2021-03-24 13:59:43,-8.526738871622932,6df5e659-b234-4909-aa5c-99c5d6f668d3,37.271035499999996,-119.3432825
2021-03-31 01:51:22,-19.85840403921262,6df5e659-b234-4909-aa5c-99c5d6f668d3,37.271035499999996,-119.3432825
2021-04-05 01:59:31,-18.77917826749249,6df5e659-b234-4909-aa5c-99c5d6f668d3,37.271035499999996,-119.3432825
2021-04-05 13:59:43,-7.931462255753298,6df5e659-b234-4909-aa5c-99c5d6f668d3,37.271035499999996,-119.3432825
2021-04-12 01:51:22,-22.28869834936644,6df5e659-b234-4909-aa5c-99c5d6f668d3,37.271035499999996,-119.3432825
2021-04-17 01:59:32,-21.369402221445647,6df5e659-b234-4909-aa5c-99c5d6f668d3,37.271035499999996,-119.3432825
2021-04-17 13:59:43,-8.428410476665105,6df5e659-b234-4909-aa5c-99c5d6f668d3,37.271035499999996,-119.3432825
2021-04-24 01:51:23,-17.612654928985183,6df5e659-b234-4909-aa5c-99c5d6f668d3,37.271035499999996,-119.3432825
2021-04-29 01:59:32,-21.613478623298928,6df5e659-b234-4909-aa5c-99c5d6f668d3,37.271035499999996,-119.3432825
2021-04-29 13:59:44,-7.429137517324392,6df5e659-b234-4909-aa5c-99c5d6f668d3,37.271035499999996,-119.3432825
2021-05-06 01:51:23,-18.937304046044254,6df5e659-b234-4909-aa5c-99c5d6f668d3,37.271035499999996,-119.3432825
2021-05-11 01:59:33,-18.675967758028815,6df5e659-b234-4909-aa5c-99c5d6f668d3,37.271035499999996,-119.3432825
2021-05-11 13:59:45,-7.173971038207972,6df5e659-b234-4909-aa5c-99c5d6f668d3,37.271035499999996,-119.3432825
2021-05-18 01:51:24,-16.6767712457361,6df5e659-b234-4909-aa5c-99c5d6f668d3,37.271035499999996,-119.3432825
2021-05-23 01:59:33,-18.43154192051641,6df5e659-b234-4909-aa5c-99c5d6f668d3,37.271035499999996,-119.3432825
2021-05-23 13:59:45,-6.120205759786965,6df5e659-b234-4909-aa5c-99c5d6f668d3,37.271035499999996,-119.3432825
2021-05-30 01:51:25,-16.75240658423315,6df5e659-b234-4909-aa5c-99c5d6f668d3,37.271035499999996,-119.3432825
2021-06-04 01:59:34,-16.7381440343865,6df5e659-b234-4909-aa5c-99c5d6f668d3,37.271035499999996,-119.3432825
2021-06-04 13:59:46,-6.086705883121054,6df5e659-b234-4909-aa5c-99c5d6f668d3,37.271035499999996,-119.3432825
2021-06-11 01:51:26,-16.256113056666383,6df5e659-b234-4909-aa5c-99c5d6f668d3,37.271035499999996,-119.3432825
2021-06-16 01:59:35,-18.000859369557528,6df5e659-b234-4909-aa5c-99c5d6f668d3,37.271035499999996,-119.3432825
2021-06-16 13:59:47,-6.506541176442028,6df5e659-b234-4909-aa5c-99c5d6f668d3,37.271035499999996,-119.3432825
2021-06-23 01:51:26,-15.644701442282917,6df5e659-b234-4909-aa5c-99c5d6f668d3,37.271035499999996,-119.3432825
2021-06-28 01:59:35,-18.92001601937892,6df5e659-b234-4909-aa5c-99c5d6f668d3,37.271035499999996,-119.3432825
2021-06-28 13:59:47,-6.730346375223974,6df5e659-b234-4909-aa5c-99c5d6f668d3,37.271035499999996,-119.3432825
2021-07-05 01:51:27,-16.167565445081586,6df5e659-b234-4909-aa5c-99c5d6f668d3,37.271035499999996,-119.3432825
2021-07-10 01:59:36,-22.520681791141556,6df5e659-b234-4909-aa5c-99c5d6f668d3,37.271035499999996,-119.3432825
2021-07-10 13:59:48,-11.219979569245272,6df5e659-b234-4909-aa5c-99c5d6f668d3,37.271035499999996,-119.3432825
2021-07-17 01:51:28,-18.03251810149597,6df5e659-b234-4909-aa5c-99c5d6f668d3,37.271035499999996,-119.3432825
2021-07-22 01:59:37,-20.65131885111422,6df5e659-b234-4909-aa5c-99c5d6f668d3,37.271035499999996,-119.3432825
2021-07-22 13:59:49,-9.339361605869342,6df5e659-b234-4909-aa5c-99c5d6f668d3,37.271035499999996,-119.3432825
2021-07-29 01:51:28,-17.959572790973624,6df5e659-b234-4909-aa5c-99c5d6f668d3,37.271035499999996,-119.3432825
2021-08-03 01:59:38,-16.980921137555306,6df5e659-b234-4909-aa5c-99c5d6f668d3,37.271035499999996,-119.3432825
2021-08-03 13:59:50,-7.621839772149513,6df5e659-b234-4909-aa5c-99c5d6f668d3,37.271035499999996,-119.3432825
2021-08-10 01:51:29,-15.958193746392,6df5e659-b234-4909-aa5c-99c5d6f668d3,37.271035499999996,-119.3432825
2021-08-15 01:59:38,-17.774182706394054,6df5e659-b234-4909-aa5c-99c5d6f668d3,37.271035499999996,-119.3432825
2021-08-15 13:59:50,-7.208051027160321,6df5e659-b234-4909-aa5c-99c5d6f668d3,37.271035499999996,-119.3432825
2021-08-22 01:51:30,-13.260753295155476,6df5e659-b234-4909-aa5c-99c5d6f668d3,37.271035499999996,-119.3432825
2021-08-27 01:59:39,-17.31416280466026,6df5e659-b234-4909-aa5c-99c5d6f668d3,37.271035499999996,-119.3432825
2021-08-27 13:59:51,-6.14851044909241,6df5e659-b234-4909-aa5c-99c5d6f668d3,37.271035499999996,-119.3432825
2021-09-03 01:51:30,-17.31818619706945,6df5e659-b234-4909-aa5c-99c5d6f668d3,37.271035499999996,-119.3432825
2021-09-08 01:59:39,-16.445009554192808,6df5e659-b234-4909-aa5c-99c5d6f668d3,37.271035499999996,-119.3432825
2021-09-08 13:59:51,-7.077661285418882,6df5e659-b234-4909-aa5c-99c5d6f668d3,37.271035499999996,-119.3432825
2021-09-15 01:51:31,-14.837017192842971,6df5e659-b234-4909-aa5c-99c5d6f668d3,37.271035499999996,-119.3432825
2021-09-20 01:59:40,-15.105076599783416,6df5e659-b234-4909-aa5c-99c5d6f668d3,37.271035499999996,-119.3432825
2021-09-20 13:59:52,-7.833659293089137,6df5e659-b234-4909-aa5c-99c5d6f668d3,37.271035499999996,-119.3432825
2021-09-27 01:51:31,-17.10156372164155,6df5e659-b234-4909-aa5c-99c5d6f668d3,37.271035499999996,-119.3432825
2021-10-02 01:59:40,-15.648635996118907,6df5e659-b234-4909-aa5c-99c5d6f668d3,37.271035499999996,-119.3432825
2021-10-02 13:59:52,-4.322314115838704,6df5e659-b234-4909-aa5c-99c5d6f668d3,37.271035499999996,-119.3432825
2021-10-09 01:51:31,-25.59676683023964,6df5e659-b234-4909-aa5c-99c5d6f668d3,37.271035499999996,-119.3432825
2021-10-14 01:59:40,-19.246415721179684,6df5e659-b234-4909-aa5c-99c5d6f668d3,37.271035499999996,-119.3432825
2021-10-14 13:59:52,-8.690015975023599,6df5e659-b234-4909-aa5c-99c5d6f668d3,37.271035499999996,-119.3432825
2021-10-21 01:51:31,-16.179099907418884,6df5e659-b234-4909-aa5c-99c5d6f668d3,37.271035499999996,-119.3432825
2021-10-26 01:59:40,-17.52852823369044,6df5e659-b234-4909-aa5c-99c5d6f668d3,37.271035499999996,-119.3432825
2021-10-26 13:59:52,-5.554208710984916,6df5e659-b234-4909-aa5c-99c5d6f668d3,37.271035499999996,-119.3432825
2021-11-02 01:51:31,-17.05334950996221,6df5e659-b234-4909-aa5c-99c5d6f668d3,37.271035499999996,-119.3432825
2021-11-07 01:59:40,-19.863501929882627,6df5e659-b234-4909-aa5c-99c5d6f668d3,37.271035499999996,-119.3432825
2021-11-14 01:51:28,-19.63657922461859,6df5e659-b234-4909-aa5c-99c5d6f668d3,37.271035499999996,-119.3432825
2021-11-19 01:59:37,-16.366912168223532,6df5e659-b234-4909-aa5c-99c5d6f668d3,37.271035499999996,-119.3432825
2021-11-19 13:59:52,-7.027680272173126,6df5e659-b234-4909-aa5c-99c5d6f668d3,37.271035499999996,-119.3432825
2021-11-26 01:51:28,-18.234810877926588,6df5e659-b234-4909-aa5c-99c5d6f668d3,37.271035499999996,-119.3432825
2021-12-01 01:59:37,-17.645305273442478,6df5e659-b234-4909-aa5c-99c5d6f668d3,37.271035499999996,-119.3432825
2021-12-01 13:59:51,-8.456229167961553,6df5e659-b234-4909-aa5c-99c5d6f668d3,37.271035499999996,-119.3432825
2021-12-08 01:51:27,-16.774019088698907,6df5e659-b234-4909-aa5c-99c5d6f668d3,37.271035499999996,-119.3432825
2021-12-13 01:59:36,-19.311967551700736,6df5e659-b234-4909-aa5c-99c5d6f668d3,37.271035499999996,-119.3432825
2021-12-13 13:59:51,-4.00907738520734,6df5e659-b234-4909-aa5c-99c5d6f668d3,37.271035499999996,-119.3432825
2021-12-20 01:51:27,-17.31824988968698,6df5e659-b234-4909-aa5c-99c5d6f668d3,37.271035499999996,-119.3432825
2021-12-25 13:59:50,-6.136380705505537,6df5e659-b234-4909-aa5c-99c5d6f668d3,37.271035499999996,-119.3432825
2014-10-10 01:50:45,-15.033347701035547,6df5e659-b234-4909-aa5c-99c5d6f668d3,37.271035499999996,-119.3432825
2014-10-15 13:59:22,-4.717457738902841,6df5e659-b234-4909-aa5c-99c5d6f668d3,37.271035499999996,-119.3432825
2014-11-03 01:50:24,-13.266061317009974,6df5e659-b234-4909-aa5c-99c5d6f668d3,37.271035499999996,-119.3432825
2014-11-08 13:59:22,-3.2464681480799666,6df5e659-b234-4909-aa5c-99c5d6f668d3,37.271035499999996,-119.3432825
2014-11-27 01:50:46,-15.409344755695518,6df5e659-b234-4909-aa5c-99c5d6f668d3,37.271035499999996,-119.3432825
2014-12-02 13:59:22,-5.75964564170191,6df5e659-b234-4909-aa5c-99c5d6f668d3,37.271035499999996,-119.3432825
2014-12-21 01:50:35,-13.296829504746219,6df5e659-b234-4909-aa5c-99c5d6f668d3,37.271035499999996,-119.3432825
2014-12-26 13:59:21,-7.717358542427992,6df5e659-b234-4909-aa5c-99c5d6f668d3,37.271035499999996,-119.3432825
2015-01-07 01:58:44,-17.868219516043418,6df5e659-b234-4909-aa5c-99c5d6f668d3,37.271035499999996,-119.3432825
2015-01-14 01:50:34,-17.524790071995454,6df5e659-b234-4909-aa5c-99c5d6f668d3,37.271035499999996,-119.3432825
2015-01-31 01:58:51,-15.078082248752123,6df5e659-b234-4909-aa5c-99c5d6f668d3,37.271035499999996,-119.3432825
2015-02-07 01:50:47,-15.731659611644808,6df5e659-b234-4909-aa5c-99c5d6f668d3,37.271035499999996,-119.3432825
2015-02-12 13:59:19,-5.408314843287395,6df5e659-b234-4909-aa5c-99c5d6f668d3,37.271035499999996,-119.3432825
2015-02-24 01:58:45,-17.05916851661973,6df5e659-b234-4909-aa5c-99c5d6f668d3,37.271035499999996,-119.3432825
2015-03-08 13:59:20,-5.211593839671005,6df5e659-b234-4909-aa5c-99c5d6f668d3,37.271035499999996,-119.3432825
2015-03-15 01:50:43,-18.738898660167173,6df5e659-b234-4909-aa5c-99c5d6f668d3,37.271035499999996,-119.3432825
2015-03-20 01:58:56,-15.91233687925892,6df5e659-b234-4909-aa5c-99c5d6f668d3,37.271035499999996,-119.3432825
2015-04-01 13:59:20,-3.889997807431285,6df5e659-b234-4909-aa5c-99c5d6f668d3,37.271035499999996,-119.3432825
2015-04-08 01:50:45,-14.828851755000683,6df5e659-b234-4909-aa5c-99c5d6f668d3,37.271035499999996,-119.3432825
2015-04-13 01:58:50,-16.23088506821597,6df5e659-b234-4909-aa5c-99c5d6f668d3,37.271035499999996,-119.3432825
2015-04-25 13:59:22,-1.5074408712247362,6df5e659-b234-4909-aa5c-99c5d6f668d3,37.271035499999996,-119.3432825
2015-05-02 01:50:47,-16.237586673077136,6df5e659-b234-4909-aa5c-99c5d6f668d3,37.271035499999996,-119.3432825
2015-05-07 01:58:45,-15.89806846990889,6df5e659-b234-4909-aa5c-99c5d6f668d3,37.271035499999996,-119.3432825
2015-05-26 01:50:51,-15.890094118975723,6df5e659-b234-4909-aa5c-99c5d6f668d3,37.271035499999996,-119.3432825
2015-05-31 01:58:38,-14.826575440033412,6df5e659-b234-4909-aa5c-99c5d6f668d3,37.271035499999996,-119.3432825
2015-06-12 13:59:25,-5.2998859443917095,6df5e659-b234-4909-aa5c-99c5d6f668d3,37.271035499999996,-119.3432825
2015-06-19 01:50:52,-13.13002162220306,6df5e659-b234-4909-aa5c-99c5d6f668d3,37.271035499999996,-119.3432825
2015-06-24 01:58:40,-18.5611426567526,6df5e659-b234-4909-aa5c-99c5d6f668d3,37.271035499999996,-119.3432825
2015-07-06 13:59:25,-7.169426637019559,6df5e659-b234-4909-aa5c-99c5d6f668d3,37.271035499999996,-119.3432825
2015-07-13 01:50:53,-15.172043560298043,6df5e659-b234-4909-aa5c-99c5d6f668d3,37.271035499999996,-119.3432825
2015-07-18 01:58:40,-15.228664862901944,6df5e659-b234-4909-aa5c-99c5d6f668d3,37.271035499999996,-119.3432825
2015-07-30 13:59:26,-6.336010611632789,6df5e659-b234-4909-aa5c-99c5d6f668d3,37.271035499999996,-119.3432825
2015-08-06 01:50:54,-20.39413649993215,6df5e659-b234-4909-aa5c-99c5d6f668d3,37.271035499999996,-119.3432825
2015-08-11 01:58:41,-16.92386097121091,6df5e659-b234-4909-aa5c-99c5d6f668d3,37.271035499999996,-119.3432825
2015-08-23 13:59:28,-5.529734042098823,6df5e659-b234-4909-aa5c-99c5d6f668d3,37.271035499999996,-119.3432825
2015-08-30 01:50:56,-15.146611338440614,6df5e659-b234-4909-aa5c-99c5d6f668d3,37.271035499999996,-119.3432825
2015-09-04 01:58:42,-19.39589813388328,6df5e659-b234-4909-aa5c-99c5d6f668d3,37.271035499999996,-119.3432825
2015-09-16 13:59:28,-4.29967518984515,6df5e659-b234-4909-aa5c-99c5d6f668d3,37.271035499999996,-119.3432825
2015-09-28 01:58:43,-16.395769662689027,6df5e659-b234-4909-aa5c-99c5d6f668d3,37.271035499999996,-119.3432825
2015-10-10 13:59:29,-6.803240209732671,6df5e659-b234-4909-aa5c-99c5d6f668d3,37.271035499999996,-119.3432825
2015-10-17 01:50:57,-16.406658135616063,6df5e659-b234-4909-aa5c-99c5d6f668d3,37.271035499999996,-119.3432825
2015-11-03 13:59:29,-2.9180419772906925,6df5e659-b234-4909-aa5c-99c5d6f668d3,37.271035499999996,-119.3432825
2015-11-15 01:59:02,-21.295927463867294,6df5e659-b234-4909-aa5c-99c5d6f668d3,37.271035499999996,-119.3432825
2015-11-15 01:59:02,-21.295927463867294,6df5e659-b234-4909-aa5c-99c5d6f668d3,37.271035499999996,-119.3432825
2015-11-27 13:59:23,-7.610136862735837,6df5e659-b234-4909-aa5c-99c5d6f668d3,37.271035499999996,-119.3432825
2015-12-21 13:59:22,-3.060585075140419,6df5e659-b234-4909-aa5c-99c5d6f668d3,37.271035499999996,-119.3432825
2016-01-14 13:59:21,-7.682623820835174,6df5e659-b234-4909-aa5c-99c5d6f668d3,37.271035499999996,-119.3432825
2016-01-26 01:59:00,-16.37646567420835,6df5e659-b234-4909-aa5c-99c5d6f668d3,37.271035499999996,-119.3432825
2016-02-07 13:59:21,-4.174280596773543,6df5e659-b234-4909-aa5c-99c5d6f668d3,37.271035499999996,-119.3432825
2016-02-14 01:50:48,-19.46317564057446,6df5e659-b234-4909-aa5c-99c5d6f668d3,37.271035499999996,-119.3432825
2016-02-19 01:59:00,-16.380391112807786,6df5e659-b234-4909-aa5c-99c5d6f668d3,37.271035499999996,-119.3432825
2016-03-02 13:59:21,-5.582319145593044,6df5e659-b234-4909-aa5c-99c5d6f668d3,37.271035499999996,-119.3432825
2016-03-26 13:59:21,-4.444163762852684,6df5e659-b234-4909-aa5c-99c5d6f668d3,37.271035499999996,-119.3432825
2016-04-07 01:59:01,-14.722178857406867,6df5e659-b234-4909-aa5c-99c5d6f668d3,37.271035499999996,-119.3432825
2016-04-19 13:59:17,-4.298471149291393,6df5e659-b234-4909-aa5c-99c5d6f668d3,37.271035499999996,-119.3432825
2016-04-26 01:50:50,-14.897746260453077,6df5e659-b234-4909-aa5c-99c5d6f668d3,37.271035499999996,-119.3432825
2016-05-01 01:59:02,-18.83987648438905,6df5e659-b234-4909-aa5c-99c5d6f668d3,37.271035499999996,-119.3432825
2016-05-13 13:59:23,-4.835316494828614,6df5e659-b234-4909-aa5c-99c5d6f668d3,37.271035499999996,-119.3432825
2016-05-20 01:50:51,-13.043614448334417,6df5e659-b234-4909-aa5c-99c5d6f668d3,37.271035499999996,-119.3432825
2016-05-25 01:59:06,-14.551267226469351,6df5e659-b234-4909-aa5c-99c5d6f668d3,37.271035499999996,-119.3432825
2016-06-06 13:59:25,-5.979703244177288,6df5e659-b234-4909-aa5c-99c5d6f668d3,37.271035499999996,-119.3432825
2016-06-13 01:50:53,-15.270800728844227,6df5e659-b234-4909-aa5c-99c5d6f668d3,37.271035499999996,-119.3432825
2016-06-30 13:59:26,-8.581581267567026,6df5e659-b234-4909-aa5c-99c5d6f668d3,37.271035499999996,-119.3432825
2016-07-07 01:50:54,-16.32880861580842,6df5e659-b234-4909-aa5c-99c5d6f668d3,37.271035499999996,-119.3432825
2016-07-24 13:59:27,-5.690594205935283,6df5e659-b234-4909-aa5c-99c5d6f668d3,37.271035499999996,-119.3432825
2016-07-31 01:50:55,-15.581039118374232,6df5e659-b234-4909-aa5c-99c5d6f668d3,37.271035499999996,-119.3432825
2016-08-05 01:59:10,-16.199510777307047,6df5e659-b234-4909-aa5c-99c5d6f668d3,37.271035499999996,-119.3432825
2016-08-17 13:59:29,-7.374979232803064,6df5e659-b234-4909-aa5c-99c5d6f668d3,37.271035499999996,-119.3432825
2016-09-10 13:59:30,-6.0266166129744745,6df5e659-b234-4909-aa5c-99c5d6f668d3,37.271035499999996,-119.3432825
2016-09-22 01:59:12,-18.49191762982106,6df5e659-b234-4909-aa5c-99c5d6f668d3,37.271035499999996,-119.3432825
2016-10-04 13:59:21,-6.300774771118881,6df5e659-b234-4909-aa5c-99c5d6f668d3,37.271035499999996,-119.3432825
2016-10-16 01:58:50,-17.164686439338084,6df5e659-b234-4909-aa5c-99c5d6f668d3,37.271035499999996,-119.3432825
2016-10-28 13:59:21,-4.559205733688122,6df5e659-b234-4909-aa5c-99c5d6f668d3,37.271035499999996,-119.3432825
2016-11-09 01:58:50,-16.330494741296874,6df5e659-b234-4909-aa5c-99c5d6f668d3,37.271035499999996,-119.3432825
2016-11-21 13:59:21,-6.096170711697198,6df5e659-b234-4909-aa5c-99c5d6f668d3,37.271035499999996,-119.3432825
2016-12-03 01:58:49,-16.993344714912382,6df5e659-b234-4909-aa5c-99c5d6f668d3,37.271035499999996,-119.3432825
2016-12-15 13:59:20,-6.395539945068411,6df5e659-b234-4909-aa5c-99c5d6f668d3,37.271035499999996,-119.3432825
2016-12-27 01:58:48,-20.23640158117435,6df5e659-b234-4909-aa5c-99c5d6f668d3,37.271035499999996,-119.3432825
2017-01-08 13:59:18,-0.8583399250336393,6df5e659-b234-4909-aa5c-99c5d6f668d3,37.271035499999996,-119.3432825
2017-01-15 01:50:55,-16.022576692063154,6df5e659-b234-4909-aa5c-99c5d6f668d3,37.271035499999996,-119.3432825
2017-01-20 01:58:46,-15.537715507336587,6df5e659-b234-4909-aa5c-99c5d6f668d3,37.271035499999996,-119.3432825
2017-02-01 13:59:18,-7.227066795887518,6df5e659-b234-4909-aa5c-99c5d6f668d3,37.271035499999996,-119.3432825
2016-10-29 01:50:08,-14.550906549982136,6df5e659-b234-4909-aa5c-99c5d6f668d3,37.271035499999996,-119.3432825
2016-11-03 01:58:25,-16.892523459660683,6df5e659-b234-4909-aa5c-99c5d6f668d3,37.271035499999996,-119.3432825
2016-11-22 01:50:08,-17.913233317223586,6df5e659-b234-4909-aa5c-99c5d6f668d3,37.271035499999996,-119.3432825
2016-11-27 01:58:25,-17.262556859567326,6df5e659-b234-4909-aa5c-99c5d6f668d3,37.271035499999996,-119.3432825
2016-12-16 01:50:15,-14.813591515272703,6df5e659-b234-4909-aa5c-99c5d6f668d3,37.271035499999996,-119.3432825
2016-12-21 01:58:24,-15.682519999542547,6df5e659-b234-4909-aa5c-99c5d6f668d3,37.271035499999996,-119.3432825
2017-01-02 01:58:05,-16.141382487799152,6df5e659-b234-4909-aa5c-99c5d6f668d3,37.271035499999996,-119.3432825
2017-01-09 01:50:13,-14.938235118738154,6df5e659-b234-4909-aa5c-99c5d6f668d3,37.271035499999996,-119.3432825
2017-01-14 01:58:13,-15.007165397274417,6df5e659-b234-4909-aa5c-99c5d6f668d3,37.271035499999996,-119.3432825
2017-01-14 13:58:43,-3.387494548119638,6df5e659-b234-4909-aa5c-99c5d6f668d3,37.271035499999996,-119.3432825
2017-01-21 01:50:12,-16.265771650142774,6df5e659-b234-4909-aa5c-99c5d6f668d3,37.271035499999996,-119.3432825
2017-01-26 01:58:04,-15.068091726479569,6df5e659-b234-4909-aa5c-99c5d6f668d3,37.271035499999996,-119.3432825
2017-01-26 13:58:46,-5.378396119191666,6df5e659-b234-4909-aa5c-99c5d6f668d3,37.271035499999996,-119.3432825
2017-02-02 01:50:12,-19.735837384135728,6df5e659-b234-4909-aa5c-99c5d6f668d3,37.271035499999996,-119.3432825
2017-02-07 01:58:22,-16.623260177046358,6df5e659-b234-4909-aa5c-99c5d6f668d3,37.271035499999996,-119.3432825
2017-02-19 01:58:04,-14.312856737332103,6df5e659-b234-4909-aa5c-99c5d6f668d3,37.271035499999996,-119.3432825
2017-02-26 01:50:06,-16.438438310130064,6df5e659-b234-4909-aa5c-99c5d6f668d3,37.271035499999996,-119.3432825
2017-03-03 01:58:20,-14.749161134773843,6df5e659-b234-4909-aa5c-99c5d6f668d3,37.271035499999996,-119.3432825
2017-03-10 01:50:07,-13.745480679686237,6df5e659-b234-4909-aa5c-99c5d6f668d3,37.271035499999996,-119.3432825
2017-03-15 01:58:21,-19.71374657982199,6df5e659-b234-4909-aa5c-99c5d6f668d3,37.271035499999996,-119.3432825
2017-03-27 01:58:21,-13.714338968457172,6df5e659-b234-4909-aa5c-99c5d6f668d3,37.271035499999996,-119.3432825
2017-04-03 01:50:07,-13.914324262760138,6df5e659-b234-4909-aa5c-99c5d6f668d3,37.271035499999996,-119.3432825
2017-04-08 01:58:21,-12.130699323491108,6df5e659-b234-4909-aa5c-99c5d6f668d3,37.271035499999996,-119.3432825
2017-04-15 01:50:08,-19.264770880423338,6df5e659-b234-4909-aa5c-99c5d6f668d3,37.271035499999996,-119.3432825
2017-04-20 01:58:22,-15.224790277447418,6df5e659-b234-4909-aa5c-99c5d6f668d3,37.271035499999996,-119.3432825
2017-04-27 01:50:08,-12.690628671516242,6df5e659-b234-4909-aa5c-99c5d6f668d3,37.271035499999996,-119.3432825
2017-05-02 01:58:23,-16.82266588893673,6df5e659-b234-4909-aa5c-99c5d6f668d3,37.271035499999996,-119.3432825
2017-05-09 01:50:09,-16.52960013440156,6df5e659-b234-4909-aa5c-99c5d6f668d3,37.271035499999996,-119.3432825
2017-05-14 01:58:23,-14.029269990587638,6df5e659-b234-4909-aa5c-99c5d6f668d3,37.271035499999996,-119.3432825
2017-05-21 01:50:09,-14.710803435593975,6df5e659-b234-4909-aa5c-99c5d6f668d3,37.271035499999996,-119.3432825
2017-05-26 01:58:24,-17.854997384366154,6df5e659-b234-4909-aa5c-99c5d6f668d3,37.271035499999996,-119.3432825
2017-06-02 01:50:10,-15.759120667418172,6df5e659-b234-4909-aa5c-99c5d6f668d3,37.271035499999996,-119.3432825
2017-06-07 01:58:08,-20.287399407064786,6df5e659-b234-4909-aa5c-99c5d6f668d3,37.271035499999996,-119.3432825
2017-06-14 01:50:11,-17.902170591844026,6df5e659-b234-4909-aa5c-99c5d6f668d3,37.271035499999996,-119.3432825
2017-06-26 01:50:12,-15.392443562010572,6df5e659-b234-4909-aa5c-99c5d6f668d3,37.271035499999996,-119.3432825
2017-07-01 01:58:09,-16.843554177317166,6df5e659-b234-4909-aa5c-99c5d6f668d3,37.271035499999996,-119.3432825
2017-07-08 01:50:12,-17.065266133443252,6df5e659-b234-4909-aa5c-99c5d6f668d3,37.271035499999996,-119.3432825
2017-07-13 01:58:10,-15.084843294888792,6df5e659-b234-4909-aa5c-99c5d6f668d3,37.271035499999996,-119.3432825
2017-07-20 01:50:13,-16.912471748940696,6df5e659-b234-4909-aa5c-99c5d6f668d3,37.271035499999996,-119.3432825
2017-08-01 01:50:14,-16.992950449978867,6df5e659-b234-4909-aa5c-99c5d6f668d3,37.271035499999996,-119.3432825
2017-08-06 01:58:11,-12.801137273996169,6df5e659-b234-4909-aa5c-99c5d6f668d3,37.271035499999996,-119.3432825
2017-08-13 01:50:14,-16.375327216005,6df5e659-b234-4909-aa5c-99c5d6f668d3,37.271035499999996,-119.3432825
2017-08-18 01:58:12,-18.121250960308583,6df5e659-b234-4909-aa5c-99c5d6f668d3,37.271035499999996,-119.3432825
2017-08-25 01:50:15,-14.781307924153996,6df5e659-b234-4909-aa5c-99c5d6f668d3,37.271035499999996,-119.3432825
2017-08-30 01:58:12,-13.548475876696536,6df5e659-b234-4909-aa5c-99c5d6f668d3,37.271035499999996,-119.3432825
2017-09-06 01:50:15,-19.555279024121788,6df5e659-b234-4909-aa5c-99c5d6f668d3,37.271035499999996,-119.3432825
2017-09-11 01:58:13,-17.092959305556896,6df5e659-b234-4909-aa5c-99c5d6f668d3,37.271035499999996,-119.3432825
2017-09-18 01:50:16,-17.618017115012602,6df5e659-b234-4909-aa5c-99c5d6f668d3,37.271035499999996,-119.3432825
2017-09-23 01:58:13,-14.157356659460874,6df5e659-b234-4909-aa5c-99c5d6f668d3,37.271035499999996,-119.3432825
2017-09-30 01:50:16,-14.834581610430824,6df5e659-b234-4909-aa5c-99c5d6f668d3,37.271035499999996,-119.3432825
2017-10-05 01:58:14,-18.6350324673673,6df5e659-b234-4909-aa5c-99c5d6f668d3,37.271035499999996,-119.3432825
2017-10-12 01:50:16,-15.826756216022137,6df5e659-b234-4909-aa5c-99c5d6f668d3,37.271035499999996,-119.3432825
2017-10-17 01:58:20,-15.54651062054388,6df5e659-b234-4909-aa5c-99c5d6f668d3,37.271035499999996,-119.3432825
2017-10-24 01:50:16,-18.096980318381107,6df5e659-b234-4909-aa5c-99c5d6f668d3,37.271035499999996,-119.3432825
2017-10-29 01:58:14,-17.99589600992395,6df5e659-b234-4909-aa5c-99c5d6f668d3,37.271035499999996,-119.3432825
2017-11-05 01:50:16,-13.467369942643794,6df5e659-b234-4909-aa5c-99c5d6f668d3,37.271035499999996,-119.3432825
2017-11-10 01:58:13,-17.148065239821754,6df5e659-b234-4909-aa5c-99c5d6f668d3,37.271035499999996,-119.3432825
2017-11-17 01:50:16,-12.638134965139223,6df5e659-b234-4909-aa5c-99c5d6f668d3,37.271035499999996,-119.3432825
2017-11-22 01:58:13,-15.645207423346271,6df5e659-b234-4909-aa5c-99c5d6f668d3,37.271035499999996,-119.3432825
2017-11-29 01:50:16,-17.55878705379964,6df5e659-b234-4909-aa5c-99c5d6f668d3,37.271035499999996,-119.3432825
2017-12-04 01:58:13,-15.672503032919408,6df5e659-b234-4909-aa5c-99c5d6f668d3,37.271035499999996,-119.3432825
2017-12-11 01:50:15,-14.153667728054097,6df5e659-b234-4909-aa5c-99c5d6f668d3,37.271035499999996,-119.3432825
2017-12-16 01:58:13,-16.06354566194456,6df5e659-b234-4909-aa5c-99c5d6f668d3,37.271035499999996,-119.3432825
2017-12-23 01:50:15,-20.18803221320554,6df5e659-b234-4909-aa5c-99c5d6f668d3,37.271035499999996,-119.3432825
2017-12-28 01:58:12,-19.757763862110664,6df5e659-b234-4909-aa5c-99c5d6f668d3,37.271035499999996,-119.3432825
2018-01-04 01:50:14,-14.800480427936547,6df5e659-b234-4909-aa5c-99c5d6f668d3,37.271035499999996,-119.3432825
2018-01-09 01:58:12,-13.102800780554277,6df5e659-b234-4909-aa5c-99c5d6f668d3,37.271035499999996,-119.3432825
2018-01-16 01:50:14,-19.697185325145917,6df5e659-b234-4909-aa5c-99c5d6f668d3,37.271035499999996,-119.3432825
2018-01-21 01:58:11,-17.227851684093896,6df5e659-b234-4909-aa5c-99c5d6f668d3,37.271035499999996,-119.3432825
2018-01-28 01:50:14,-18.614991746501108,6df5e659-b234-4909-aa5c-99c5d6f668d3,37.271035499999996,-119.3432825
2018-02-09 01:50:13,-15.663121776577682,6df5e659-b234-4909-aa5c-99c5d6f668d3,37.271035499999996,-119.3432825
2018-02-21 01:50:13,-15.909910679812825,6df5e659-b234-4909-aa5c-99c5d6f668d3,37.271035499999996,-119.3432825
2018-02-26 01:58:10,-17.41199501176499,6df5e659-b234-4909-aa5c-99c5d6f668d3,37.271035499999996,-119.3432825
2018-03-05 01:50:13,-15.867787511097331,6df5e659-b234-4909-aa5c-99c5d6f668d3,37.271035499999996,-119.3432825
2018-03-10 01:58:11,-16.35069917393085,6df5e659-b234-4909-aa5c-99c5d6f668d3,37.271035499999996,-119.3432825
2018-03-17 01:50:13,-11.690636725228687,6df5e659-b234-4909-aa5c-99c5d6f668d3,37.271035499999996,-119.3432825
2018-03-22 01:58:11,-10.08622654589307,6df5e659-b234-4909-aa5c-99c5d6f668d3,37.271035499999996,-119.3432825
2018-04-03 01:58:11,-17.43800070134351,6df5e659-b234-4909-aa5c-99c5d6f668d3,37.271035499999996,-119.3432825
2018-04-10 01:50:14,-16.008772168036216,6df5e659-b234-4909-aa5c-99c5d6f668d3,37.271035499999996,-119.3432825
2018-04-22 01:50:14,-14.250224496791722,6df5e659-b234-4909-aa5c-99c5d6f668d3,37.271035499999996,-119.3432825
2018-04-27 01:58:12,-22.915567178051962,6df5e659-b234-4909-aa5c-99c5d6f668d3,37.271035499999996,-119.3432825
2018-05-04 01:50:15,-17.24855730116727,6df5e659-b234-4909-aa5c-99c5d6f668d3,37.271035499999996,-119.3432825
2018-05-16 01:50:15,-16.64821088338519,6df5e659-b234-4909-aa5c-99c5d6f668d3,37.271035499999996,-119.3432825
2018-05-21 01:58:13,-21.741300587229535,6df5e659-b234-4909-aa5c-99c5d6f668d3,37.271035499999996,-119.3432825
2018-05-28 01:50:16,-18.273213827925336,6df5e659-b234-4909-aa5c-99c5d6f668d3,37.271035499999996,-119.3432825
2018-06-02 01:58:14,-19.909247826185467,6df5e659-b234-4909-aa5c-99c5d6f668d3,37.271035499999996,-119.3432825
2018-06-09 01:50:17,-16.138614265718445,6df5e659-b234-4909-aa5c-99c5d6f668d3,37.271035499999996,-119.3432825
2018-06-21 01:50:18,-21.117474567570113,6df5e659-b234-4909-aa5c-99c5d6f668d3,37.271035499999996,-119.3432825
2018-07-03 01:50:19,-16.117154392296197,6df5e659-b234-4909-aa5c-99c5d6f668d3,37.271035499999996,-119.3432825
2018-07-08 01:58:16,-14.399006569749771,6df5e659-b234-4909-aa5c-99c5d6f668d3,37.271035499999996,-119.3432825
2018-07-15 01:50:19,-18.390102877809447,6df5e659-b234-4909-aa5c-99c5d6f668d3,37.271035499999996,-119.3432825
2018-07-20 01:58:17,-17.585727289062746,6df5e659-b234-4909-aa5c-99c5d6f668d3,37.271035499999996,-119.3432825
2018-07-27 01:50:20,-18.544518542297574,6df5e659-b234-4909-aa5c-99c5d6f668d3,37.271035499999996,-119.3432825
2018-08-01 01:58:18,-16.369934306957497,6df5e659-b234-4909-aa5c-99c5d6f668d3,37.271035499999996,-119.3432825
2018-08-13 01:58:18,-14.813471437212174,6df5e659-b234-4909-aa5c-99c5d6f668d3,37.271035499999996,-119.3432825
2018-08-25 01:58:19,-14.0909998192189,6df5e659-b234-4909-aa5c-99c5d6f668d3,37.271035499999996,-119.3432825
2018-09-06 01:58:20,-16.47327773556427,6df5e659-b234-4909-aa5c-99c5d6f668d3,37.271035499999996,-119.3432825
2018-09-18 01:58:20,-15.408439170803188,6df5e659-b234-4909-aa5c-99c5d6f668d3,37.271035499999996,-119.3432825
2018-09-25 01:50:23,-17.97936116941427,6df5e659-b234-4909-aa5c-99c5d6f668d3,37.271035499999996,-119.3432825
2018-09-30 01:58:20,-19.13813337900401,6df5e659-b234-4909-aa5c-99c5d6f668d3,37.271035499999996,-119.3432825
2018-10-12 01:58:21,-18.141798763619384,6df5e659-b234-4909-aa5c-99c5d6f668d3,37.271035499999996,-119.3432825
2018-10-24 01:58:21,-15.7604961554981,6df5e659-b234-4909-aa5c-99c5d6f668d3,37.271035499999996,-119.3432825
2018-11-05 01:58:20,-16.641164575532045,6df5e659-b234-4909-aa5c-99c5d6f668d3,37.271035499999996,-119.3432825
2018-11-17 01:58:20,-17.054493556148746,6df5e659-b234-4909-aa5c-99c5d6f668d3,37.271035499999996,-119.3432825
2018-11-17 13:58:51,-7.409300310905809,6df5e659-b234-4909-aa5c-99c5d6f668d3,37.271035499999996,-119.3432825
2018-11-29 01:58:20,-12.597136537593785,6df5e659-b234-4909-aa5c-99c5d6f668d3,37.271035499999996,-119.3432825
2018-12-11 01:58:19,-15.290559973753037,6df5e659-b234-4909-aa5c-99c5d6f668d3,37.271035499999996,-119.3432825
2018-12-23 01:58:19,-16.443558185592234,6df5e659-b234-4909-aa5c-99c5d6f668d3,37.271035499999996,-119.3432825
2018-12-30 01:50:21,-18.83476530198699,6df5e659-b234-4909-aa5c-99c5d6f668d3,37.271035499999996,-119.3432825
2019-01-04 01:58:18,-14.198527610809968,6df5e659-b234-4909-aa5c-99c5d6f668d3,37.271035499999996,-119.3432825
2019-01-11 01:50:21,-14.982112641391161,6df5e659-b234-4909-aa5c-99c5d6f668d3,37.271035499999996,-119.3432825
2019-01-16 01:58:18,-16.502171680139174,6df5e659-b234-4909-aa5c-99c5d6f668d3,37.271035499999996,-119.3432825
2019-01-23 01:50:20,-14.222183691447041,6df5e659-b234-4909-aa5c-99c5d6f668d3,37.271035499999996,-119.3432825
2019-01-28 01:58:18,-16.73690501125704,6df5e659-b234-4909-aa5c-99c5d6f668d3,37.271035499999996,-119.3432825
2019-02-09 01:58:17,-13.591785513996069,6df5e659-b234-4909-aa5c-99c5d6f668d3,37.271035499999996,-119.3432825
2019-02-21 01:58:17,-14.118567366135027,6df5e659-b234-4909-aa5c-99c5d6f668d3,37.271035499999996,-119.3432825
2019-03-05 01:58:17,-14.618065278878928,6df5e659-b234-4909-aa5c-99c5d6f668d3,37.271035499999996,-119.3432825
2019-03-12 01:50:20,-13.509729123626055,6df5e659-b234-4909-aa5c-99c5d6f668d3,37.271035499999996,-119.3432825
2019-03-17 01:58:17,-15.91963212080331,6df5e659-b234-4909-aa5c-99c5d6f668d3,37.271035499999996,-119.3432825
2019-03-24 01:50:20,-13.16962225330938,6df5e659-b234-4909-aa5c-99c5d6f668d3,37.271035499999996,-119.3432825
2019-03-29 01:58:17,-18.73507238245966,6df5e659-b234-4909-aa5c-99c5d6f668d3,37.271035499999996,-119.3432825
2019-04-05 01:50:20,-17.806765938312417,6df5e659-b234-4909-aa5c-99c5d6f668d3,37.271035499999996,-119.3432825
2019-04-10 01:58:18,-16.36670226361152,6df5e659-b234-4909-aa5c-99c5d6f668d3,37.271035499999996,-119.3432825
2019-04-17 01:50:21,-17.350542950797227,6df5e659-b234-4909-aa5c-99c5d6f668d3,37.271035499999996,-119.3432825
2019-04-22 01:58:18,-20.813345705575234,6df5e659-b234-4909-aa5c-99c5d6f668d3,37.271035499999996,-119.3432825
2019-04-29 01:50:21,-15.371258400160242,6df5e659-b234-4909-aa5c-99c5d6f668d3,37.271035499999996,-119.3432825
2019-05-04 01:58:19,-17.41072566717441,6df5e659-b234-4909-aa5c-99c5d6f668d3,37.271035499999996,-119.3432825
2019-05-11 01:50:22,-16.327907625291317,6df5e659-b234-4909-aa5c-99c5d6f668d3,37.271035499999996,-119.3432825
2019-05-16 01:58:19,-13.04933284889704,6df5e659-b234-4909-aa5c-99c5d6f668d3,37.271035499999996,-119.3432825
2019-05-23 01:50:22,-18.9548551166924,6df5e659-b234-4909-aa5c-99c5d6f668d3,37.271035499999996,-119.3432825
2019-05-28 01:58:20,-17.69650494000877,6df5e659-b234-4909-aa5c-99c5d6f668d3,37.271035499999996,-119.3432825
2019-06-09 01:58:21,-18.156759951490116,6df5e659-b234-4909-aa5c-99c5d6f668d3,37.271035499999996,-119.3432825
2019-06-16 01:50:24,-13.762036028002608,6df5e659-b234-4909-aa5c-99c5d6f668d3,37.271035499999996,-119.3432825
2019-06-21 01:58:21,-18.66911051898367,6df5e659-b234-4909-aa5c-99c5d6f668d3,37.271035499999996,-119.3432825
2019-06-28 01:50:24,-21.60163464524218,6df5e659-b234-4909-aa5c-99c5d6f668d3,37.271035499999996,-119.3432825
2019-07-03 01:58:22,-13.978133978259923,6df5e659-b234-4909-aa5c-99c5d6f668d3,37.271035499999996,-119.3432825
2019-07-10 01:50:25,-17.176874096190346,6df5e659-b234-4909-aa5c-99c5d6f668d3,37.271035499999996,-119.3432825
2019-07-15 01:58:23,-15.91393745610176,6df5e659-b234-4909-aa5c-99c5d6f668d3,37.271035499999996,-119.3432825
2019-07-22 01:50:26,-17.384071725450568,6df5e659-b234-4909-aa5c-99c5d6f668d3,37.271035499999996,-119.3432825
2019-07-27 01:58:23,-15.662191200102855,6df5e659-b234-4909-aa5c-99c5d6f668d3,37.271035499999996,-119.3432825
2019-08-03 01:50:26,-16.760252889384784,6df5e659-b234-4909-aa5c-99c5d6f668d3,37.271035499999996,-119.3432825
2019-08-08 01:58:24,-14.6457982400283,6df5e659-b234-4909-aa5c-99c5d6f668d3,37.271035499999996,-119.3432825
2019-08-15 01:50:27,-17.912472364293478,6df5e659-b234-4909-aa5c-99c5d6f668d3,37.271035499999996,-119.3432825
2019-08-20 01:58:25,-16.98200023201595,6df5e659-b234-4909-aa5c-99c5d6f668d3,37.271035499999996,-119.3432825
2019-08-20 13:59:04,-7.124055278864523,6df5e659-b234-4909-aa5c-99c5d6f668d3,37.271035499999996,-119.3432825
2019-08-27 01:50:28,-16.34111572523413,6df5e659-b234-4909-aa5c-99c5d6f668d3,37.271035499999996,-119.3432825
2019-09-01 01:58:25,-16.201229738584594,6df5e659-b234-4909-aa5c-99c5d6f668d3,37.271035499999996,-119.3432825
2019-09-01 13:59:04,-5.480813309100253,6df5e659-b234-4909-aa5c-99c5d6f668d3,37.271035499999996,-119.3432825
2019-09-08 01:50:29,-14.28968970095443,6df5e659-b234-4909-aa5c-99c5d6f668d3,37.271035499999996,-119.3432825
2019-09-13 01:58:26,-19.438075184379432,6df5e659-b234-4909-aa5c-99c5d6f668d3,37.271035499999996,-119.3432825
2019-09-13 13:59:05,-6.872826442908529,6df5e659-b234-4909-aa5c-99c5d6f668d3,37.271035499999996,-119.3432825
2019-09-25 01:58:27,-14.932197627959281,6df5e659-b234-4909-aa5c-99c5d6f668d3,37.271035499999996,-119.3432825
2019-09-25 13:59:05,-5.8263780230726026,6df5e659-b234-4909-aa5c-99c5d6f668d3,37.271035499999996,-119.3432825
2019-10-02 01:50:29,-15.402090516230787,6df5e659-b234-4909-aa5c-99c5d6f668d3,37.271035499999996,-119.3432825
2019-10-07 01:58:27,-15.121181849880752,6df5e659-b234-4909-aa5c-99c5d6f668d3,37.271035499999996,-119.3432825
2019-10-07 13:59:05,-4.979769613334607,6df5e659-b234-4909-aa5c-99c5d6f668d3,37.271035499999996,-119.3432825
2019-10-14 01:50:29,-14.864451034593655,6df5e659-b234-4909-aa5c-99c5d6f668d3,37.271035499999996,-119.3432825
2019-10-19 01:58:27,-18.140219127199483,6df5e659-b234-4909-aa5c-99c5d6f668d3,37.271035499999996,-119.3432825
2019-10-19 13:59:06,-8.334844174412709,6df5e659-b234-4909-aa5c-99c5d6f668d3,37.271035499999996,-119.3432825
2019-10-26 01:50:29,-16.027990753491892,6df5e659-b234-4909-aa5c-99c5d6f668d3,37.271035499999996,-119.3432825
2019-10-31 01:58:27,-17.076061448280498,6df5e659-b234-4909-aa5c-99c5d6f668d3,37.271035499999996,-119.3432825
2019-10-31 13:59:05,-8.384111783874653,6df5e659-b234-4909-aa5c-99c5d6f668d3,37.271035499999996,-119.3432825
2019-11-07 01:50:29,-16.78734646723805,6df5e659-b234-4909-aa5c-99c5d6f668d3,37.271035499999996,-119.3432825
2019-11-12 01:58:27,-14.385623089442367,6df5e659-b234-4909-aa5c-99c5d6f668d3,37.271035499999996,-119.3432825
2019-11-12 13:59:05,-7.4032216813327985,6df5e659-b234-4909-aa5c-99c5d6f668d3,37.271035499999996,-119.3432825
2019-11-19 01:50:29,-14.332459219934341,6df5e659-b234-4909-aa5c-99c5d6f668d3,37.271035499999996,-119.3432825
2019-11-24 01:58:27,-15.918921183083107,6df5e659-b234-4909-aa5c-99c5d6f668d3,37.271035499999996,-119.3432825
2019-11-24 13:59:05,-7.056169740037319,6df5e659-b234-4909-aa5c-99c5d6f668d3,37.271035499999996,-119.3432825
2019-12-01 01:50:29,-14.165265686938117,6df5e659-b234-4909-aa5c-99c5d6f668d3,37.271035499999996,-119.3432825
2019-12-06 01:58:26,-13.547810429384873,6df5e659-b234-4909-aa5c-99c5d6f668d3,37.271035499999996,-119.3432825
2019-12-06 13:59:05,-6.881355732139892,6df5e659-b234-4909-aa5c-99c5d6f668d3,37.271035499999996,-119.3432825
2019-12-13 01:50:28,-13.687814503050799,6df5e659-b234-4909-aa5c-99c5d6f668d3,37.271035499999996,-119.3432825
2019-12-18 01:58:26,-18.111287786031447,6df5e659-b234-4909-aa5c-99c5d6f668d3,37.271035499999996,-119.3432825
2019-12-18 13:59:04,-5.687568927173259,6df5e659-b234-4909-aa5c-99c5d6f668d3,37.271035499999996,-119.3432825
2019-12-25 01:50:28,-11.259750051299148,6df5e659-b234-4909-aa5c-99c5d6f668d3,37.271035499999996,-119.3432825
2019-12-30 01:58:25,-16.673417383609962,6df5e659-b234-4909-aa5c-99c5d6f668d3,37.271035499999996,-119.3432825
2019-12-30 13:59:04,-9.461449924913655,6df5e659-b234-4909-aa5c-99c5d6f668d3,37.271035499999996,-119.3432825
2020-01-06 01:50:27,-13.003184494196072,6df5e659-b234-4909-aa5c-99c5d6f668d3,37.271035499999996,-119.3432825
2020-01-11 01:58:25,-18.24321663029703,6df5e659-b234-4909-aa5c-99c5d6f668d3,37.271035499999996,-119.3432825
2020-01-11 13:59:03,-6.351239788881411,6df5e659-b234-4909-aa5c-99c5d6f668d3,37.271035499999996,-119.3432825
2020-01-18 01:50:27,-14.983462552430524,6df5e659-b234-4909-aa5c-99c5d6f668d3,37.271035499999996,-119.3432825
2020-01-23 01:58:24,-9.538625758247619,6df5e659-b234-4909-aa5c-99c5d6f668d3,37.271035499999996,-119.3432825
2020-01-23 13:59:03,-10.559713808577765,6df5e659-b234-4909-aa5c-99c5d6f668d3,37.271035499999996,-119.3432825
2020-01-30 01:50:26,-14.269142794331017,6df5e659-b234-4909-aa5c-99c5d6f668d3,37.271035499999996,-119.3432825
2020-02-04 01:58:24,-21.532430721388366,6df5e659-b234-4909-aa5c-99c5d6f668d3,37.271035499999996,-119.3432825
2020-02-04 13:59:02,-7.309459356220642,6df5e659-b234-4909-aa5c-99c5d6f668d3,37.271035499999996,-119.3432825
2020-02-11 01:50:26,-13.914168072079862,6df5e659-b234-4909-aa5c-99c5d6f668d3,37.271035499999996,-119.3432825
2020-02-16 01:58:23,-15.717044880031391,6df5e659-b234-4909-aa5c-99c5d6f668d3,37.271035499999996,-119.3432825
2020-02-16 13:59:02,-6.095828037299636,6df5e659-b234-4909-aa5c-99c5d6f668d3,37.271035499999996,-119.3432825
2020-02-23 01:50:26,-11.659283960429631,6df5e659-b234-4909-aa5c-99c5d6f668d3,37.271035499999996,-119.3432825
2020-02-28 01:58:23,-15.12490199554085,6df5e659-b234-4909-aa5c-99c5d6f668d3,37.271035499999996,-119.3432825
2020-02-28 13:59:02,-6.959263068291696,6df5e659-b234-4909-aa5c-99c5d6f668d3,37.271035499999996,-119.3432825
2020-03-06 01:50:26,-15.742998363755394,6df5e659-b234-4909-aa5c-99c5d6f668d3,37.271035499999996,-119.3432825
2020-03-11 01:58:23,-11.690506354560405,6df5e659-b234-4909-aa5c-99c5d6f668d3,37.271035499999996,-119.3432825
2020-03-11 13:59:02,-6.243663112494744,6df5e659-b234-4909-aa5c-99c5d6f668d3,37.271035499999996,-119.3432825
2020-03-18 01:50:26,-15.854913144525431,6df5e659-b234-4909-aa5c-99c5d6f668d3,37.271035499999996,-119.3432825
2020-03-23 01:58:24,-15.65224622564347,6df5e659-b234-4909-aa5c-99c5d6f668d3,37.271035499999996,-119.3432825
2020-03-23 13:59:02,-5.591982844426696,6df5e659-b234-4909-aa5c-99c5d6f668d3,37.271035499999996,-119.3432825
2020-04-04 01:58:24,-14.329280081146372,6df5e659-b234-4909-aa5c-99c5d6f668d3,37.271035499999996,-119.3432825
2020-04-04 13:59:02,-6.676503368289037,6df5e659-b234-4909-aa5c-99c5d6f668d3,37.271035499999996,-119.3432825
2020-04-11 01:50:27,-13.196289068403118,6df5e659-b234-4909-aa5c-99c5d6f668d3,37.271035499999996,-119.3432825
2020-04-16 01:58:24,-14.977930530779023,6df5e659-b234-4909-aa5c-99c5d6f668d3,37.271035499999996,-119.3432825
2020-04-16 13:59:03,-6.044702310557348,6df5e659-b234-4909-aa5c-99c5d6f668d3,37.271035499999996,-119.3432825
2020-04-23 01:50:27,-13.399871043430945,6df5e659-b234-4909-aa5c-99c5d6f668d3,37.271035499999996,-119.3432825
2020-04-28 01:58:25,-16.46397636656599,6df5e659-b234-4909-aa5c-99c5d6f668d3,37.271035499999996,-119.3432825
2020-04-28 13:59:03,-7.522119575459189,6df5e659-b234-4909-aa5c-99c5d6f668d3,37.271035499999996,-119.3432825
2020-05-05 01:50:28,-14.065294386988809,6df5e659-b234-4909-aa5c-99c5d6f668d3,37.271035499999996,-119.3432825
2020-05-10 01:58:25,-15.063260155771992,6df5e659-b234-4909-aa5c-99c5d6f668d3,37.271035499999996,-119.3432825
2020-05-10 13:59:04,-4.744052411735144,6df5e659-b234-4909-aa5c-99c5d6f668d3,37.271035499999996,-119.3432825
2020-05-17 01:50:28,-15.84840845215032,6df5e659-b234-4909-aa5c-99c5d6f668d3,37.271035499999996,-119.3432825
2020-05-22 01:58:26,-15.907426103326763,6df5e659-b234-4909-aa5c-99c5d6f668d3,37.271035499999996,-119.3432825
2020-05-22 13:59:05,-4.85328980496358,6df5e659-b234-4909-aa5c-99c5d6f668d3,37.271035499999996,-119.3432825
2020-05-29 01:50:29,-11.388176503661075,6df5e659-b234-4909-aa5c-99c5d6f668d3,37.271035499999996,-119.3432825
2020-06-03 01:58:27,-17.085573357628483,6df5e659-b234-4909-aa5c-99c5d6f668d3,37.271035499999996,-119.3432825
2020-06-03 13:59:06,-5.762342992944526,6df5e659-b234-4909-aa5c-99c5d6f668d3,37.271035499999996,-119.3432825
2020-06-10 01:50:30,-14.910947184646322,6df5e659-b234-4909-aa5c-99c5d6f668d3,37.271035499999996,-119.3432825
2020-06-15 01:58:28,-14.749779295520069,6df5e659-b234-4909-aa5c-99c5d6f668d3,37.271035499999996,-119.3432825
2020-06-15 13:59:06,-6.531159536700525,6df5e659-b234-4909-aa5c-99c5d6f668d3,37.271035499999996,-119.3432825
2020-06-22 01:50:30,-11.760459059716142,6df5e659-b234-4909-aa5c-99c5d6f668d3,37.271035499999996,-119.3432825
2020-06-27 01:58:28,-12.103583090617004,6df5e659-b234-4909-aa5c-99c5d6f668d3,37.271035499999996,-119.3432825
2020-06-27 13:59:07,-5.636481296415638,6df5e659-b234-4909-aa5c-99c5d6f668d3,37.271035499999996,-119.3432825
2020-07-04 01:50:31,-12.027787294789436,6df5e659-b234-4909-aa5c-99c5d6f668d3,37.271035499999996,-119.3432825
2020-07-09 01:58:29,-15.342681891978643,6df5e659-b234-4909-aa5c-99c5d6f668d3,37.271035499999996,-119.3432825
2020-07-09 13:59:07,-7.115367676949238,6df5e659-b234-4909-aa5c-99c5d6f668d3,37.271035499999996,-119.3432825
2020-07-16 01:50:32,-17.26312929133217,6df5e659-b234-4909-aa5c-99c5d6f668d3,37.271035499999996,-119.3432825
2020-07-21 01:58:30,-16.753728385437213,6df5e659-b234-4909-aa5c-99c5d6f668d3,37.271035499999996,-119.3432825
2020-07-21 13:59:08,-4.808544533095464,6df5e659-b234-4909-aa5c-99c5d6f668d3,37.271035499999996,-119.3432825
2020-07-28 01:50:33,-18.427857838176426,6df5e659-b234-4909-aa5c-99c5d6f668d3,37.271035499999996,-119.3432825
2020-08-02 01:58:30,-15.596313120686219,6df5e659-b234-4909-aa5c-99c5d6f668d3,37.271035499999996,-119.3432825
2020-08-02 13:59:09,-8.749209938053951,6df5e659-b234-4909-aa5c-99c5d6f668d3,37.271035499999996,-119.3432825
2020-08-09 01:50:33,-10.97086163912323,6df5e659-b234-4909-aa5c-99c5d6f668d3,37.271035499999996,-119.3432825
2020-08-14 01:58:31,-14.233336815459335,6df5e659-b234-4909-aa5c-99c5d6f668d3,37.271035499999996,-119.3432825
2020-08-14 13:59:10,-11.531430600938286,6df5e659-b234-4909-aa5c-99c5d6f668d3,37.271035499999996,-119.3432825
2020-08-21 01:50:34,-15.158232101164778,6df5e659-b234-4909-aa5c-99c5d6f668d3,37.271035499999996,-119.3432825
2020-08-26 01:58:32,-18.54941368192227,6df5e659-b234-4909-aa5c-99c5d6f668d3,37.271035499999996,-119.3432825
2020-08-26 13:59:10,-5.125015045999648,6df5e659-b234-4909-aa5c-99c5d6f668d3,37.271035499999996,-119.3432825
2020-09-02 01:50:35,-14.322950227033424,6df5e659-b234-4909-aa5c-99c5d6f668d3,37.271035499999996,-119.3432825
2020-09-07 01:58:32,-22.734581363150134,6df5e659-b234-4909-aa5c-99c5d6f668d3,37.271035499999996,-119.3432825
2020-09-07 13:59:11,-6.446138696689198,6df5e659-b234-4909-aa5c-99c5d6f668d3,37.271035499999996,-119.3432825
2020-09-14 01:50:35,-19.907241626788085,6df5e659-b234-4909-aa5c-99c5d6f668d3,37.271035499999996,-119.3432825
2020-09-19 01:58:33,-22.158802230634564,6df5e659-b234-4909-aa5c-99c5d6f668d3,37.271035499999996,-119.3432825
2020-09-19 13:59:11,-5.488542002226761,6df5e659-b234-4909-aa5c-99c5d6f668d3,37.271035499999996,-119.3432825
2020-09-26 01:50:35,-17.377584306940147,6df5e659-b234-4909-aa5c-99c5d6f668d3,37.271035499999996,-119.3432825
2020-10-01 01:58:33,-21.27159026324972,6df5e659-b234-4909-aa5c-99c5d6f668d3,37.271035499999996,-119.3432825
2020-10-01 13:59:12,-5.515146141565035,6df5e659-b234-4909-aa5c-99c5d6f668d3,37.271035499999996,-119.3432825
2020-10-08 01:50:36,-17.6380618068198,6df5e659-b234-4909-aa5c-99c5d6f668d3,37.271035499999996,-119.3432825
2020-10-13 01:58:33,-20.502168275813087,6df5e659-b234-4909-aa5c-99c5d6f668d3,37.271035499999996,-119.3432825
2020-10-13 13:59:12,-6.673493799504219,6df5e659-b234-4909-aa5c-99c5d6f668d3,37.271035499999996,-119.3432825
2020-10-20 01:50:36,-20.932278457600244,6df5e659-b234-4909-aa5c-99c5d6f668d3,37.271035499999996,-119.3432825
2020-10-25 01:58:33,-18.431309825678934,6df5e659-b234-4909-aa5c-99c5d6f668d3,37.271035499999996,-119.3432825
2020-10-25 13:59:12,-8.02895628745968,6df5e659-b234-4909-aa5c-99c5d6f668d3,37.271035499999996,-119.3432825
2020-11-01 01:50:36,-17.94075726247631,6df5e659-b234-4909-aa5c-99c5d6f668d3,37.271035499999996,-119.3432825
2020-11-06 01:58:33,-18.986838682548324,6df5e659-b234-4909-aa5c-99c5d6f668d3,37.271035499999996,-119.3432825
2020-11-06 13:59:12,-6.934924634904026,6df5e659-b234-4909-aa5c-99c5d6f668d3,37.271035499999996,-119.3432825
2020-11-13 01:50:36,-15.351454290746194,6df5e659-b234-4909-aa5c-99c5d6f668d3,37.271035499999996,-119.3432825
2020-11-18 01:58:33,-18.86436569440898,6df5e659-b234-4909-aa5c-99c5d6f668d3,37.271035499999996,-119.3432825
2020-11-18 13:59:12,-4.875066923395847,6df5e659-b234-4909-aa5c-99c5d6f668d3,37.271035499999996,-119.3432825
2020-11-25 01:50:35,-18.64834248605621,6df5e659-b234-4909-aa5c-99c5d6f668d3,37.271035499999996,-119.3432825
2020-11-30 01:58:33,-18.958636330740593,6df5e659-b234-4909-aa5c-99c5d6f668d3,37.271035499999996,-119.3432825
2020-11-30 13:59:11,-4.879689309300655,6df5e659-b234-4909-aa5c-99c5d6f668d3,37.271035499999996,-119.3432825
2020-12-07 01:50:35,-20.1977422441062,6df5e659-b234-4909-aa5c-99c5d6f668d3,37.271035499999996,-119.3432825
2020-12-12 01:58:32,-21.607813055485153,6df5e659-b234-4909-aa5c-99c5d6f668d3,37.271035499999996,-119.3432825
2020-12-12 13:59:11,-2.4448225043423517,6df5e659-b234-4909-aa5c-99c5d6f668d3,37.271035499999996,-119.3432825
2020-12-19 01:50:34,-17.912594970659047,6df5e659-b234-4909-aa5c-99c5d6f668d3,37.271035499999996,-119.3432825
2020-12-24 01:58:31,-20.819304053232912,6df5e659-b234-4909-aa5c-99c5d6f668d3,37.271035499999996,-119.3432825
2020-12-24 13:59:10,-7.268982329779979,6df5e659-b234-4909-aa5c-99c5d6f668d3,37.271035499999996,-119.3432825
2020-12-31 01:50:34,-19.31154365662802,6df5e659-b234-4909-aa5c-99c5d6f668d3,37.271035499999996,-119.3432825
2021-01-05 01:58:31,-19.938358596416563,6df5e659-b234-4909-aa5c-99c5d6f668d3,37.271035499999996,-119.3432825
2021-01-12 01:50:33,-21.26510248895503,6df5e659-b234-4909-aa5c-99c5d6f668d3,37.271035499999996,-119.3432825
2021-01-17 01:58:30,-21.924864880382845,6df5e659-b234-4909-aa5c-99c5d6f668d3,37.271035499999996,-119.3432825
2021-01-17 13:59:09,-6.88103405560541,6df5e659-b234-4909-aa5c-99c5d6f668d3,37.271035499999996,-119.3432825
2021-01-24 01:50:33,-17.645453835908818,6df5e659-b234-4909-aa5c-99c5d6f668d3,37.271035499999996,-119.3432825
2021-01-29 01:58:30,-21.169729038511854,6df5e659-b234-4909-aa5c-99c5d6f668d3,37.271035499999996,-119.3432825
2021-01-29 13:59:09,-8.66839795907241,6df5e659-b234-4909-aa5c-99c5d6f668d3,37.271035499999996,-119.3432825
2021-02-05 01:50:32,-16.408004356563172,6df5e659-b234-4909-aa5c-99c5d6f668d3,37.271035499999996,-119.3432825
2021-02-10 01:58:30,-23.210695895943594,6df5e659-b234-4909-aa5c-99c5d6f668d3,37.271035499999996,-119.3432825
2021-02-10 13:59:08,-5.025312300363332,6df5e659-b234-4909-aa5c-99c5d6f668d3,37.271035499999996,-119.3432825
2021-02-17 01:50:32,-16.80726928977592,6df5e659-b234-4909-aa5c-99c5d6f668d3,37.271035499999996,-119.3432825
2021-02-22 01:58:29,-20.96546578088273,6df5e659-b234-4909-aa5c-99c5d6f668d3,37.271035499999996,-119.3432825
2021-02-22 13:59:08,-7.60298203000091,6df5e659-b234-4909-aa5c-99c5d6f668d3,37.271035499999996,-119.3432825
2021-03-01 01:50:32,-23.66320834022443,6df5e659-b234-4909-aa5c-99c5d6f668d3,37.271035499999996,-119.3432825
2021-03-06 01:58:29,-21.31297527565138,6df5e659-b234-4909-aa5c-99c5d6f668d3,37.271035499999996,-119.3432825
2021-03-06 13:59:08,-7.957223535008422,6df5e659-b234-4909-aa5c-99c5d6f668d3,37.271035499999996,-119.3432825
2021-03-13 01:50:32,-17.608142681940514,6df5e659-b234-4909-aa5c-99c5d6f668d3,37.271035499999996,-119.3432825
2021-03-18 01:58:29,-19.162340186138746,6df5e659-b234-4909-aa5c-99c5d6f668d3,37.271035499999996,-119.3432825
2021-03-18 13:59:08,-6.266883991250417,6df5e659-b234-4909-aa5c-99c5d6f668d3,37.271035499999996,-119.3432825
2021-03-25 01:50:32,-19.380807659115675,6df5e659-b234-4909-aa5c-99c5d6f668d3,37.271035499999996,-119.3432825
2021-03-30 01:58:29,-20.164696855725484,6df5e659-b234-4909-aa5c-99c5d6f668d3,37.271035499999996,-119.3432825
2021-03-30 13:59:08,-6.093534842999936,6df5e659-b234-4909-aa5c-99c5d6f668d3,37.271035499999996,-119.3432825
2021-04-06 01:50:32,-19.76431126584814,6df5e659-b234-4909-aa5c-99c5d6f668d3,37.271035499999996,-119.3432825
2021-04-11 01:58:30,-21.076713991026146,6df5e659-b234-4909-aa5c-99c5d6f668d3,37.271035499999996,-119.3432825
2021-04-11 13:59:09,-7.90347067425275,6df5e659-b234-4909-aa5c-99c5d6f668d3,37.271035499999996,-119.3432825
2021-04-18 01:50:33,-18.208873789426967,6df5e659-b234-4909-aa5c-99c5d6f668d3,37.271035499999996,-119.3432825
2021-04-23 01:58:31,-18.423861737735837,6df5e659-b234-4909-aa5c-99c5d6f668d3,37.271035499999996,-119.3432825
2021-04-23 13:59:09,-6.696221508447736,6df5e659-b234-4909-aa5c-99c5d6f668d3,37.271035499999996,-119.3432825
2021-04-30 01:50:33,-16.530930578994703,6df5e659-b234-4909-aa5c-99c5d6f668d3,37.271035499999996,-119.3432825
2021-05-05 01:58:31,-16.892094089938062,6df5e659-b234-4909-aa5c-99c5d6f668d3,37.271035499999996,-119.3432825
2021-05-05 13:59:10,-6.232648364944184,6df5e659-b234-4909-aa5c-99c5d6f668d3,37.271035499999996,-119.3432825
2021-05-12 01:50:34,-13.669421366998604,6df5e659-b234-4909-aa5c-99c5d6f668d3,37.271035499999996,-119.3432825
2021-05-17 01:58:32,-19.19628751129882,6df5e659-b234-4909-aa5c-99c5d6f668d3,37.271035499999996,-119.3432825
2021-05-17 13:59:10,-7.241043338720246,6df5e659-b234-4909-aa5c-99c5d6f668d3,37.271035499999996,-119.3432825
2021-05-24 01:50:35,-17.108325027396695,6df5e659-b234-4909-aa5c-99c5d6f668d3,37.271035499999996,-119.3432825
2021-05-29 01:58:32,-20.767407047623706,6df5e659-b234-4909-aa5c-99c5d6f668d3,37.271035499999996,-119.3432825
2021-05-29 13:59:11,-6.657510800828524,6df5e659-b234-4909-aa5c-99c5d6f668d3,37.271035499999996,-119.3432825
2021-06-05 01:50:35,-15.480330037363556,6df5e659-b234-4909-aa5c-99c5d6f668d3,37.271035499999996,-119.3432825
2021-06-10 01:58:33,-16.447844656544714,6df5e659-b234-4909-aa5c-99c5d6f668d3,37.271035499999996,-119.3432825
2021-06-10 13:59:12,-6.782158518372069,6df5e659-b234-4909-aa5c-99c5d6f668d3,37.271035499999996,-119.3432825
2021-06-17 01:50:36,-14.52331155343573,6df5e659-b234-4909-aa5c-99c5d6f668d3,37.271035499999996,-119.3432825
2021-06-22 01:58:34,-18.602724845082562,6df5e659-b234-4909-aa5c-99c5d6f668d3,37.271035499999996,-119.3432825
2021-06-22 13:59:12,-9.45359335625614,6df5e659-b234-4909-aa5c-99c5d6f668d3,37.271035499999996,-119.3432825
2021-06-29 01:50:37,-18.373793532474387,6df5e659-b234-4909-aa5c-99c5d6f668d3,37.271035499999996,-119.3432825
2021-07-04 13:59:13,-6.594241176772763,6df5e659-b234-4909-aa5c-99c5d6f668d3,37.271035499999996,-119.3432825
2021-07-11 01:50:37,-18.749071474836462,6df5e659-b234-4909-aa5c-99c5d6f668d3,37.271035499999996,-119.3432825
2021-07-16 01:58:35,-21.395797811271983,6df5e659-b234-4909-aa5c-99c5d6f668d3,37.271035499999996,-119.3432825
2021-07-16 13:59:14,-5.642923468046424,6df5e659-b234-4909-aa5c-99c5d6f668d3,37.271035499999996,-119.3432825
2021-07-23 01:50:38,-13.931948477596194,6df5e659-b234-4909-aa5c-99c5d6f668d3,37.271035499999996,-119.3432825
2021-07-28 01:58:36,-14.597490165434548,6df5e659-b234-4909-aa5c-99c5d6f668d3,37.271035499999996,-119.3432825
2021-07-28 13:59:07,-8.192779092811003,6df5e659-b234-4909-aa5c-99c5d6f668d3,37.271035499999996,-119.3432825
2021-08-04 01:50:39,-15.36575961901099,6df5e659-b234-4909-aa5c-99c5d6f668d3,37.271035499999996,-119.3432825
2021-08-09 01:58:37,-18.072649925243997,6df5e659-b234-4909-aa5c-99c5d6f668d3,37.271035499999996,-119.3432825
2021-08-09 13:59:07,-6.64119343243267,6df5e659-b234-4909-aa5c-99c5d6f668d3,37.271035499999996,-119.3432825
2021-08-21 01:58:37,-17.087757167783934,6df5e659-b234-4909-aa5c-99c5d6f668d3,37.271035499999996,-119.3432825
2021-08-21 13:59:16,-5.555334627980678,6df5e659-b234-4909-aa5c-99c5d6f668d3,37.271035499999996,-119.3432825
2021-08-28 01:50:40,-13.249945425912546,6df5e659-b234-4909-aa5c-99c5d6f668d3,37.271035499999996,-119.3432825
2021-09-02 01:58:38,-17.332911805742462,6df5e659-b234-4909-aa5c-99c5d6f668d3,37.271035499999996,-119.3432825
2021-09-02 13:59:16,-7.58138478030303,6df5e659-b234-4909-aa5c-99c5d6f668d3,37.271035499999996,-119.3432825
2021-09-09 01:50:41,-17.13484910910012,6df5e659-b234-4909-aa5c-99c5d6f668d3,37.271035499999996,-119.3432825
2021-09-14 01:58:38,-15.896620443855248,6df5e659-b234-4909-aa5c-99c5d6f668d3,37.271035499999996,-119.3432825
2021-09-14 13:59:17,-10.432181994292254,6df5e659-b234-4909-aa5c-99c5d6f668d3,37.271035499999996,-119.3432825
2021-09-21 01:50:41,-15.887275710066579,6df5e659-b234-4909-aa5c-99c5d6f668d3,37.271035499999996,-119.3432825
2021-09-26 01:58:39,-14.799583428296014,6df5e659-b234-4909-aa5c-99c5d6f668d3,37.271035499999996,-119.3432825
2021-09-26 13:59:17,-6.462108315600391,6df5e659-b234-4909-aa5c-99c5d6f668d3,37.271035499999996,-119.3432825
2021-10-03 01:50:42,-17.395931764794273,6df5e659-b234-4909-aa5c-99c5d6f668d3,37.271035499999996,-119.3432825
2021-10-08 01:58:39,-16.744446370219098,6df5e659-b234-4909-aa5c-99c5d6f668d3,37.271035499999996,-119.3432825
2021-10-08 13:59:17,-4.1056968059729515,6df5e659-b234-4909-aa5c-99c5d6f668d3,37.271035499999996,-119.3432825
2021-10-15 01:50:42,-20.468795593009204,6df5e659-b234-4909-aa5c-99c5d6f668d3,37.271035499999996,-119.3432825
2021-10-20 01:58:39,-14.525657587022847,6df5e659-b234-4909-aa5c-99c5d6f668d3,37.271035499999996,-119.3432825
2021-10-20 13:59:18,-6.3727969186288576,6df5e659-b234-4909-aa5c-99c5d6f668d3,37.271035499999996,-119.3432825
2021-10-27 01:50:42,-16.983833652084797,6df5e659-b234-4909-aa5c-99c5d6f668d3,37.271035499999996,-119.3432825
2021-11-01 01:58:39,-19.704590190959536,6df5e659-b234-4909-aa5c-99c5d6f668d3,37.271035499999996,-119.3432825
2021-11-01 13:59:18,-5.563103080455081,6df5e659-b234-4909-aa5c-99c5d6f668d3,37.271035499999996,-119.3432825
2021-11-08 01:50:41,-18.41730206672543,6df5e659-b234-4909-aa5c-99c5d6f668d3,37.271035499999996,-119.3432825
2021-11-13 01:58:39,-18.95700929970467,6df5e659-b234-4909-aa5c-99c5d6f668d3,37.271035499999996,-119.3432825
2021-11-13 13:59:17,-7.998103004563331,6df5e659-b234-4909-aa5c-99c5d6f668d3,37.271035499999996,-119.3432825
2021-11-20 01:50:41,-21.702714324490216,6df5e659-b234-4909-aa5c-99c5d6f668d3,37.271035499999996,-119.3432825
2021-11-25 01:58:38,-19.3305854753415,6df5e659-b234-4909-aa5c-99c5d6f668d3,37.271035499999996,-119.3432825
2021-11-25 13:59:17,-7.503778561193736,6df5e659-b234-4909-aa5c-99c5d6f668d3,37.271035499999996,-119.3432825
2021-12-02 01:50:41,-20.39035203847062,6df5e659-b234-4909-aa5c-99c5d6f668d3,37.271035499999996,-119.3432825
2021-12-07 01:58:38,-18.82392350829736,6df5e659-b234-4909-aa5c-99c5d6f668d3,37.271035499999996,-119.3432825
2021-12-07 13:59:16,-8.175574598506149,6df5e659-b234-4909-aa5c-99c5d6f668d3,37.271035499999996,-119.3432825
2021-12-14 01:50:40,-12.856116078970484,6df5e659-b234-4909-aa5c-99c5d6f668d3,37.271035499999996,-119.3432825
2021-12-19 01:58:37,-14.629348891225922,6df5e659-b234-4909-aa5c-99c5d6f668d3,37.271035499999996,-119.3432825
2021-12-19 13:59:16,-6.632871014633502,6df5e659-b234-4909-aa5c-99c5d6f668d3,37.271035499999996,-119.3432825
2016-10-05 01:50:08,-20.39360683308873,6df5e659-b234-4909-aa5c-99c5d6f668d3,37.271035499999996,-119.3432825
2016-10-10 01:58:25,-18.106201287805632,6df5e659-b234-4909-aa5c-99c5d6f668d3,37.271035499999996,-119.3432825
