date,s1_grd_vv,cell_id,latitude,longitude
2015-03-27 01:50:20,-8.677278047482801,ba739eb3-d8da-45b4-a65f-9ba9a3ff7548,36.509479,-118.6964955
2015-04-01 01:58:29,-5.441006877831088,ba739eb3-d8da-45b4-a65f-9ba9a3ff7548,36.509479,-118.6964955
2015-06-12 01:58:39,-8.347633620222492,ba739eb3-d8da-45b4-a65f-9ba9a3ff7548,36.509479,-118.6964955
2015-07-30 01:58:41,-6.827332351823408,ba739eb3-d8da-45b4-a65f-9ba9a3ff7548,36.509479,-118.6964955
2015-08-23 01:58:42,-9.596296621941093,ba739eb3-d8da-45b4-a65f-9ba9a3ff7548,36.509479,-118.6964955
2015-09-16 01:58:43,-7.9021841656325575,ba739eb3-d8da-45b4-a65f-9ba9a3ff7548,36.509479,-118.6964955
2015-10-10 01:58:43,-8.383924079999188,ba739eb3-d8da-45b4-a65f-9ba9a3ff7548,36.509479,-118.6964955
2015-11-03 01:58:43,-5.90562216806997,ba739eb3-d8da-45b4-a65f-9ba9a3ff7548,36.509479,-118.6964955
2015-11-27 01:58:37,-9.780500254127677,ba739eb3-d8da-45b4-a65f-9ba9a3ff7548,36.509479,-118.6964955
2015-12-09 13:59:25,-14.470947318199453,ba739eb3-d8da-45b4-a65f-9ba9a3ff7548,36.509479,-118.6964955
2015-12-21 01:58:36,-9.517160760183241,ba739eb3-d8da-45b4-a65f-9ba9a3ff7548,36.509479,-118.6964955
2016-01-14 01:58:35,-9.02161363612773,ba739eb3-d8da-45b4-a65f-9ba9a3ff7548,36.509479,-118.6964955
2016-01-26 13:59:23,-11.219760171895912,ba739eb3-d8da-45b4-a65f-9ba9a3ff7548,36.509479,-118.6964955
2016-02-07 01:58:35,-11.645879037865567,ba739eb3-d8da-45b4-a65f-9ba9a3ff7548,36.509479,-118.6964955
2016-02-19 13:59:23,-11.54446373014838,ba739eb3-d8da-45b4-a65f-9ba9a3ff7548,36.509479,-118.6964955
2016-03-02 01:58:35,-6.842713819485714,ba739eb3-d8da-45b4-a65f-9ba9a3ff7548,36.509479,-118.6964955
2016-03-09 01:50:20,-8.554116679739266,ba739eb3-d8da-45b4-a65f-9ba9a3ff7548,36.509479,-118.6964955
2016-03-14 01:58:43,-4.477511731049793,ba739eb3-d8da-45b4-a65f-9ba9a3ff7548,36.509479,-118.6964955
2016-03-14 13:59:23,-10.429398496359223,ba739eb3-d8da-45b4-a65f-9ba9a3ff7548,36.509479,-118.6964955
2016-03-26 01:58:35,-7.536731314703411,ba739eb3-d8da-45b4-a65f-9ba9a3ff7548,36.509479,-118.6964955
2016-04-07 13:59:24,-12.63098639433164,ba739eb3-d8da-45b4-a65f-9ba9a3ff7548,36.509479,-118.6964955
2016-04-19 01:58:36,-11.814356898557946,ba739eb3-d8da-45b4-a65f-9ba9a3ff7548,36.509479,-118.6964955
2016-05-01 13:59:25,-13.09205895331062,ba739eb3-d8da-45b4-a65f-9ba9a3ff7548,36.509479,-118.6964955
2016-05-13 01:58:40,-11.771248300947494,ba739eb3-d8da-45b4-a65f-9ba9a3ff7548,36.509479,-118.6964955
2016-05-25 13:59:26,-11.36867121670054,ba739eb3-d8da-45b4-a65f-9ba9a3ff7548,36.509479,-118.6964955
2016-06-06 01:58:42,-9.166088985413628,ba739eb3-d8da-45b4-a65f-9ba9a3ff7548,36.509479,-118.6964955
2016-06-30 01:58:43,-10.4497602508275,ba739eb3-d8da-45b4-a65f-9ba9a3ff7548,36.509479,-118.6964955
2016-07-24 01:58:44,-8.465997869674924,ba739eb3-d8da-45b4-a65f-9ba9a3ff7548,36.509479,-118.6964955
2016-08-17 01:58:46,-9.729054995853012,ba739eb3-d8da-45b4-a65f-9ba9a3ff7548,36.509479,-118.6964955
2016-08-29 01:58:51,-9.958233362826864,ba739eb3-d8da-45b4-a65f-9ba9a3ff7548,36.509479,-118.6964955
2016-09-10 01:58:47,-12.613658125005943,ba739eb3-d8da-45b4-a65f-9ba9a3ff7548,36.509479,-118.6964955
2016-09-17 01:50:49,-10.206529818788573,ba739eb3-d8da-45b4-a65f-9ba9a3ff7548,36.509479,-118.6964955
2016-09-22 13:59:32,-10.230019492526417,ba739eb3-d8da-45b4-a65f-9ba9a3ff7548,36.509479,-118.6964955
2016-10-04 01:58:47,-9.214858991603457,ba739eb3-d8da-45b4-a65f-9ba9a3ff7548,36.509479,-118.6964955
2016-10-16 13:59:32,-12.2004446971133,ba739eb3-d8da-45b4-a65f-9ba9a3ff7548,36.509479,-118.6964955
2016-10-28 01:58:47,-8.893142541465775,ba739eb3-d8da-45b4-a65f-9ba9a3ff7548,36.509479,-118.6964955
2016-11-09 13:59:32,-11.771581947557285,ba739eb3-d8da-45b4-a65f-9ba9a3ff7548,36.509479,-118.6964955
2016-12-03 13:59:32,-12.648290602537639,ba739eb3-d8da-45b4-a65f-9ba9a3ff7548,36.509479,-118.6964955
2016-12-15 01:58:46,-10.368569093412882,ba739eb3-d8da-45b4-a65f-9ba9a3ff7548,36.509479,-118.6964955
2016-12-27 13:59:31,-12.957174538933554,ba739eb3-d8da-45b4-a65f-9ba9a3ff7548,36.509479,-118.6964955
2017-01-08 01:58:44,-6.265326440857912,ba739eb3-d8da-45b4-a65f-9ba9a3ff7548,36.509479,-118.6964955
2017-01-20 13:59:28,-14.961640820678024,ba739eb3-d8da-45b4-a65f-9ba9a3ff7548,36.509479,-118.6964955
2017-02-01 01:58:44,-4.442162019428619,ba739eb3-d8da-45b4-a65f-9ba9a3ff7548,36.509479,-118.6964955
2017-02-08 01:50:29,-12.11660336699292,ba739eb3-d8da-45b4-a65f-9ba9a3ff7548,36.509479,-118.6964955
2017-02-13 01:58:46,-6.172108305479087,ba739eb3-d8da-45b4-a65f-9ba9a3ff7548,36.509479,-118.6964955
2017-02-13 13:59:29,-12.887491094923023,ba739eb3-d8da-45b4-a65f-9ba9a3ff7548,36.509479,-118.6964955
2017-02-25 13:59:42,-8.441508706048634,ba739eb3-d8da-45b4-a65f-9ba9a3ff7548,36.509479,-118.6964955
2017-03-09 13:59:42,-10.882159543435092,ba739eb3-d8da-45b4-a65f-9ba9a3ff7548,36.509479,-118.6964955
2017-03-21 13:59:42,-10.956517667825556,ba739eb3-d8da-45b4-a65f-9ba9a3ff7548,36.509479,-118.6964955
2017-04-02 13:59:43,-10.081985622082378,ba739eb3-d8da-45b4-a65f-9ba9a3ff7548,36.509479,-118.6964955
2017-04-14 13:59:43,-10.975864156360494,ba739eb3-d8da-45b4-a65f-9ba9a3ff7548,36.509479,-118.6964955
2017-04-26 13:59:44,-13.443857564561243,ba739eb3-d8da-45b4-a65f-9ba9a3ff7548,36.509479,-118.6964955
2017-05-08 13:59:45,-12.11301558848424,ba739eb3-d8da-45b4-a65f-9ba9a3ff7548,36.509479,-118.6964955
2017-05-20 13:59:45,-10.688253672838805,ba739eb3-d8da-45b4-a65f-9ba9a3ff7548,36.509479,-118.6964955
2017-06-01 13:59:46,-8.10345870098091,ba739eb3-d8da-45b4-a65f-9ba9a3ff7548,36.509479,-118.6964955
2017-06-13 13:59:47,-14.001017717612052,ba739eb3-d8da-45b4-a65f-9ba9a3ff7548,36.509479,-118.6964955
2017-06-25 13:59:47,-11.766132169145928,ba739eb3-d8da-45b4-a65f-9ba9a3ff7548,36.509479,-118.6964955
2017-07-07 13:59:48,-14.686081477184432,ba739eb3-d8da-45b4-a65f-9ba9a3ff7548,36.509479,-118.6964955
2017-07-19 13:59:49,-10.850216852141054,ba739eb3-d8da-45b4-a65f-9ba9a3ff7548,36.509479,-118.6964955
2017-07-31 13:59:49,-11.498753074861419,ba739eb3-d8da-45b4-a65f-9ba9a3ff7548,36.509479,-118.6964955
2017-08-12 13:59:50,-11.242097929117191,ba739eb3-d8da-45b4-a65f-9ba9a3ff7548,36.509479,-118.6964955
2017-08-24 13:59:51,-11.717964136904026,ba739eb3-d8da-45b4-a65f-9ba9a3ff7548,36.509479,-118.6964955
2017-09-05 13:59:51,-11.692730424260889,ba739eb3-d8da-45b4-a65f-9ba9a3ff7548,36.509479,-118.6964955
2017-09-17 13:59:52,-10.707317674212804,ba739eb3-d8da-45b4-a65f-9ba9a3ff7548,36.509479,-118.6964955
2017-09-29 13:59:52,-10.091153419858696,ba739eb3-d8da-45b4-a65f-9ba9a3ff7548,36.509479,-118.6964955
2017-10-11 13:59:52,-9.840337042477351,ba739eb3-d8da-45b4-a65f-9ba9a3ff7548,36.509479,-118.6964955
2017-10-23 13:59:52,-11.095776679795792,ba739eb3-d8da-45b4-a65f-9ba9a3ff7548,36.509479,-118.6964955
2017-11-04 13:59:52,-11.110407919743654,ba739eb3-d8da-45b4-a65f-9ba9a3ff7548,36.509479,-118.6964955
2017-11-16 13:59:52,-12.19961061862611,ba739eb3-d8da-45b4-a65f-9ba9a3ff7548,36.509479,-118.6964955
2017-11-28 13:59:52,-12.48531546284861,ba739eb3-d8da-45b4-a65f-9ba9a3ff7548,36.509479,-118.6964955
2017-12-10 13:59:51,-8.568447594962883,ba739eb3-d8da-45b4-a65f-9ba9a3ff7548,36.509479,-118.6964955
2017-12-22 13:59:50,-12.017844737603303,ba739eb3-d8da-45b4-a65f-9ba9a3ff7548,36.509479,-118.6964955
2018-01-03 13:59:50,-12.12778193828156,ba739eb3-d8da-45b4-a65f-9ba9a3ff7548,36.509479,-118.6964955
2018-01-15 13:59:50,-11.413612585575732,ba739eb3-d8da-45b4-a65f-9ba9a3ff7548,36.509479,-118.6964955
2018-01-27 13:59:49,-10.181576775570564,ba739eb3-d8da-45b4-a65f-9ba9a3ff7548,36.509479,-118.6964955
2018-02-08 13:59:49,-10.291608971613122,ba739eb3-d8da-45b4-a65f-9ba9a3ff7548,36.509479,-118.6964955
2018-02-20 13:59:49,-12.927893071870768,ba739eb3-d8da-45b4-a65f-9ba9a3ff7548,36.509479,-118.6964955
2018-03-04 13:59:49,-11.746312976999944,ba739eb3-d8da-45b4-a65f-9ba9a3ff7548,36.509479,-118.6964955
2018-03-16 13:59:49,-11.070377068112496,ba739eb3-d8da-45b4-a65f-9ba9a3ff7548,36.509479,-118.6964955
2018-03-28 13:59:49,-11.012634631167842,ba739eb3-d8da-45b4-a65f-9ba9a3ff7548,36.509479,-118.6964955
2018-04-09 13:59:50,-10.857199649624054,ba739eb3-d8da-45b4-a65f-9ba9a3ff7548,36.509479,-118.6964955
2018-04-21 13:59:50,-9.533631931641441,ba739eb3-d8da-45b4-a65f-9ba9a3ff7548,36.509479,-118.6964955
2018-05-03 13:59:51,-8.879599622385829,ba739eb3-d8da-45b4-a65f-9ba9a3ff7548,36.509479,-118.6964955
2018-05-15 13:59:51,-11.681528017680517,ba739eb3-d8da-45b4-a65f-9ba9a3ff7548,36.509479,-118.6964955
2018-05-27 13:59:52,-11.364722344756768,ba739eb3-d8da-45b4-a65f-9ba9a3ff7548,36.509479,-118.6964955
2018-06-08 13:59:53,-12.939962485067788,ba739eb3-d8da-45b4-a65f-9ba9a3ff7548,36.509479,-118.6964955
2018-06-20 13:59:53,-14.411205811471062,ba739eb3-d8da-45b4-a65f-9ba9a3ff7548,36.509479,-118.6964955
2018-07-02 13:59:54,-9.006133552347148,ba739eb3-d8da-45b4-a65f-9ba9a3ff7548,36.509479,-118.6964955
2018-07-14 13:59:55,-11.69825254033966,ba739eb3-d8da-45b4-a65f-9ba9a3ff7548,36.509479,-118.6964955
2018-07-26 01:58:48,-8.28870916364292,ba739eb3-d8da-45b4-a65f-9ba9a3ff7548,36.509479,-118.6964955
2018-08-07 01:58:49,-10.936949431462395,ba739eb3-d8da-45b4-a65f-9ba9a3ff7548,36.509479,-118.6964955
2018-08-07 13:59:56,-9.889159361897649,ba739eb3-d8da-45b4-a65f-9ba9a3ff7548,36.509479,-118.6964955
2018-08-19 01:58:49,-11.761293792169216,ba739eb3-d8da-45b4-a65f-9ba9a3ff7548,36.509479,-118.6964955
2018-08-19 13:59:57,-9.50883144561672,ba739eb3-d8da-45b4-a65f-9ba9a3ff7548,36.509479,-118.6964955
2018-08-31 01:58:50,-13.221058917887639,ba739eb3-d8da-45b4-a65f-9ba9a3ff7548,36.509479,-118.6964955
2018-08-31 13:59:58,-12.69545558526847,ba739eb3-d8da-45b4-a65f-9ba9a3ff7548,36.509479,-118.6964955
2018-09-12 01:58:50,-10.955033381124888,ba739eb3-d8da-45b4-a65f-9ba9a3ff7548,36.509479,-118.6964955
2018-09-12 13:59:58,-14.458948810392947,ba739eb3-d8da-45b4-a65f-9ba9a3ff7548,36.509479,-118.6964955
2018-09-24 01:58:51,-9.135617444688005,ba739eb3-d8da-45b4-a65f-9ba9a3ff7548,36.509479,-118.6964955
2018-09-24 13:59:58,-11.25449058925897,ba739eb3-d8da-45b4-a65f-9ba9a3ff7548,36.509479,-118.6964955
2018-10-06 01:58:51,-8.208933192696872,ba739eb3-d8da-45b4-a65f-9ba9a3ff7548,36.509479,-118.6964955
2018-10-06 13:59:59,-11.436226675354009,ba739eb3-d8da-45b4-a65f-9ba9a3ff7548,36.509479,-118.6964955
2018-10-18 01:58:51,-8.067789532731066,ba739eb3-d8da-45b4-a65f-9ba9a3ff7548,36.509479,-118.6964955
2018-10-18 13:59:59,-8.733203499959808,ba739eb3-d8da-45b4-a65f-9ba9a3ff7548,36.509479,-118.6964955
2018-10-30 01:58:51,-10.86440413403887,ba739eb3-d8da-45b4-a65f-9ba9a3ff7548,36.509479,-118.6964955
2018-10-30 13:59:59,-12.047502194496778,ba739eb3-d8da-45b4-a65f-9ba9a3ff7548,36.509479,-118.6964955
2018-11-11 01:58:51,-9.4294127453428,ba739eb3-d8da-45b4-a65f-9ba9a3ff7548,36.509479,-118.6964955
2018-11-11 13:59:58,-9.375251399265105,ba739eb3-d8da-45b4-a65f-9ba9a3ff7548,36.509479,-118.6964955
2018-11-18 01:50:59,-13.19332741374517,ba739eb3-d8da-45b4-a65f-9ba9a3ff7548,36.509479,-118.6964955
2018-11-23 01:58:51,-5.70575518077192,ba739eb3-d8da-45b4-a65f-9ba9a3ff7548,36.509479,-118.6964955
2018-11-23 13:59:58,-12.304461143776553,ba739eb3-d8da-45b4-a65f-9ba9a3ff7548,36.509479,-118.6964955
2018-12-05 01:58:50,-8.577337019370546,ba739eb3-d8da-45b4-a65f-9ba9a3ff7548,36.509479,-118.6964955
2018-12-05 13:59:58,-11.92898593714844,ba739eb3-d8da-45b4-a65f-9ba9a3ff7548,36.509479,-118.6964955
2018-12-17 01:58:50,-9.907739776843977,ba739eb3-d8da-45b4-a65f-9ba9a3ff7548,36.509479,-118.6964955
2018-12-17 13:59:57,-14.593656812505095,ba739eb3-d8da-45b4-a65f-9ba9a3ff7548,36.509479,-118.6964955
2018-12-29 13:59:57,-11.74395877529059,ba739eb3-d8da-45b4-a65f-9ba9a3ff7548,36.509479,-118.6964955
2019-01-10 01:58:54,-8.361921615815275,ba739eb3-d8da-45b4-a65f-9ba9a3ff7548,36.509479,-118.6964955
2019-01-10 13:59:56,-12.107949252020394,ba739eb3-d8da-45b4-a65f-9ba9a3ff7548,36.509479,-118.6964955
2019-01-17 01:50:45,-11.72552937410552,ba739eb3-d8da-45b4-a65f-9ba9a3ff7548,36.509479,-118.6964955
2019-01-22 01:58:54,-13.973784134475352,ba739eb3-d8da-45b4-a65f-9ba9a3ff7548,36.509479,-118.6964955
2019-01-22 13:59:56,-11.849284119339323,ba739eb3-d8da-45b4-a65f-9ba9a3ff7548,36.509479,-118.6964955
2019-02-03 13:59:56,-11.19901641859122,ba739eb3-d8da-45b4-a65f-9ba9a3ff7548,36.509479,-118.6964955
2019-02-10 01:50:44,-12.922482240960758,ba739eb3-d8da-45b4-a65f-9ba9a3ff7548,36.509479,-118.6964955
2019-02-15 13:59:55,-12.21918360406486,ba739eb3-d8da-45b4-a65f-9ba9a3ff7548,36.509479,-118.6964955
2019-02-22 01:50:44,-11.431998573810892,ba739eb3-d8da-45b4-a65f-9ba9a3ff7548,36.509479,-118.6964955
2019-02-27 01:58:53,-6.156844001244359,ba739eb3-d8da-45b4-a65f-9ba9a3ff7548,36.509479,-118.6964955
2019-02-27 13:59:55,-12.544144923912764,ba739eb3-d8da-45b4-a65f-9ba9a3ff7548,36.509479,-118.6964955
2019-03-06 01:50:45,-9.136841940405956,ba739eb3-d8da-45b4-a65f-9ba9a3ff7548,36.509479,-118.6964955
2019-03-11 01:58:53,-8.80018862189863,ba739eb3-d8da-45b4-a65f-9ba9a3ff7548,36.509479,-118.6964955
2019-03-11 13:59:55,-15.306666070180876,ba739eb3-d8da-45b4-a65f-9ba9a3ff7548,36.509479,-118.6964955
2019-03-18 01:50:45,-8.049999495705247,ba739eb3-d8da-45b4-a65f-9ba9a3ff7548,36.509479,-118.6964955
2019-03-23 01:58:54,-12.31194767374187,ba739eb3-d8da-45b4-a65f-9ba9a3ff7548,36.509479,-118.6964955
2019-03-23 13:59:56,-11.883328138330159,ba739eb3-d8da-45b4-a65f-9ba9a3ff7548,36.509479,-118.6964955
2019-03-30 01:50:45,-14.38806114019023,ba739eb3-d8da-45b4-a65f-9ba9a3ff7548,36.509479,-118.6964955
2019-04-04 01:58:54,-6.209066752737626,ba739eb3-d8da-45b4-a65f-9ba9a3ff7548,36.509479,-118.6964955
2019-04-04 13:59:56,-10.115020326843283,ba739eb3-d8da-45b4-a65f-9ba9a3ff7548,36.509479,-118.6964955
2019-04-11 01:50:45,-11.841923673136932,ba739eb3-d8da-45b4-a65f-9ba9a3ff7548,36.509479,-118.6964955
2019-04-16 01:58:54,-4.230605214263533,ba739eb3-d8da-45b4-a65f-9ba9a3ff7548,36.509479,-118.6964955
2019-04-16 13:59:56,-10.537679630475145,ba739eb3-d8da-45b4-a65f-9ba9a3ff7548,36.509479,-118.6964955
2019-04-23 01:50:46,-9.509203140978212,ba739eb3-d8da-45b4-a65f-9ba9a3ff7548,36.509479,-118.6964955
2019-04-28 01:58:55,-11.268186925312113,ba739eb3-d8da-45b4-a65f-9ba9a3ff7548,36.509479,-118.6964955
2019-04-28 13:59:57,-8.41418241883689,ba739eb3-d8da-45b4-a65f-9ba9a3ff7548,36.509479,-118.6964955
2019-05-10 01:58:55,-6.200033779442875,ba739eb3-d8da-45b4-a65f-9ba9a3ff7548,36.509479,-118.6964955
2019-05-10 13:59:57,-11.785003502099347,ba739eb3-d8da-45b4-a65f-9ba9a3ff7548,36.509479,-118.6964955
2019-05-17 01:50:47,-7.672817509630238,ba739eb3-d8da-45b4-a65f-9ba9a3ff7548,36.509479,-118.6964955
2019-05-22 01:58:56,-8.554929493100191,ba739eb3-d8da-45b4-a65f-9ba9a3ff7548,36.509479,-118.6964955
2019-05-22 13:59:58,-13.99023199312464,ba739eb3-d8da-45b4-a65f-9ba9a3ff7548,36.509479,-118.6964955
2019-05-29 01:50:47,-11.040974794444127,ba739eb3-d8da-45b4-a65f-9ba9a3ff7548,36.509479,-118.6964955
2019-06-03 01:58:56,-5.429648665077184,ba739eb3-d8da-45b4-a65f-9ba9a3ff7548,36.509479,-118.6964955
2019-06-03 13:59:58,-9.990974147239767,ba739eb3-d8da-45b4-a65f-9ba9a3ff7548,36.509479,-118.6964955
2019-06-10 01:50:48,-11.191263942265486,ba739eb3-d8da-45b4-a65f-9ba9a3ff7548,36.509479,-118.6964955
2019-06-15 01:58:57,-9.193610553981149,ba739eb3-d8da-45b4-a65f-9ba9a3ff7548,36.509479,-118.6964955
2019-06-15 13:59:59,-6.908069180070109,ba739eb3-d8da-45b4-a65f-9ba9a3ff7548,36.509479,-118.6964955
2019-06-22 01:50:49,-12.092580447859065,ba739eb3-d8da-45b4-a65f-9ba9a3ff7548,36.509479,-118.6964955
2019-06-27 01:58:58,-9.616275978270217,ba739eb3-d8da-45b4-a65f-9ba9a3ff7548,36.509479,-118.6964955
2019-06-27 14:00:00,-12.048224225677274,ba739eb3-d8da-45b4-a65f-9ba9a3ff7548,36.509479,-118.6964955
2019-07-04 01:50:49,-11.700422668965535,ba739eb3-d8da-45b4-a65f-9ba9a3ff7548,36.509479,-118.6964955
2019-07-09 01:58:58,-9.767382872739873,ba739eb3-d8da-45b4-a65f-9ba9a3ff7548,36.509479,-118.6964955
2019-07-09 14:00:00,-13.037561009911663,ba739eb3-d8da-45b4-a65f-9ba9a3ff7548,36.509479,-118.6964955
2019-07-16 01:50:50,-12.849845482250261,ba739eb3-d8da-45b4-a65f-9ba9a3ff7548,36.509479,-118.6964955
2019-07-21 01:58:59,-10.304480218726447,ba739eb3-d8da-45b4-a65f-9ba9a3ff7548,36.509479,-118.6964955
2019-07-21 14:00:01,-10.322638528650147,ba739eb3-d8da-45b4-a65f-9ba9a3ff7548,36.509479,-118.6964955
2019-07-28 01:50:51,-15.150626001741443,ba739eb3-d8da-45b4-a65f-9ba9a3ff7548,36.509479,-118.6964955
2019-08-02 01:59:00,-8.202486843367105,ba739eb3-d8da-45b4-a65f-9ba9a3ff7548,36.509479,-118.6964955
2019-08-02 14:00:02,-11.15680286047617,ba739eb3-d8da-45b4-a65f-9ba9a3ff7548,36.509479,-118.6964955
2019-08-09 01:50:52,-13.489487153193561,ba739eb3-d8da-45b4-a65f-9ba9a3ff7548,36.509479,-118.6964955
2019-08-14 14:00:03,-11.522196432801417,ba739eb3-d8da-45b4-a65f-9ba9a3ff7548,36.509479,-118.6964955
2019-08-26 01:59:02,-13.374514510788803,ba739eb3-d8da-45b4-a65f-9ba9a3ff7548,36.509479,-118.6964955
2019-08-26 14:00:03,-10.873823241557625,ba739eb3-d8da-45b4-a65f-9ba9a3ff7548,36.509479,-118.6964955
2019-09-02 01:50:53,-10.480634448216662,ba739eb3-d8da-45b4-a65f-9ba9a3ff7548,36.509479,-118.6964955
2019-09-07 01:59:02,-9.944433853646919,ba739eb3-d8da-45b4-a65f-9ba9a3ff7548,36.509479,-118.6964955
2019-09-07 14:00:04,-13.581384928932062,ba739eb3-d8da-45b4-a65f-9ba9a3ff7548,36.509479,-118.6964955
2019-09-19 01:59:02,-10.74427923721986,ba739eb3-d8da-45b4-a65f-9ba9a3ff7548,36.509479,-118.6964955
2019-09-19 14:00:04,-12.976605420978453,ba739eb3-d8da-45b4-a65f-9ba9a3ff7548,36.509479,-118.6964955
2019-09-26 01:50:54,-12.249748201698916,ba739eb3-d8da-45b4-a65f-9ba9a3ff7548,36.509479,-118.6964955
2019-10-01 01:59:03,-10.71471087938396,ba739eb3-d8da-45b4-a65f-9ba9a3ff7548,36.509479,-118.6964955
2019-10-01 14:00:05,-10.85322498290461,ba739eb3-d8da-45b4-a65f-9ba9a3ff7548,36.509479,-118.6964955
2019-10-08 01:50:54,-12.329541957517108,ba739eb3-d8da-45b4-a65f-9ba9a3ff7548,36.509479,-118.6964955
2019-10-13 01:59:03,-9.974889584965343,ba739eb3-d8da-45b4-a65f-9ba9a3ff7548,36.509479,-118.6964955
2019-10-13 14:00:05,-9.243861979150234,ba739eb3-d8da-45b4-a65f-9ba9a3ff7548,36.509479,-118.6964955
2019-10-20 01:50:54,-11.029744576010268,ba739eb3-d8da-45b4-a65f-9ba9a3ff7548,36.509479,-118.6964955
2019-10-25 01:59:03,-8.659898565474078,ba739eb3-d8da-45b4-a65f-9ba9a3ff7548,36.509479,-118.6964955
2019-10-25 14:00:05,-11.25832618251547,ba739eb3-d8da-45b4-a65f-9ba9a3ff7548,36.509479,-118.6964955
2019-11-01 01:50:54,-10.289029955733822,ba739eb3-d8da-45b4-a65f-9ba9a3ff7548,36.509479,-118.6964955
2019-11-06 01:59:03,-12.148119991201218,ba739eb3-d8da-45b4-a65f-9ba9a3ff7548,36.509479,-118.6964955
2019-11-06 14:00:05,-9.861744296915576,ba739eb3-d8da-45b4-a65f-9ba9a3ff7548,36.509479,-118.6964955
2019-11-13 01:50:54,-10.097163940894315,ba739eb3-d8da-45b4-a65f-9ba9a3ff7548,36.509479,-118.6964955
2019-11-18 01:59:03,-10.776731365770434,ba739eb3-d8da-45b4-a65f-9ba9a3ff7548,36.509479,-118.6964955
2019-11-18 14:00:05,-10.083564939765349,ba739eb3-d8da-45b4-a65f-9ba9a3ff7548,36.509479,-118.6964955
2019-11-25 01:50:54,-10.901271073416883,ba739eb3-d8da-45b4-a65f-9ba9a3ff7548,36.509479,-118.6964955
2019-11-30 01:59:02,-5.56446807950028,ba739eb3-d8da-45b4-a65f-9ba9a3ff7548,36.509479,-118.6964955
2019-11-30 14:00:04,-10.686615760072966,ba739eb3-d8da-45b4-a65f-9ba9a3ff7548,36.509479,-118.6964955
2019-12-07 01:50:53,-9.252159476130918,ba739eb3-d8da-45b4-a65f-9ba9a3ff7548,36.509479,-118.6964955
2019-12-12 01:59:02,-8.275260377755124,ba739eb3-d8da-45b4-a65f-9ba9a3ff7548,36.509479,-118.6964955
2019-12-12 14:00:04,-10.171053859243223,ba739eb3-d8da-45b4-a65f-9ba9a3ff7548,36.509479,-118.6964955
2019-12-24 14:00:04,-15.315914398766996,ba739eb3-d8da-45b4-a65f-9ba9a3ff7548,36.509479,-118.6964955
2019-12-31 01:50:52,-10.105957550933898,ba739eb3-d8da-45b4-a65f-9ba9a3ff7548,36.509479,-118.6964955
2020-01-05 01:59:01,-9.358560599454119,ba739eb3-d8da-45b4-a65f-9ba9a3ff7548,36.509479,-118.6964955
2020-01-05 14:00:03,-12.232254299945192,ba739eb3-d8da-45b4-a65f-9ba9a3ff7548,36.509479,-118.6964955
2020-01-17 01:59:01,-7.818070283202793,ba739eb3-d8da-45b4-a65f-9ba9a3ff7548,36.509479,-118.6964955
2020-01-17 14:00:02,-9.228845426175788,ba739eb3-d8da-45b4-a65f-9ba9a3ff7548,36.509479,-118.6964955
2020-01-29 01:59:00,-8.058276365482795,ba739eb3-d8da-45b4-a65f-9ba9a3ff7548,36.509479,-118.6964955
2020-01-29 14:00:02,-11.349000628823962,ba739eb3-d8da-45b4-a65f-9ba9a3ff7548,36.509479,-118.6964955
2020-02-05 01:50:51,-8.973823702401683,ba739eb3-d8da-45b4-a65f-9ba9a3ff7548,36.509479,-118.6964955
2020-02-10 01:59:00,-9.52167423980942,ba739eb3-d8da-45b4-a65f-9ba9a3ff7548,36.509479,-118.6964955
2020-02-10 14:00:02,-10.077735921908097,ba739eb3-d8da-45b4-a65f-9ba9a3ff7548,36.509479,-118.6964955
2020-02-17 01:50:51,-10.309482616176693,ba739eb3-d8da-45b4-a65f-9ba9a3ff7548,36.509479,-118.6964955
2020-02-22 01:59:00,-10.251021024900865,ba739eb3-d8da-45b4-a65f-9ba9a3ff7548,36.509479,-118.6964955
2020-02-22 14:00:02,-9.491583802854512,ba739eb3-d8da-45b4-a65f-9ba9a3ff7548,36.509479,-118.6964955
2020-02-29 01:50:51,-8.179256849609304,ba739eb3-d8da-45b4-a65f-9ba9a3ff7548,36.509479,-118.6964955
2020-03-05 01:59:00,-7.698010978713782,ba739eb3-d8da-45b4-a65f-9ba9a3ff7548,36.509479,-118.6964955
2020-03-05 14:00:02,-10.332718857704142,ba739eb3-d8da-45b4-a65f-9ba9a3ff7548,36.509479,-118.6964955
2020-03-12 01:50:51,-9.496011078600834,ba739eb3-d8da-45b4-a65f-9ba9a3ff7548,36.509479,-118.6964955
2020-03-17 01:59:00,-8.938356043711131,ba739eb3-d8da-45b4-a65f-9ba9a3ff7548,36.509479,-118.6964955
2020-03-17 14:00:02,-11.902614008057474,ba739eb3-d8da-45b4-a65f-9ba9a3ff7548,36.509479,-118.6964955
2020-03-24 01:50:51,-8.72788231193929,ba739eb3-d8da-45b4-a65f-9ba9a3ff7548,36.509479,-118.6964955
2020-03-29 01:59:00,-8.468500108911325,ba739eb3-d8da-45b4-a65f-9ba9a3ff7548,36.509479,-118.6964955
2020-03-29 14:00:02,-11.114454125883913,ba739eb3-d8da-45b4-a65f-9ba9a3ff7548,36.509479,-118.6964955
2020-04-10 01:59:00,-7.997008088946349,ba739eb3-d8da-45b4-a65f-9ba9a3ff7548,36.509479,-118.6964955
2020-04-10 14:00:02,-12.704603166458057,ba739eb3-d8da-45b4-a65f-9ba9a3ff7548,36.509479,-118.6964955
2020-04-17 01:50:52,-9.748102837438777,ba739eb3-d8da-45b4-a65f-9ba9a3ff7548,36.509479,-118.6964955
2020-04-22 01:59:01,-5.0663098292567375,ba739eb3-d8da-45b4-a65f-9ba9a3ff7548,36.509479,-118.6964955
2020-04-22 14:00:03,-9.428025235104169,ba739eb3-d8da-45b4-a65f-9ba9a3ff7548,36.509479,-118.6964955
2020-04-29 01:50:52,-8.618520239378478,ba739eb3-d8da-45b4-a65f-9ba9a3ff7548,36.509479,-118.6964955
2020-05-04 01:59:01,-8.557996542359046,ba739eb3-d8da-45b4-a65f-9ba9a3ff7548,36.509479,-118.6964955
2020-05-04 14:00:03,-13.011873072950426,ba739eb3-d8da-45b4-a65f-9ba9a3ff7548,36.509479,-118.6964955
2020-05-11 01:50:53,-12.300533471950732,ba739eb3-d8da-45b4-a65f-9ba9a3ff7548,36.509479,-118.6964955
2020-05-16 01:59:02,-9.882516635334422,ba739eb3-d8da-45b4-a65f-9ba9a3ff7548,36.509479,-118.6964955
2020-05-16 14:00:04,-11.10778005199139,ba739eb3-d8da-45b4-a65f-9ba9a3ff7548,36.509479,-118.6964955
2020-05-23 01:50:54,-9.850711817461997,ba739eb3-d8da-45b4-a65f-9ba9a3ff7548,36.509479,-118.6964955
2020-05-28 01:59:03,-13.870281830114097,ba739eb3-d8da-45b4-a65f-9ba9a3ff7548,36.509479,-118.6964955
2020-05-28 14:00:05,-13.240054023630087,ba739eb3-d8da-45b4-a65f-9ba9a3ff7548,36.509479,-118.6964955
2020-06-04 01:50:54,-11.708934313000452,ba739eb3-d8da-45b4-a65f-9ba9a3ff7548,36.509479,-118.6964955
2020-06-09 01:59:04,-9.898207163916313,ba739eb3-d8da-45b4-a65f-9ba9a3ff7548,36.509479,-118.6964955
2020-06-09 14:00:05,-15.180647239223283,ba739eb3-d8da-45b4-a65f-9ba9a3ff7548,36.509479,-118.6964955
2020-06-16 01:50:55,-11.516130620285182,ba739eb3-d8da-45b4-a65f-9ba9a3ff7548,36.509479,-118.6964955
2020-06-21 01:59:04,-10.471869670464235,ba739eb3-d8da-45b4-a65f-9ba9a3ff7548,36.509479,-118.6964955
2020-06-21 14:00:06,-13.121490687865814,ba739eb3-d8da-45b4-a65f-9ba9a3ff7548,36.509479,-118.6964955
2020-06-28 01:50:56,-14.103421812250414,ba739eb3-d8da-45b4-a65f-9ba9a3ff7548,36.509479,-118.6964955
2020-07-03 01:59:05,-10.01992827611785,ba739eb3-d8da-45b4-a65f-9ba9a3ff7548,36.509479,-118.6964955
2020-07-03 14:00:07,-11.612495043502637,ba739eb3-d8da-45b4-a65f-9ba9a3ff7548,36.509479,-118.6964955
2020-07-10 01:50:56,-12.419745342452098,ba739eb3-d8da-45b4-a65f-9ba9a3ff7548,36.509479,-118.6964955
2020-07-15 01:59:05,-10.658716578398082,ba739eb3-d8da-45b4-a65f-9ba9a3ff7548,36.509479,-118.6964955
2020-07-15 14:00:07,-10.061668971959811,ba739eb3-d8da-45b4-a65f-9ba9a3ff7548,36.509479,-118.6964955
2020-07-22 01:50:57,-9.305197842151921,ba739eb3-d8da-45b4-a65f-9ba9a3ff7548,36.509479,-118.6964955
2020-07-27 01:59:06,-12.718506290226907,ba739eb3-d8da-45b4-a65f-9ba9a3ff7548,36.509479,-118.6964955
2020-07-27 14:00:08,-7.775360122002717,ba739eb3-d8da-45b4-a65f-9ba9a3ff7548,36.509479,-118.6964955
2020-08-03 01:50:58,-11.894498753717919,ba739eb3-d8da-45b4-a65f-9ba9a3ff7548,36.509479,-118.6964955
2020-08-08 01:59:07,-9.889927164054907,ba739eb3-d8da-45b4-a65f-9ba9a3ff7548,36.509479,-118.6964955
2020-08-08 14:00:09,-9.724560488643865,ba739eb3-d8da-45b4-a65f-9ba9a3ff7548,36.509479,-118.6964955
2020-08-15 01:50:58,-10.915746654820788,ba739eb3-d8da-45b4-a65f-9ba9a3ff7548,36.509479,-118.6964955
2020-08-20 01:59:08,-8.135879087839527,ba739eb3-d8da-45b4-a65f-9ba9a3ff7548,36.509479,-118.6964955
2020-08-20 14:00:10,-9.379264678490841,ba739eb3-d8da-45b4-a65f-9ba9a3ff7548,36.509479,-118.6964955
2020-08-27 01:50:59,-9.149088392050901,ba739eb3-d8da-45b4-a65f-9ba9a3ff7548,36.509479,-118.6964955
2020-09-01 01:59:08,-8.332204845101703,ba739eb3-d8da-45b4-a65f-9ba9a3ff7548,36.509479,-118.6964955
2020-09-01 14:00:10,-8.74589676566033,ba739eb3-d8da-45b4-a65f-9ba9a3ff7548,36.509479,-118.6964955
2020-09-08 01:51:00,-10.118296295965896,ba739eb3-d8da-45b4-a65f-9ba9a3ff7548,36.509479,-118.6964955
2020-09-13 01:59:09,-11.87825784723697,ba739eb3-d8da-45b4-a65f-9ba9a3ff7548,36.509479,-118.6964955
2020-09-13 14:00:11,-9.461784367832172,ba739eb3-d8da-45b4-a65f-9ba9a3ff7548,36.509479,-118.6964955
2020-09-20 01:51:00,-12.984009913846293,ba739eb3-d8da-45b4-a65f-9ba9a3ff7548,36.509479,-118.6964955
2020-09-25 01:59:09,-9.77883631084398,ba739eb3-d8da-45b4-a65f-9ba9a3ff7548,36.509479,-118.6964955
2020-09-25 14:00:11,-12.018800784190912,ba739eb3-d8da-45b4-a65f-9ba9a3ff7548,36.509479,-118.6964955
2020-10-02 01:51:00,-13.35265761805714,ba739eb3-d8da-45b4-a65f-9ba9a3ff7548,36.509479,-118.6964955
2020-10-07 01:59:10,-12.883616903969276,ba739eb3-d8da-45b4-a65f-9ba9a3ff7548,36.509479,-118.6964955
2020-10-07 14:00:11,-11.867189853002154,ba739eb3-d8da-45b4-a65f-9ba9a3ff7548,36.509479,-118.6964955
2020-10-14 01:51:01,-10.486887242868418,ba739eb3-d8da-45b4-a65f-9ba9a3ff7548,36.509479,-118.6964955
2020-10-19 01:59:10,-9.107272805981665,ba739eb3-d8da-45b4-a65f-9ba9a3ff7548,36.509479,-118.6964955
2020-10-19 14:00:11,-14.029516299563475,ba739eb3-d8da-45b4-a65f-9ba9a3ff7548,36.509479,-118.6964955
2020-10-26 01:51:01,-11.616985086704357,ba739eb3-d8da-45b4-a65f-9ba9a3ff7548,36.509479,-118.6964955
2020-10-31 01:59:10,-9.875405160266531,ba739eb3-d8da-45b4-a65f-9ba9a3ff7548,36.509479,-118.6964955
2020-10-31 14:00:11,-8.260227471969527,ba739eb3-d8da-45b4-a65f-9ba9a3ff7548,36.509479,-118.6964955
2020-11-07 01:51:00,-8.744159948645635,ba739eb3-d8da-45b4-a65f-9ba9a3ff7548,36.509479,-118.6964955
2020-11-12 01:59:09,-8.471888591058805,ba739eb3-d8da-45b4-a65f-9ba9a3ff7548,36.509479,-118.6964955
2020-11-12 14:00:11,-11.538838001042999,ba739eb3-d8da-45b4-a65f-9ba9a3ff7548,36.509479,-118.6964955
2020-11-19 01:51:00,-9.837080834205734,ba739eb3-d8da-45b4-a65f-9ba9a3ff7548,36.509479,-118.6964955
2020-11-24 01:59:09,-10.058785689422143,ba739eb3-d8da-45b4-a65f-9ba9a3ff7548,36.509479,-118.6964955
2020-11-24 14:00:11,-11.924519684583968,ba739eb3-d8da-45b4-a65f-9ba9a3ff7548,36.509479,-118.6964955
2020-12-01 01:51:00,-13.344741044704483,ba739eb3-d8da-45b4-a65f-9ba9a3ff7548,36.509479,-118.6964955
2020-12-06 01:59:09,-9.374445072264063,ba739eb3-d8da-45b4-a65f-9ba9a3ff7548,36.509479,-118.6964955
2020-12-06 14:00:10,-10.447795821759618,ba739eb3-d8da-45b4-a65f-9ba9a3ff7548,36.509479,-118.6964955
2020-12-13 01:50:59,-13.808192496210074,ba739eb3-d8da-45b4-a65f-9ba9a3ff7548,36.509479,-118.6964955
2020-12-18 01:59:08,-10.654312019638938,ba739eb3-d8da-45b4-a65f-9ba9a3ff7548,36.509479,-118.6964955
2020-12-18 14:00:10,-10.285690408716066,ba739eb3-d8da-45b4-a65f-9ba9a3ff7548,36.509479,-118.6964955
2020-12-25 01:50:59,-17.24490095849533,ba739eb3-d8da-45b4-a65f-9ba9a3ff7548,36.509479,-118.6964955
2020-12-30 01:59:07,-7.641707557785621,ba739eb3-d8da-45b4-a65f-9ba9a3ff7548,36.509479,-118.6964955
2020-12-30 14:00:09,-12.728855295568495,ba739eb3-d8da-45b4-a65f-9ba9a3ff7548,36.509479,-118.6964955
2021-01-06 01:50:58,-11.498346883028454,ba739eb3-d8da-45b4-a65f-9ba9a3ff7548,36.509479,-118.6964955
2021-01-11 01:59:07,-8.979097454212285,ba739eb3-d8da-45b4-a65f-9ba9a3ff7548,36.509479,-118.6964955
2021-01-11 14:00:09,-11.453512309689218,ba739eb3-d8da-45b4-a65f-9ba9a3ff7548,36.509479,-118.6964955
2021-01-23 01:59:06,-9.697378017062784,ba739eb3-d8da-45b4-a65f-9ba9a3ff7548,36.509479,-118.6964955
2021-01-23 14:00:08,-13.684099483746163,ba739eb3-d8da-45b4-a65f-9ba9a3ff7548,36.509479,-118.6964955
2021-01-30 01:50:57,-11.147476844981096,ba739eb3-d8da-45b4-a65f-9ba9a3ff7548,36.509479,-118.6964955
2021-02-04 01:59:06,-9.115791449192336,ba739eb3-d8da-45b4-a65f-9ba9a3ff7548,36.509479,-118.6964955
2021-02-04 14:00:08,-12.868070370275461,ba739eb3-d8da-45b4-a65f-9ba9a3ff7548,36.509479,-118.6964955
2021-02-11 01:50:57,-10.703924096075067,ba739eb3-d8da-45b4-a65f-9ba9a3ff7548,36.509479,-118.6964955
2021-02-16 01:59:06,-7.063219150033416,ba739eb3-d8da-45b4-a65f-9ba9a3ff7548,36.509479,-118.6964955
2021-02-16 14:00:08,-10.005930251167165,ba739eb3-d8da-45b4-a65f-9ba9a3ff7548,36.509479,-118.6964955
2021-02-23 01:50:57,-7.516763149792821,ba739eb3-d8da-45b4-a65f-9ba9a3ff7548,36.509479,-118.6964955
2021-02-28 01:59:05,-8.585146541943589,ba739eb3-d8da-45b4-a65f-9ba9a3ff7548,36.509479,-118.6964955
2021-02-28 14:00:07,-12.513015895451717,ba739eb3-d8da-45b4-a65f-9ba9a3ff7548,36.509479,-118.6964955
2021-03-07 01:50:57,-10.40146350909293,ba739eb3-d8da-45b4-a65f-9ba9a3ff7548,36.509479,-118.6964955
2021-03-12 01:59:06,-8.381790189767903,ba739eb3-d8da-45b4-a65f-9ba9a3ff7548,36.509479,-118.6964955
2021-03-12 14:00:07,-12.64718242046827,ba739eb3-d8da-45b4-a65f-9ba9a3ff7548,36.509479,-118.6964955
2021-03-19 01:50:57,-11.922835730523316,ba739eb3-d8da-45b4-a65f-9ba9a3ff7548,36.509479,-118.6964955
2021-03-24 01:59:06,-5.016191111015966,ba739eb3-d8da-45b4-a65f-9ba9a3ff7548,36.509479,-118.6964955
2021-03-24 14:00:08,-10.037791079452322,ba739eb3-d8da-45b4-a65f-9ba9a3ff7548,36.509479,-118.6964955
2021-03-31 01:50:57,-12.958310370369812,ba739eb3-d8da-45b4-a65f-9ba9a3ff7548,36.509479,-118.6964955
2021-04-05 01:59:06,-9.119985307441834,ba739eb3-d8da-45b4-a65f-9ba9a3ff7548,36.509479,-118.6964955
2021-04-05 14:00:08,-12.359305320550959,ba739eb3-d8da-45b4-a65f-9ba9a3ff7548,36.509479,-118.6964955
2021-04-12 01:50:57,-9.768691142078032,ba739eb3-d8da-45b4-a65f-9ba9a3ff7548,36.509479,-118.6964955
2021-04-17 01:59:07,-10.077165406494595,ba739eb3-d8da-45b4-a65f-9ba9a3ff7548,36.509479,-118.6964955
2021-04-17 14:00:08,-10.724868523102266,ba739eb3-d8da-45b4-a65f-9ba9a3ff7548,36.509479,-118.6964955
2021-04-24 01:50:58,-10.624341814117578,ba739eb3-d8da-45b4-a65f-9ba9a3ff7548,36.509479,-118.6964955
2021-04-29 01:59:07,-9.180436400466103,ba739eb3-d8da-45b4-a65f-9ba9a3ff7548,36.509479,-118.6964955
2021-04-29 14:00:09,-11.13403476970684,ba739eb3-d8da-45b4-a65f-9ba9a3ff7548,36.509479,-118.6964955
2021-05-06 01:50:58,-11.046725763719143,ba739eb3-d8da-45b4-a65f-9ba9a3ff7548,36.509479,-118.6964955
2021-05-11 01:59:08,-8.973602973346363,ba739eb3-d8da-45b4-a65f-9ba9a3ff7548,36.509479,-118.6964955
2021-05-11 14:00:10,-9.347046055393681,ba739eb3-d8da-45b4-a65f-9ba9a3ff7548,36.509479,-118.6964955
2021-05-18 01:50:59,-12.852099096127043,ba739eb3-d8da-45b4-a65f-9ba9a3ff7548,36.509479,-118.6964955
2021-05-23 01:59:08,-11.59469247503907,ba739eb3-d8da-45b4-a65f-9ba9a3ff7548,36.509479,-118.6964955
2021-05-23 14:00:10,-11.061028826299024,ba739eb3-d8da-45b4-a65f-9ba9a3ff7548,36.509479,-118.6964955
2021-05-30 01:51:00,-10.944247331103226,ba739eb3-d8da-45b4-a65f-9ba9a3ff7548,36.509479,-118.6964955
2021-06-04 01:59:09,-11.036435267147592,ba739eb3-d8da-45b4-a65f-9ba9a3ff7548,36.509479,-118.6964955
2021-06-04 14:00:11,-12.811212706543131,ba739eb3-d8da-45b4-a65f-9ba9a3ff7548,36.509479,-118.6964955
2021-06-11 01:51:01,-12.70492345786012,ba739eb3-d8da-45b4-a65f-9ba9a3ff7548,36.509479,-118.6964955
2021-06-16 01:59:10,-10.802343852970699,ba739eb3-d8da-45b4-a65f-9ba9a3ff7548,36.509479,-118.6964955
2021-06-16 14:00:12,-12.651503934503305,ba739eb3-d8da-45b4-a65f-9ba9a3ff7548,36.509479,-118.6964955
2021-06-23 01:51:01,-11.468572858360513,ba739eb3-d8da-45b4-a65f-9ba9a3ff7548,36.509479,-118.6964955
2021-06-28 01:59:10,-11.207642412358238,ba739eb3-d8da-45b4-a65f-9ba9a3ff7548,36.509479,-118.6964955
2021-06-28 14:00:12,-9.097121749358246,ba739eb3-d8da-45b4-a65f-9ba9a3ff7548,36.509479,-118.6964955
2021-07-05 01:51:02,-13.810804723483521,ba739eb3-d8da-45b4-a65f-9ba9a3ff7548,36.509479,-118.6964955
2021-07-10 01:59:11,-9.78784890921271,ba739eb3-d8da-45b4-a65f-9ba9a3ff7548,36.509479,-118.6964955
2021-07-10 14:00:13,-11.125922187138215,ba739eb3-d8da-45b4-a65f-9ba9a3ff7548,36.509479,-118.6964955
2021-07-17 01:51:03,-10.746987463627796,ba739eb3-d8da-45b4-a65f-9ba9a3ff7548,36.509479,-118.6964955
2021-07-22 01:59:12,-8.803094451468676,ba739eb3-d8da-45b4-a65f-9ba9a3ff7548,36.509479,-118.6964955
2021-07-22 14:00:14,-12.90055522874745,ba739eb3-d8da-45b4-a65f-9ba9a3ff7548,36.509479,-118.6964955
2021-07-29 01:51:03,-7.8097499170450915,ba739eb3-d8da-45b4-a65f-9ba9a3ff7548,36.509479,-118.6964955
2021-08-03 01:59:13,-10.777508181634543,ba739eb3-d8da-45b4-a65f-9ba9a3ff7548,36.509479,-118.6964955
2021-08-03 14:00:15,-11.893631133432505,ba739eb3-d8da-45b4-a65f-9ba9a3ff7548,36.509479,-118.6964955
2021-08-10 01:51:04,-11.001135429030537,ba739eb3-d8da-45b4-a65f-9ba9a3ff7548,36.509479,-118.6964955
2021-08-15 01:59:13,-11.339504546374412,ba739eb3-d8da-45b4-a65f-9ba9a3ff7548,36.509479,-118.6964955
2021-08-15 14:00:15,-10.375215717379794,ba739eb3-d8da-45b4-a65f-9ba9a3ff7548,36.509479,-118.6964955
2021-08-22 01:51:05,-10.637408362515417,ba739eb3-d8da-45b4-a65f-9ba9a3ff7548,36.509479,-118.6964955
2021-08-27 01:59:14,-11.46087157186695,ba739eb3-d8da-45b4-a65f-9ba9a3ff7548,36.509479,-118.6964955
2021-08-27 14:00:16,-9.254394462259599,ba739eb3-d8da-45b4-a65f-9ba9a3ff7548,36.509479,-118.6964955
2021-09-03 01:51:05,-10.929539524699104,ba739eb3-d8da-45b4-a65f-9ba9a3ff7548,36.509479,-118.6964955
2021-09-08 01:59:14,-8.407379776589675,ba739eb3-d8da-45b4-a65f-9ba9a3ff7548,36.509479,-118.6964955
2021-09-08 14:00:16,-10.921033252213954,ba739eb3-d8da-45b4-a65f-9ba9a3ff7548,36.509479,-118.6964955
2021-09-15 01:51:06,-9.602888616153141,ba739eb3-d8da-45b4-a65f-9ba9a3ff7548,36.509479,-118.6964955
2021-09-20 01:59:15,-9.518635447912443,ba739eb3-d8da-45b4-a65f-9ba9a3ff7548,36.509479,-118.6964955
2021-09-20 14:00:17,-9.944696965086642,ba739eb3-d8da-45b4-a65f-9ba9a3ff7548,36.509479,-118.6964955
2021-09-27 01:51:06,-10.446710474620692,ba739eb3-d8da-45b4-a65f-9ba9a3ff7548,36.509479,-118.6964955
2021-10-02 01:59:15,-11.085745830084203,ba739eb3-d8da-45b4-a65f-9ba9a3ff7548,36.509479,-118.6964955
2021-10-02 14:00:17,-9.32693856603658,ba739eb3-d8da-45b4-a65f-9ba9a3ff7548,36.509479,-118.6964955
2021-10-09 01:51:06,-15.090359179006319,ba739eb3-d8da-45b4-a65f-9ba9a3ff7548,36.509479,-118.6964955
2021-10-14 01:59:15,-11.880595173604684,ba739eb3-d8da-45b4-a65f-9ba9a3ff7548,36.509479,-118.6964955
2021-10-14 14:00:17,-12.17891700437815,ba739eb3-d8da-45b4-a65f-9ba9a3ff7548,36.509479,-118.6964955
2021-10-21 01:51:06,-10.342632159921415,ba739eb3-d8da-45b4-a65f-9ba9a3ff7548,36.509479,-118.6964955
2021-10-26 01:59:15,-8.453148826530668,ba739eb3-d8da-45b4-a65f-9ba9a3ff7548,36.509479,-118.6964955
2021-10-26 14:00:17,-6.334872271951943,ba739eb3-d8da-45b4-a65f-9ba9a3ff7548,36.509479,-118.6964955
2021-11-02 01:51:06,-8.306885282984771,ba739eb3-d8da-45b4-a65f-9ba9a3ff7548,36.509479,-118.6964955
2021-11-14 01:51:03,-8.825473025426126,ba739eb3-d8da-45b4-a65f-9ba9a3ff7548,36.509479,-118.6964955
2021-11-19 01:59:12,-9.908464323939352,ba739eb3-d8da-45b4-a65f-9ba9a3ff7548,36.509479,-118.6964955
2021-11-19 14:00:17,-8.6847458461801,ba739eb3-d8da-45b4-a65f-9ba9a3ff7548,36.509479,-118.6964955
2021-11-26 01:51:03,-9.342816896532554,ba739eb3-d8da-45b4-a65f-9ba9a3ff7548,36.509479,-118.6964955
2021-12-01 01:59:12,-9.678715245084316,ba739eb3-d8da-45b4-a65f-9ba9a3ff7548,36.509479,-118.6964955
2021-12-01 14:00:16,-10.87629345476788,ba739eb3-d8da-45b4-a65f-9ba9a3ff7548,36.509479,-118.6964955
2021-12-08 01:51:02,-8.174197268446854,ba739eb3-d8da-45b4-a65f-9ba9a3ff7548,36.509479,-118.6964955
2021-12-13 01:59:11,-8.584624224216617,ba739eb3-d8da-45b4-a65f-9ba9a3ff7548,36.509479,-118.6964955
2021-12-13 14:00:16,-11.309545257336662,ba739eb3-d8da-45b4-a65f-9ba9a3ff7548,36.509479,-118.6964955
2021-12-20 01:51:02,-8.101130132279948,ba739eb3-d8da-45b4-a65f-9ba9a3ff7548,36.509479,-118.6964955
2021-12-25 14:00:15,-13.459370492976417,ba739eb3-d8da-45b4-a65f-9ba9a3ff7548,36.509479,-118.6964955
2014-10-15 13:59:22,-10.574348390345476,ba739eb3-d8da-45b4-a65f-9ba9a3ff7548,36.509479,-118.6964955
2014-11-03 01:50:24,-7.469157797862913,ba739eb3-d8da-45b4-a65f-9ba9a3ff7548,36.509479,-118.6964955
2014-11-08 13:59:22,-12.11110166933006,ba739eb3-d8da-45b4-a65f-9ba9a3ff7548,36.509479,-118.6964955
2014-11-27 01:50:17,-13.236221761735486,ba739eb3-d8da-45b4-a65f-9ba9a3ff7548,36.509479,-118.6964955
2014-12-02 13:59:22,-13.297690586058637,ba739eb3-d8da-45b4-a65f-9ba9a3ff7548,36.509479,-118.6964955
2014-12-21 01:50:35,-10.44678255965965,ba739eb3-d8da-45b4-a65f-9ba9a3ff7548,36.509479,-118.6964955
2014-12-26 13:59:21,-12.757051793533963,ba739eb3-d8da-45b4-a65f-9ba9a3ff7548,36.509479,-118.6964955
2015-01-14 01:50:34,-10.411335242339597,ba739eb3-d8da-45b4-a65f-9ba9a3ff7548,36.509479,-118.6964955
2015-01-31 01:58:22,-8.33353804896853,ba739eb3-d8da-45b4-a65f-9ba9a3ff7548,36.509479,-118.6964955
2015-02-07 01:50:22,-9.189153563055092,ba739eb3-d8da-45b4-a65f-9ba9a3ff7548,36.509479,-118.6964955
2015-02-12 13:59:19,-11.30201278622467,ba739eb3-d8da-45b4-a65f-9ba9a3ff7548,36.509479,-118.6964955
2015-02-24 01:58:16,-9.475919162789985,ba739eb3-d8da-45b4-a65f-9ba9a3ff7548,36.509479,-118.6964955
2015-03-08 13:59:20,-9.742796432886685,ba739eb3-d8da-45b4-a65f-9ba9a3ff7548,36.509479,-118.6964955
2015-03-20 01:58:27,-8.885614673972887,ba739eb3-d8da-45b4-a65f-9ba9a3ff7548,36.509479,-118.6964955
2015-04-01 13:59:20,-11.08138715113271,ba739eb3-d8da-45b4-a65f-9ba9a3ff7548,36.509479,-118.6964955
2015-04-08 01:50:16,-8.420894178567174,ba739eb3-d8da-45b4-a65f-9ba9a3ff7548,36.509479,-118.6964955
2015-04-20 13:51:07,-48.91431940053976,ba739eb3-d8da-45b4-a65f-9ba9a3ff7548,36.509479,-118.6964955
2015-04-25 13:59:22,-9.38998435512934,ba739eb3-d8da-45b4-a65f-9ba9a3ff7548,36.509479,-118.6964955
2015-05-02 01:50:22,-10.278306203306345,ba739eb3-d8da-45b4-a65f-9ba9a3ff7548,36.509479,-118.6964955
2015-05-07 01:58:45,-7.839966482650094,ba739eb3-d8da-45b4-a65f-9ba9a3ff7548,36.509479,-118.6964955
2015-05-26 01:50:26,-8.088897872896856,ba739eb3-d8da-45b4-a65f-9ba9a3ff7548,36.509479,-118.6964955
2015-05-31 01:58:38,-7.152956457088427,ba739eb3-d8da-45b4-a65f-9ba9a3ff7548,36.509479,-118.6964955
2015-06-07 13:51:10,-43.96262665756338,ba739eb3-d8da-45b4-a65f-9ba9a3ff7548,36.509479,-118.6964955
2015-06-12 13:59:25,-12.317496520853359,ba739eb3-d8da-45b4-a65f-9ba9a3ff7548,36.509479,-118.6964955
2015-06-19 01:50:27,-9.593085396809645,ba739eb3-d8da-45b4-a65f-9ba9a3ff7548,36.509479,-118.6964955
2015-06-24 01:58:40,-8.284886831900932,ba739eb3-d8da-45b4-a65f-9ba9a3ff7548,36.509479,-118.6964955
2015-07-01 13:51:10,-43.70923759518344,ba739eb3-d8da-45b4-a65f-9ba9a3ff7548,36.509479,-118.6964955
2015-07-06 13:59:25,-11.470591223599564,ba739eb3-d8da-45b4-a65f-9ba9a3ff7548,36.509479,-118.6964955
2015-07-13 01:50:28,-8.577119003103542,ba739eb3-d8da-45b4-a65f-9ba9a3ff7548,36.509479,-118.6964955
2015-07-18 01:58:40,-7.7987177376725905,ba739eb3-d8da-45b4-a65f-9ba9a3ff7548,36.509479,-118.6964955
2015-07-25 13:51:12,-49.93750351422892,ba739eb3-d8da-45b4-a65f-9ba9a3ff7548,36.509479,-118.6964955
2015-07-30 13:59:26,-9.095629354135747,ba739eb3-d8da-45b4-a65f-9ba9a3ff7548,36.509479,-118.6964955
2015-08-06 01:50:29,-9.537975214846593,ba739eb3-d8da-45b4-a65f-9ba9a3ff7548,36.509479,-118.6964955
2015-08-11 01:58:41,-7.622063012360258,ba739eb3-d8da-45b4-a65f-9ba9a3ff7548,36.509479,-118.6964955
2015-08-18 13:51:13,-49.93734028429566,ba739eb3-d8da-45b4-a65f-9ba9a3ff7548,36.509479,-118.6964955
2015-08-23 13:59:28,-12.134703493520364,ba739eb3-d8da-45b4-a65f-9ba9a3ff7548,36.509479,-118.6964955
2015-09-04 01:58:42,-9.667060215534823,ba739eb3-d8da-45b4-a65f-9ba9a3ff7548,36.509479,-118.6964955
2015-09-11 13:51:14,-49.93747226936674,ba739eb3-d8da-45b4-a65f-9ba9a3ff7548,36.509479,-118.6964955
2015-09-16 13:59:28,-10.854495235692422,ba739eb3-d8da-45b4-a65f-9ba9a3ff7548,36.509479,-118.6964955
2015-09-28 01:58:43,-6.931955719470075,ba739eb3-d8da-45b4-a65f-9ba9a3ff7548,36.509479,-118.6964955
2015-10-05 13:51:14,-49.937314199225355,ba739eb3-d8da-45b4-a65f-9ba9a3ff7548,36.509479,-118.6964955
2015-10-10 13:59:29,-9.621398422670325,ba739eb3-d8da-45b4-a65f-9ba9a3ff7548,36.509479,-118.6964955
2015-10-17 01:50:32,-7.342523676479074,ba739eb3-d8da-45b4-a65f-9ba9a3ff7548,36.509479,-118.6964955
2015-11-03 13:59:29,-13.266402610224457,ba739eb3-d8da-45b4-a65f-9ba9a3ff7548,36.509479,-118.6964955
2015-11-15 01:58:37,-7.332961444528756,ba739eb3-d8da-45b4-a65f-9ba9a3ff7548,36.509479,-118.6964955
2015-11-15 01:58:37,-7.332961444528756,ba739eb3-d8da-45b4-a65f-9ba9a3ff7548,36.509479,-118.6964955
2015-11-27 13:59:23,-12.96701494584446,ba739eb3-d8da-45b4-a65f-9ba9a3ff7548,36.509479,-118.6964955
2015-12-21 13:59:22,-12.15708031501775,ba739eb3-d8da-45b4-a65f-9ba9a3ff7548,36.509479,-118.6964955
2016-01-09 13:51:32,-49.94389617122456,ba739eb3-d8da-45b4-a65f-9ba9a3ff7548,36.509479,-118.6964955
2016-01-14 13:59:21,-8.552943193672133,ba739eb3-d8da-45b4-a65f-9ba9a3ff7548,36.509479,-118.6964955
2016-01-26 01:58:35,-5.804272850629721,ba739eb3-d8da-45b4-a65f-9ba9a3ff7548,36.509479,-118.6964955
2016-02-07 13:59:21,-13.92052742059581,ba739eb3-d8da-45b4-a65f-9ba9a3ff7548,36.509479,-118.6964955
2016-02-14 01:50:23,-12.289990024360131,ba739eb3-d8da-45b4-a65f-9ba9a3ff7548,36.509479,-118.6964955
2016-02-19 01:58:35,-5.195129519718456,ba739eb3-d8da-45b4-a65f-9ba9a3ff7548,36.509479,-118.6964955
2016-02-26 13:51:31,-49.94371356312217,ba739eb3-d8da-45b4-a65f-9ba9a3ff7548,36.509479,-118.6964955
2016-03-02 13:59:21,-11.196619534340515,ba739eb3-d8da-45b4-a65f-9ba9a3ff7548,36.509479,-118.6964955
2016-03-21 13:51:31,-49.943811104758296,ba739eb3-d8da-45b4-a65f-9ba9a3ff7548,36.509479,-118.6964955
2016-03-26 13:59:21,-11.069766858411255,ba739eb3-d8da-45b4-a65f-9ba9a3ff7548,36.509479,-118.6964955
2016-04-07 01:58:36,-12.89457745648281,ba739eb3-d8da-45b4-a65f-9ba9a3ff7548,36.509479,-118.6964955
2016-04-14 13:51:30,-49.942637241103405,ba739eb3-d8da-45b4-a65f-9ba9a3ff7548,36.509479,-118.6964955
2016-04-19 13:59:42,-11.723268715989004,ba739eb3-d8da-45b4-a65f-9ba9a3ff7548,36.509479,-118.6964955
2016-04-26 01:50:25,-11.326492058163284,ba739eb3-d8da-45b4-a65f-9ba9a3ff7548,36.509479,-118.6964955
2016-05-01 01:58:37,-8.751002655899837,ba739eb3-d8da-45b4-a65f-9ba9a3ff7548,36.509479,-118.6964955
2016-05-08 13:51:33,-49.9436949128058,ba739eb3-d8da-45b4-a65f-9ba9a3ff7548,36.509479,-118.6964955
2016-05-13 13:59:23,-12.08834388941417,ba739eb3-d8da-45b4-a65f-9ba9a3ff7548,36.509479,-118.6964955
2016-05-20 01:50:26,-10.617758144017426,ba739eb3-d8da-45b4-a65f-9ba9a3ff7548,36.509479,-118.6964955
2016-05-25 01:58:41,-4.760108343441195,ba739eb3-d8da-45b4-a65f-9ba9a3ff7548,36.509479,-118.6964955
2016-06-01 13:51:37,-49.94393548817933,ba739eb3-d8da-45b4-a65f-9ba9a3ff7548,36.509479,-118.6964955
2016-06-06 13:59:25,-9.90651845772011,ba739eb3-d8da-45b4-a65f-9ba9a3ff7548,36.509479,-118.6964955
2016-06-13 01:50:28,-9.379549374364892,ba739eb3-d8da-45b4-a65f-9ba9a3ff7548,36.509479,-118.6964955
2016-06-30 13:59:26,-13.782039525499583,ba739eb3-d8da-45b4-a65f-9ba9a3ff7548,36.509479,-118.6964955
2016-07-07 01:50:29,-13.177134226023256,ba739eb3-d8da-45b4-a65f-9ba9a3ff7548,36.509479,-118.6964955
2016-07-19 13:51:21,-49.93823505815506,ba739eb3-d8da-45b4-a65f-9ba9a3ff7548,36.509479,-118.6964955
2016-07-24 13:59:27,-11.720495157985374,ba739eb3-d8da-45b4-a65f-9ba9a3ff7548,36.509479,-118.6964955
2016-07-31 01:50:30,-9.98728590323428,ba739eb3-d8da-45b4-a65f-9ba9a3ff7548,36.509479,-118.6964955
2016-08-05 01:58:45,-10.662193337165855,ba739eb3-d8da-45b4-a65f-9ba9a3ff7548,36.509479,-118.6964955
2016-08-17 13:59:29,-10.277166509727483,ba739eb3-d8da-45b4-a65f-9ba9a3ff7548,36.509479,-118.6964955
2016-08-24 01:50:33,-10.918197879399198,ba739eb3-d8da-45b4-a65f-9ba9a3ff7548,36.509479,-118.6964955
2016-09-10 13:59:30,-10.60229379607586,ba739eb3-d8da-45b4-a65f-9ba9a3ff7548,36.509479,-118.6964955
2016-09-22 01:58:47,-10.892605727826691,ba739eb3-d8da-45b4-a65f-9ba9a3ff7548,36.509479,-118.6964955
2016-10-04 13:59:46,-9.703846680229182,ba739eb3-d8da-45b4-a65f-9ba9a3ff7548,36.509479,-118.6964955
2016-10-11 01:50:33,-11.130018557547146,ba739eb3-d8da-45b4-a65f-9ba9a3ff7548,36.509479,-118.6964955
2016-10-16 01:58:50,-8.854853081679991,ba739eb3-d8da-45b4-a65f-9ba9a3ff7548,36.509479,-118.6964955
2016-10-28 13:59:46,-8.832495113915405,ba739eb3-d8da-45b4-a65f-9ba9a3ff7548,36.509479,-118.6964955
2016-11-04 01:50:33,-10.925628270046698,ba739eb3-d8da-45b4-a65f-9ba9a3ff7548,36.509479,-118.6964955
2016-11-09 01:58:50,-10.77083757384669,ba739eb3-d8da-45b4-a65f-9ba9a3ff7548,36.509479,-118.6964955
2016-11-21 13:59:46,-15.408427367405109,ba739eb3-d8da-45b4-a65f-9ba9a3ff7548,36.509479,-118.6964955
2016-11-28 01:50:32,-12.25874671685716,ba739eb3-d8da-45b4-a65f-9ba9a3ff7548,36.509479,-118.6964955
2016-12-03 01:58:49,-9.384558585756817,ba739eb3-d8da-45b4-a65f-9ba9a3ff7548,36.509479,-118.6964955
2016-12-15 13:59:45,-10.354440101623242,ba739eb3-d8da-45b4-a65f-9ba9a3ff7548,36.509479,-118.6964955
2016-12-22 01:50:32,-12.32173502270208,ba739eb3-d8da-45b4-a65f-9ba9a3ff7548,36.509479,-118.6964955
2016-12-27 01:58:48,-10.282759877165477,ba739eb3-d8da-45b4-a65f-9ba9a3ff7548,36.509479,-118.6964955
2017-01-08 13:59:43,-9.748927257546727,ba739eb3-d8da-45b4-a65f-9ba9a3ff7548,36.509479,-118.6964955
2017-01-15 01:50:30,-11.091652138261106,ba739eb3-d8da-45b4-a65f-9ba9a3ff7548,36.509479,-118.6964955
2017-01-20 01:58:46,-8.303654606778345,ba739eb3-d8da-45b4-a65f-9ba9a3ff7548,36.509479,-118.6964955
2017-02-01 13:59:43,-8.92918295658814,ba739eb3-d8da-45b4-a65f-9ba9a3ff7548,36.509479,-118.6964955
2018-07-15 13:50:58,-2.1464303903903077,ba739eb3-d8da-45b4-a65f-9ba9a3ff7548,36.509479,-118.6964955
2016-10-29 01:50:08,-10.442925002023895,ba739eb3-d8da-45b4-a65f-9ba9a3ff7548,36.509479,-118.6964955
2016-11-22 01:50:08,-9.968904371631412,ba739eb3-d8da-45b4-a65f-9ba9a3ff7548,36.509479,-118.6964955
2016-12-16 01:49:50,-10.755706302254746,ba739eb3-d8da-45b4-a65f-9ba9a3ff7548,36.509479,-118.6964955
2017-01-02 01:58:05,-7.084639415310618,ba739eb3-d8da-45b4-a65f-9ba9a3ff7548,36.509479,-118.6964955
2017-01-09 01:49:48,-8.484812911609279,ba739eb3-d8da-45b4-a65f-9ba9a3ff7548,36.509479,-118.6964955
2017-01-14 01:58:13,-9.192230762223563,ba739eb3-d8da-45b4-a65f-9ba9a3ff7548,36.509479,-118.6964955
2017-01-14 13:58:43,-11.835204654615,ba739eb3-d8da-45b4-a65f-9ba9a3ff7548,36.509479,-118.6964955
2017-01-21 01:49:47,-7.559818762734812,ba739eb3-d8da-45b4-a65f-9ba9a3ff7548,36.509479,-118.6964955
2017-01-26 01:58:04,-9.205254344981231,ba739eb3-d8da-45b4-a65f-9ba9a3ff7548,36.509479,-118.6964955
2017-01-26 13:58:46,-11.418749039508384,ba739eb3-d8da-45b4-a65f-9ba9a3ff7548,36.509479,-118.6964955
2017-02-02 01:49:47,-7.841889011432817,ba739eb3-d8da-45b4-a65f-9ba9a3ff7548,36.509479,-118.6964955
2017-02-19 01:58:04,-5.86494112886931,ba739eb3-d8da-45b4-a65f-9ba9a3ff7548,36.509479,-118.6964955
2017-02-26 01:49:41,-8.977552243778739,ba739eb3-d8da-45b4-a65f-9ba9a3ff7548,36.509479,-118.6964955
2017-03-03 01:57:55,-7.009176124280694,ba739eb3-d8da-45b4-a65f-9ba9a3ff7548,36.509479,-118.6964955
2017-03-10 01:49:42,-9.818965658780002,ba739eb3-d8da-45b4-a65f-9ba9a3ff7548,36.509479,-118.6964955
2017-03-15 01:57:56,-11.24478753658975,ba739eb3-d8da-45b4-a65f-9ba9a3ff7548,36.509479,-118.6964955
2017-03-27 01:57:56,-3.6288675859027864,ba739eb3-d8da-45b4-a65f-9ba9a3ff7548,36.509479,-118.6964955
2017-04-03 01:49:42,-11.770381572510951,ba739eb3-d8da-45b4-a65f-9ba9a3ff7548,36.509479,-118.6964955
2017-04-08 01:57:56,-6.139011857589432,ba739eb3-d8da-45b4-a65f-9ba9a3ff7548,36.509479,-118.6964955
2017-04-15 01:49:43,-11.719871519744308,ba739eb3-d8da-45b4-a65f-9ba9a3ff7548,36.509479,-118.6964955
2017-04-20 01:57:57,-10.046437925072382,ba739eb3-d8da-45b4-a65f-9ba9a3ff7548,36.509479,-118.6964955
2017-04-27 01:49:43,-9.97189638919661,ba739eb3-d8da-45b4-a65f-9ba9a3ff7548,36.509479,-118.6964955
2017-05-02 01:57:58,-11.9585631466558,ba739eb3-d8da-45b4-a65f-9ba9a3ff7548,36.509479,-118.6964955
2017-05-09 01:49:44,-8.495450654388547,ba739eb3-d8da-45b4-a65f-9ba9a3ff7548,36.509479,-118.6964955
2017-05-14 01:57:58,-9.281897034043546,ba739eb3-d8da-45b4-a65f-9ba9a3ff7548,36.509479,-118.6964955
2017-05-21 01:49:44,-11.939157533335894,ba739eb3-d8da-45b4-a65f-9ba9a3ff7548,36.509479,-118.6964955
2017-05-26 01:57:59,-7.7493848344614396,ba739eb3-d8da-45b4-a65f-9ba9a3ff7548,36.509479,-118.6964955
2017-06-02 01:49:45,-11.662362296205231,ba739eb3-d8da-45b4-a65f-9ba9a3ff7548,36.509479,-118.6964955
2017-06-07 01:58:08,-10.063408303359912,ba739eb3-d8da-45b4-a65f-9ba9a3ff7548,36.509479,-118.6964955
2017-06-14 01:49:46,-9.48187811827646,ba739eb3-d8da-45b4-a65f-9ba9a3ff7548,36.509479,-118.6964955
2017-06-26 01:49:47,-10.402288833086534,ba739eb3-d8da-45b4-a65f-9ba9a3ff7548,36.509479,-118.6964955
2017-07-01 01:58:09,-7.509536439027614,ba739eb3-d8da-45b4-a65f-9ba9a3ff7548,36.509479,-118.6964955
2017-07-08 01:49:47,-10.649862736995825,ba739eb3-d8da-45b4-a65f-9ba9a3ff7548,36.509479,-118.6964955
2017-07-13 01:58:10,-8.863453383191548,ba739eb3-d8da-45b4-a65f-9ba9a3ff7548,36.509479,-118.6964955
2017-07-20 01:49:48,-9.974792027597827,ba739eb3-d8da-45b4-a65f-9ba9a3ff7548,36.509479,-118.6964955
2017-08-01 01:49:49,-9.214319469518081,ba739eb3-d8da-45b4-a65f-9ba9a3ff7548,36.509479,-118.6964955
2017-08-06 01:58:11,-7.440160527445762,ba739eb3-d8da-45b4-a65f-9ba9a3ff7548,36.509479,-118.6964955
2017-08-13 01:49:49,-10.301121144783487,ba739eb3-d8da-45b4-a65f-9ba9a3ff7548,36.509479,-118.6964955
2017-08-18 01:58:12,-8.20970446691035,ba739eb3-d8da-45b4-a65f-9ba9a3ff7548,36.509479,-118.6964955
2017-08-25 01:49:50,-13.042853150320175,ba739eb3-d8da-45b4-a65f-9ba9a3ff7548,36.509479,-118.6964955
2017-08-30 01:58:12,-11.170013277772155,ba739eb3-d8da-45b4-a65f-9ba9a3ff7548,36.509479,-118.6964955
2017-09-06 01:49:50,-12.604727324326849,ba739eb3-d8da-45b4-a65f-9ba9a3ff7548,36.509479,-118.6964955
2017-09-11 01:58:13,-8.170966083625759,ba739eb3-d8da-45b4-a65f-9ba9a3ff7548,36.509479,-118.6964955
2017-09-18 01:49:51,-14.290483465392247,ba739eb3-d8da-45b4-a65f-9ba9a3ff7548,36.509479,-118.6964955
2017-09-23 01:58:13,-9.126148221020895,ba739eb3-d8da-45b4-a65f-9ba9a3ff7548,36.509479,-118.6964955
2017-09-30 01:49:51,-11.556697203248532,ba739eb3-d8da-45b4-a65f-9ba9a3ff7548,36.509479,-118.6964955
2017-10-05 01:58:14,-7.925553157554722,ba739eb3-d8da-45b4-a65f-9ba9a3ff7548,36.509479,-118.6964955
2017-10-12 01:49:51,-11.534182710222847,ba739eb3-d8da-45b4-a65f-9ba9a3ff7548,36.509479,-118.6964955
2017-10-17 01:58:20,-6.552871673988758,ba739eb3-d8da-45b4-a65f-9ba9a3ff7548,36.509479,-118.6964955
2017-10-24 01:49:51,-9.550460765796087,ba739eb3-d8da-45b4-a65f-9ba9a3ff7548,36.509479,-118.6964955
2017-10-29 01:58:14,-8.255743103188689,ba739eb3-d8da-45b4-a65f-9ba9a3ff7548,36.509479,-118.6964955
2017-11-05 01:49:51,-10.108832090030608,ba739eb3-d8da-45b4-a65f-9ba9a3ff7548,36.509479,-118.6964955
2017-11-10 01:58:13,-7.07018154812049,ba739eb3-d8da-45b4-a65f-9ba9a3ff7548,36.509479,-118.6964955
2017-11-17 01:49:51,-7.860234750923456,ba739eb3-d8da-45b4-a65f-9ba9a3ff7548,36.509479,-118.6964955
2017-11-22 01:58:13,-8.861659460300654,ba739eb3-d8da-45b4-a65f-9ba9a3ff7548,36.509479,-118.6964955
2017-11-29 01:49:51,-13.074839347737992,ba739eb3-d8da-45b4-a65f-9ba9a3ff7548,36.509479,-118.6964955
2017-12-04 01:58:13,-7.947552429736275,ba739eb3-d8da-45b4-a65f-9ba9a3ff7548,36.509479,-118.6964955
2017-12-11 01:49:50,-8.789594429868153,ba739eb3-d8da-45b4-a65f-9ba9a3ff7548,36.509479,-118.6964955
2017-12-16 01:58:13,-8.596592086222806,ba739eb3-d8da-45b4-a65f-9ba9a3ff7548,36.509479,-118.6964955
2017-12-23 01:49:50,-12.085509680945542,ba739eb3-d8da-45b4-a65f-9ba9a3ff7548,36.509479,-118.6964955
2017-12-28 01:58:12,-8.67062095255611,ba739eb3-d8da-45b4-a65f-9ba9a3ff7548,36.509479,-118.6964955
2018-01-04 01:49:49,-11.116990203674098,ba739eb3-d8da-45b4-a65f-9ba9a3ff7548,36.509479,-118.6964955
2018-01-09 01:58:12,-3.7625048766328284,ba739eb3-d8da-45b4-a65f-9ba9a3ff7548,36.509479,-118.6964955
2018-01-16 01:49:49,-15.057689385111859,ba739eb3-d8da-45b4-a65f-9ba9a3ff7548,36.509479,-118.6964955
2018-01-21 01:58:11,-9.387171796442924,ba739eb3-d8da-45b4-a65f-9ba9a3ff7548,36.509479,-118.6964955
2018-01-28 01:49:49,-13.93229415445486,ba739eb3-d8da-45b4-a65f-9ba9a3ff7548,36.509479,-118.6964955
2018-02-09 01:49:48,-11.603998920032147,ba739eb3-d8da-45b4-a65f-9ba9a3ff7548,36.509479,-118.6964955
2018-02-21 01:49:48,-14.727986323893623,ba739eb3-d8da-45b4-a65f-9ba9a3ff7548,36.509479,-118.6964955
2018-02-26 01:58:10,-7.195522408328067,ba739eb3-d8da-45b4-a65f-9ba9a3ff7548,36.509479,-118.6964955
2018-03-05 01:49:48,-10.28930041240587,ba739eb3-d8da-45b4-a65f-9ba9a3ff7548,36.509479,-118.6964955
2018-03-10 01:58:11,-6.3983863094501,ba739eb3-d8da-45b4-a65f-9ba9a3ff7548,36.509479,-118.6964955
2018-03-17 01:49:48,-11.746239933929454,ba739eb3-d8da-45b4-a65f-9ba9a3ff7548,36.509479,-118.6964955
2018-03-22 01:58:11,-3.487574890780948,ba739eb3-d8da-45b4-a65f-9ba9a3ff7548,36.509479,-118.6964955
2018-04-03 01:58:11,-6.091978035860364,ba739eb3-d8da-45b4-a65f-9ba9a3ff7548,36.509479,-118.6964955
2018-04-10 01:49:49,-12.015275933411672,ba739eb3-d8da-45b4-a65f-9ba9a3ff7548,36.509479,-118.6964955
2018-04-22 01:49:49,-8.126195338311742,ba739eb3-d8da-45b4-a65f-9ba9a3ff7548,36.509479,-118.6964955
2018-04-27 01:58:12,-9.366197750290063,ba739eb3-d8da-45b4-a65f-9ba9a3ff7548,36.509479,-118.6964955
2018-05-04 01:49:50,-10.158761771520783,ba739eb3-d8da-45b4-a65f-9ba9a3ff7548,36.509479,-118.6964955
2018-05-16 01:49:50,-10.913467536352865,ba739eb3-d8da-45b4-a65f-9ba9a3ff7548,36.509479,-118.6964955
2018-05-21 01:58:13,-9.78434572022821,ba739eb3-d8da-45b4-a65f-9ba9a3ff7548,36.509479,-118.6964955
2018-05-28 01:49:51,-12.121253694500487,ba739eb3-d8da-45b4-a65f-9ba9a3ff7548,36.509479,-118.6964955
2018-06-02 01:58:14,-8.316968607351368,ba739eb3-d8da-45b4-a65f-9ba9a3ff7548,36.509479,-118.6964955
2018-06-09 01:49:52,-12.936311925661276,ba739eb3-d8da-45b4-a65f-9ba9a3ff7548,36.509479,-118.6964955
2018-06-21 01:49:53,-13.490144464921025,ba739eb3-d8da-45b4-a65f-9ba9a3ff7548,36.509479,-118.6964955
2018-07-03 01:49:54,-12.200157007006572,ba739eb3-d8da-45b4-a65f-9ba9a3ff7548,36.509479,-118.6964955
2018-07-08 01:58:16,-9.6013480145963,ba739eb3-d8da-45b4-a65f-9ba9a3ff7548,36.509479,-118.6964955
2018-07-15 01:49:54,-9.416289381446388,ba739eb3-d8da-45b4-a65f-9ba9a3ff7548,36.509479,-118.6964955
2018-07-20 01:58:17,-10.439270277651083,ba739eb3-d8da-45b4-a65f-9ba9a3ff7548,36.509479,-118.6964955
2018-07-27 01:49:55,-10.44931059622658,ba739eb3-d8da-45b4-a65f-9ba9a3ff7548,36.509479,-118.6964955
2018-08-01 01:58:18,-9.423300012440938,ba739eb3-d8da-45b4-a65f-9ba9a3ff7548,36.509479,-118.6964955
2018-08-13 01:58:18,-7.304597338627915,ba739eb3-d8da-45b4-a65f-9ba9a3ff7548,36.509479,-118.6964955
2018-08-25 01:58:19,-8.819726519452876,ba739eb3-d8da-45b4-a65f-9ba9a3ff7548,36.509479,-118.6964955
2018-09-06 01:58:20,-11.605671477902797,ba739eb3-d8da-45b4-a65f-9ba9a3ff7548,36.509479,-118.6964955
2018-09-18 01:58:20,-10.63218930091229,ba739eb3-d8da-45b4-a65f-9ba9a3ff7548,36.509479,-118.6964955
2018-09-25 01:49:58,-9.707868763033341,ba739eb3-d8da-45b4-a65f-9ba9a3ff7548,36.509479,-118.6964955
2018-09-30 01:58:20,-9.669963643167875,ba739eb3-d8da-45b4-a65f-9ba9a3ff7548,36.509479,-118.6964955
2018-10-12 01:58:21,-9.624583139524757,ba739eb3-d8da-45b4-a65f-9ba9a3ff7548,36.509479,-118.6964955
2018-10-24 01:58:21,-9.477050632374898,ba739eb3-d8da-45b4-a65f-9ba9a3ff7548,36.509479,-118.6964955
2018-11-05 01:58:20,-8.939766255792808,ba739eb3-d8da-45b4-a65f-9ba9a3ff7548,36.509479,-118.6964955
2018-11-17 01:58:20,-9.993027648802578,ba739eb3-d8da-45b4-a65f-9ba9a3ff7548,36.509479,-118.6964955
2018-11-17 13:59:16,-9.858936111825656,ba739eb3-d8da-45b4-a65f-9ba9a3ff7548,36.509479,-118.6964955
2018-11-29 01:58:20,-4.4206646087771615,ba739eb3-d8da-45b4-a65f-9ba9a3ff7548,36.509479,-118.6964955
2018-12-11 01:58:19,-8.065468813275851,ba739eb3-d8da-45b4-a65f-9ba9a3ff7548,36.509479,-118.6964955
2018-12-23 01:58:19,-6.8430404017784765,ba739eb3-d8da-45b4-a65f-9ba9a3ff7548,36.509479,-118.6964955
2018-12-30 01:49:56,-10.866165832524036,ba739eb3-d8da-45b4-a65f-9ba9a3ff7548,36.509479,-118.6964955
2019-01-04 01:58:18,-8.935981809297989,ba739eb3-d8da-45b4-a65f-9ba9a3ff7548,36.509479,-118.6964955
2019-01-11 01:49:56,-9.983342590073933,ba739eb3-d8da-45b4-a65f-9ba9a3ff7548,36.509479,-118.6964955
2019-01-16 01:58:18,-9.924566723328835,ba739eb3-d8da-45b4-a65f-9ba9a3ff7548,36.509479,-118.6964955
2019-01-23 01:49:55,-12.789193464564526,ba739eb3-d8da-45b4-a65f-9ba9a3ff7548,36.509479,-118.6964955
2019-01-28 01:58:18,-6.903664055398698,ba739eb3-d8da-45b4-a65f-9ba9a3ff7548,36.509479,-118.6964955
2019-02-09 01:58:17,-6.693976251332074,ba739eb3-d8da-45b4-a65f-9ba9a3ff7548,36.509479,-118.6964955
2019-02-21 01:58:17,-7.984412558614197,ba739eb3-d8da-45b4-a65f-9ba9a3ff7548,36.509479,-118.6964955
2019-03-05 01:58:17,-6.457960066510115,ba739eb3-d8da-45b4-a65f-9ba9a3ff7548,36.509479,-118.6964955
2019-03-12 01:49:55,-10.846151074302542,ba739eb3-d8da-45b4-a65f-9ba9a3ff7548,36.509479,-118.6964955
2019-03-17 01:58:17,-8.779917221010935,ba739eb3-d8da-45b4-a65f-9ba9a3ff7548,36.509479,-118.6964955
2019-03-24 01:49:55,-13.4389951401561,ba739eb3-d8da-45b4-a65f-9ba9a3ff7548,36.509479,-118.6964955
2019-03-29 01:58:17,-8.76188450657682,ba739eb3-d8da-45b4-a65f-9ba9a3ff7548,36.509479,-118.6964955
2019-04-05 01:49:55,-11.271077623182945,ba739eb3-d8da-45b4-a65f-9ba9a3ff7548,36.509479,-118.6964955
2019-04-10 01:58:18,-5.453130331324766,ba739eb3-d8da-45b4-a65f-9ba9a3ff7548,36.509479,-118.6964955
2019-04-17 01:49:56,-10.652028569862438,ba739eb3-d8da-45b4-a65f-9ba9a3ff7548,36.509479,-118.6964955
2019-04-22 01:58:18,-8.785849059355119,ba739eb3-d8da-45b4-a65f-9ba9a3ff7548,36.509479,-118.6964955
2019-04-29 01:49:56,-11.225159193728826,ba739eb3-d8da-45b4-a65f-9ba9a3ff7548,36.509479,-118.6964955
2019-05-04 01:58:19,-10.849039520448688,ba739eb3-d8da-45b4-a65f-9ba9a3ff7548,36.509479,-118.6964955
2019-05-11 01:49:57,-8.504176751430002,ba739eb3-d8da-45b4-a65f-9ba9a3ff7548,36.509479,-118.6964955
2019-05-16 01:58:19,-9.972479928178448,ba739eb3-d8da-45b4-a65f-9ba9a3ff7548,36.509479,-118.6964955
2019-05-23 01:49:57,-12.003962466013698,ba739eb3-d8da-45b4-a65f-9ba9a3ff7548,36.509479,-118.6964955
2019-05-28 01:58:20,-5.024529014247737,ba739eb3-d8da-45b4-a65f-9ba9a3ff7548,36.509479,-118.6964955
2019-06-09 01:58:21,-9.82162566986121,ba739eb3-d8da-45b4-a65f-9ba9a3ff7548,36.509479,-118.6964955
2019-06-16 01:49:59,-10.580857456674782,ba739eb3-d8da-45b4-a65f-9ba9a3ff7548,36.509479,-118.6964955
2019-06-21 01:58:21,-8.743288650999649,ba739eb3-d8da-45b4-a65f-9ba9a3ff7548,36.509479,-118.6964955
2019-06-28 01:49:59,-15.788836720682065,ba739eb3-d8da-45b4-a65f-9ba9a3ff7548,36.509479,-118.6964955
2019-07-03 01:58:22,-8.72147701018049,ba739eb3-d8da-45b4-a65f-9ba9a3ff7548,36.509479,-118.6964955
2019-07-10 01:50:00,-12.55459561795373,ba739eb3-d8da-45b4-a65f-9ba9a3ff7548,36.509479,-118.6964955
2019-07-15 01:58:23,-10.318203677601517,ba739eb3-d8da-45b4-a65f-9ba9a3ff7548,36.509479,-118.6964955
2019-07-22 01:50:01,-11.445115375104443,ba739eb3-d8da-45b4-a65f-9ba9a3ff7548,36.509479,-118.6964955
2019-07-27 01:58:23,-9.077976642019395,ba739eb3-d8da-45b4-a65f-9ba9a3ff7548,36.509479,-118.6964955
2019-08-03 01:50:01,-11.01726671105398,ba739eb3-d8da-45b4-a65f-9ba9a3ff7548,36.509479,-118.6964955
2019-08-08 01:58:24,-12.825950334077776,ba739eb3-d8da-45b4-a65f-9ba9a3ff7548,36.509479,-118.6964955
2019-08-15 01:50:02,-13.055775144211648,ba739eb3-d8da-45b4-a65f-9ba9a3ff7548,36.509479,-118.6964955
2019-08-20 01:58:25,-9.989672720971702,ba739eb3-d8da-45b4-a65f-9ba9a3ff7548,36.509479,-118.6964955
2019-08-20 13:59:04,-13.703798407937331,ba739eb3-d8da-45b4-a65f-9ba9a3ff7548,36.509479,-118.6964955
2019-08-27 01:50:03,-10.156221854765697,ba739eb3-d8da-45b4-a65f-9ba9a3ff7548,36.509479,-118.6964955
2019-09-01 01:58:25,-8.892586352441175,ba739eb3-d8da-45b4-a65f-9ba9a3ff7548,36.509479,-118.6964955
2019-09-01 13:59:04,-11.557296180801227,ba739eb3-d8da-45b4-a65f-9ba9a3ff7548,36.509479,-118.6964955
2019-09-08 01:50:04,-12.091372340558289,ba739eb3-d8da-45b4-a65f-9ba9a3ff7548,36.509479,-118.6964955
2019-09-13 01:58:26,-10.624008947938828,ba739eb3-d8da-45b4-a65f-9ba9a3ff7548,36.509479,-118.6964955
2019-09-13 13:59:05,-13.443176138069315,ba739eb3-d8da-45b4-a65f-9ba9a3ff7548,36.509479,-118.6964955
2019-09-25 01:58:27,-14.42555517999509,ba739eb3-d8da-45b4-a65f-9ba9a3ff7548,36.509479,-118.6964955
2019-09-25 13:59:05,-9.807681848195672,ba739eb3-d8da-45b4-a65f-9ba9a3ff7548,36.509479,-118.6964955
2019-10-02 01:50:04,-10.807133660733987,ba739eb3-d8da-45b4-a65f-9ba9a3ff7548,36.509479,-118.6964955
2019-10-07 01:58:27,-11.57912226903642,ba739eb3-d8da-45b4-a65f-9ba9a3ff7548,36.509479,-118.6964955
2019-10-07 13:59:05,-10.746160400578201,ba739eb3-d8da-45b4-a65f-9ba9a3ff7548,36.509479,-118.6964955
2019-10-14 01:50:04,-8.87491071520076,ba739eb3-d8da-45b4-a65f-9ba9a3ff7548,36.509479,-118.6964955
2019-10-19 01:58:27,-11.4930324243475,ba739eb3-d8da-45b4-a65f-9ba9a3ff7548,36.509479,-118.6964955
2019-10-19 13:59:06,-11.050496975102451,ba739eb3-d8da-45b4-a65f-9ba9a3ff7548,36.509479,-118.6964955
2019-10-26 01:50:04,-9.582893303837626,ba739eb3-d8da-45b4-a65f-9ba9a3ff7548,36.509479,-118.6964955
2019-10-31 01:58:27,-9.366249211329233,ba739eb3-d8da-45b4-a65f-9ba9a3ff7548,36.509479,-118.6964955
2019-10-31 13:59:05,-11.296619666673642,ba739eb3-d8da-45b4-a65f-9ba9a3ff7548,36.509479,-118.6964955
2019-11-07 01:50:04,-13.470294263386357,ba739eb3-d8da-45b4-a65f-9ba9a3ff7548,36.509479,-118.6964955
2019-11-12 01:58:27,-11.743500872496197,ba739eb3-d8da-45b4-a65f-9ba9a3ff7548,36.509479,-118.6964955
2019-11-12 13:59:05,-11.218824857939591,ba739eb3-d8da-45b4-a65f-9ba9a3ff7548,36.509479,-118.6964955
2019-11-19 01:50:04,-12.688344615849106,ba739eb3-d8da-45b4-a65f-9ba9a3ff7548,36.509479,-118.6964955
2019-11-24 01:58:27,-6.603325736862478,ba739eb3-d8da-45b4-a65f-9ba9a3ff7548,36.509479,-118.6964955
2019-11-24 13:59:05,-10.97006377743941,ba739eb3-d8da-45b4-a65f-9ba9a3ff7548,36.509479,-118.6964955
2019-12-01 01:50:04,-11.042682917844385,ba739eb3-d8da-45b4-a65f-9ba9a3ff7548,36.509479,-118.6964955
2019-12-06 01:58:26,-9.909167417818598,ba739eb3-d8da-45b4-a65f-9ba9a3ff7548,36.509479,-118.6964955
2019-12-06 13:59:05,-11.126357064847262,ba739eb3-d8da-45b4-a65f-9ba9a3ff7548,36.509479,-118.6964955
2019-12-13 01:50:03,-9.13901507793038,ba739eb3-d8da-45b4-a65f-9ba9a3ff7548,36.509479,-118.6964955
2019-12-18 01:58:26,-11.762237604165456,ba739eb3-d8da-45b4-a65f-9ba9a3ff7548,36.509479,-118.6964955
2019-12-18 13:59:04,-10.657789561217403,ba739eb3-d8da-45b4-a65f-9ba9a3ff7548,36.509479,-118.6964955
2019-12-25 01:50:03,-8.132870509139575,ba739eb3-d8da-45b4-a65f-9ba9a3ff7548,36.509479,-118.6964955
2019-12-30 01:58:25,-6.702632032320986,ba739eb3-d8da-45b4-a65f-9ba9a3ff7548,36.509479,-118.6964955
2019-12-30 13:59:04,-11.34939397221932,ba739eb3-d8da-45b4-a65f-9ba9a3ff7548,36.509479,-118.6964955
2020-01-06 01:50:02,-13.473779984187843,ba739eb3-d8da-45b4-a65f-9ba9a3ff7548,36.509479,-118.6964955
2020-01-11 01:58:25,-9.70280658498634,ba739eb3-d8da-45b4-a65f-9ba9a3ff7548,36.509479,-118.6964955
2020-01-11 13:59:03,-9.105801411684247,ba739eb3-d8da-45b4-a65f-9ba9a3ff7548,36.509479,-118.6964955
2020-01-18 01:50:02,-8.967919488598108,ba739eb3-d8da-45b4-a65f-9ba9a3ff7548,36.509479,-118.6964955
2020-01-23 01:58:24,-6.872768486429479,ba739eb3-d8da-45b4-a65f-9ba9a3ff7548,36.509479,-118.6964955
2020-01-23 13:59:03,-10.339077626534793,ba739eb3-d8da-45b4-a65f-9ba9a3ff7548,36.509479,-118.6964955
2020-01-30 01:50:01,-11.42901457801597,ba739eb3-d8da-45b4-a65f-9ba9a3ff7548,36.509479,-118.6964955
2020-02-04 01:58:24,-8.608581745340036,ba739eb3-d8da-45b4-a65f-9ba9a3ff7548,36.509479,-118.6964955
2020-02-04 13:59:02,-12.457372918460868,ba739eb3-d8da-45b4-a65f-9ba9a3ff7548,36.509479,-118.6964955
2020-02-11 01:50:01,-10.251477010336043,ba739eb3-d8da-45b4-a65f-9ba9a3ff7548,36.509479,-118.6964955
2020-02-16 01:58:23,-10.173989771598336,ba739eb3-d8da-45b4-a65f-9ba9a3ff7548,36.509479,-118.6964955
2020-02-16 13:59:02,-8.551394491980135,ba739eb3-d8da-45b4-a65f-9ba9a3ff7548,36.509479,-118.6964955
2020-02-23 01:50:01,-10.467089973055723,ba739eb3-d8da-45b4-a65f-9ba9a3ff7548,36.509479,-118.6964955
2020-02-28 01:58:23,-8.520757291273085,ba739eb3-d8da-45b4-a65f-9ba9a3ff7548,36.509479,-118.6964955
2020-02-28 13:59:02,-10.27021650930041,ba739eb3-d8da-45b4-a65f-9ba9a3ff7548,36.509479,-118.6964955
2020-03-06 01:50:01,-10.458702357098504,ba739eb3-d8da-45b4-a65f-9ba9a3ff7548,36.509479,-118.6964955
2020-03-11 01:58:23,-6.957404309689955,ba739eb3-d8da-45b4-a65f-9ba9a3ff7548,36.509479,-118.6964955
2020-03-11 13:59:02,-10.353872075179531,ba739eb3-d8da-45b4-a65f-9ba9a3ff7548,36.509479,-118.6964955
2020-03-18 01:50:01,-9.116516105629458,ba739eb3-d8da-45b4-a65f-9ba9a3ff7548,36.509479,-118.6964955
2020-03-23 01:58:24,-10.610188592285908,ba739eb3-d8da-45b4-a65f-9ba9a3ff7548,36.509479,-118.6964955
2020-03-23 13:59:02,-12.997883011086365,ba739eb3-d8da-45b4-a65f-9ba9a3ff7548,36.509479,-118.6964955
2020-04-04 01:58:24,-5.018462317141043,ba739eb3-d8da-45b4-a65f-9ba9a3ff7548,36.509479,-118.6964955
2020-04-04 13:59:02,-9.227939255959562,ba739eb3-d8da-45b4-a65f-9ba9a3ff7548,36.509479,-118.6964955
2020-04-11 01:50:02,-11.615703158359496,ba739eb3-d8da-45b4-a65f-9ba9a3ff7548,36.509479,-118.6964955
2020-04-16 01:58:24,-4.264798148050543,ba739eb3-d8da-45b4-a65f-9ba9a3ff7548,36.509479,-118.6964955
2020-04-16 13:59:03,-11.363660941525769,ba739eb3-d8da-45b4-a65f-9ba9a3ff7548,36.509479,-118.6964955
2020-04-23 01:50:02,-8.334327554020085,ba739eb3-d8da-45b4-a65f-9ba9a3ff7548,36.509479,-118.6964955
2020-04-28 01:58:25,-13.914829131774251,ba739eb3-d8da-45b4-a65f-9ba9a3ff7548,36.509479,-118.6964955
2020-04-28 13:59:03,-13.60441598578398,ba739eb3-d8da-45b4-a65f-9ba9a3ff7548,36.509479,-118.6964955
2020-05-05 01:50:03,-11.02721870865659,ba739eb3-d8da-45b4-a65f-9ba9a3ff7548,36.509479,-118.6964955
2020-05-10 01:58:25,-11.771138349183822,ba739eb3-d8da-45b4-a65f-9ba9a3ff7548,36.509479,-118.6964955
2020-05-10 13:59:04,-9.318960401087429,ba739eb3-d8da-45b4-a65f-9ba9a3ff7548,36.509479,-118.6964955
2020-05-17 01:50:03,-9.02655682357494,ba739eb3-d8da-45b4-a65f-9ba9a3ff7548,36.509479,-118.6964955
2020-05-22 01:58:26,-11.077692179805707,ba739eb3-d8da-45b4-a65f-9ba9a3ff7548,36.509479,-118.6964955
2020-05-22 13:59:05,-10.814011568687032,ba739eb3-d8da-45b4-a65f-9ba9a3ff7548,36.509479,-118.6964955
2020-05-29 01:50:04,-10.320070981343964,ba739eb3-d8da-45b4-a65f-9ba9a3ff7548,36.509479,-118.6964955
2020-06-03 01:58:27,-11.066478418618571,ba739eb3-d8da-45b4-a65f-9ba9a3ff7548,36.509479,-118.6964955
2020-06-03 13:59:06,-10.857592664692891,ba739eb3-d8da-45b4-a65f-9ba9a3ff7548,36.509479,-118.6964955
2020-06-10 01:50:05,-12.009242391081862,ba739eb3-d8da-45b4-a65f-9ba9a3ff7548,36.509479,-118.6964955
2020-06-15 01:58:28,-10.2849337481945,ba739eb3-d8da-45b4-a65f-9ba9a3ff7548,36.509479,-118.6964955
2020-06-15 13:59:06,-13.05584348368855,ba739eb3-d8da-45b4-a65f-9ba9a3ff7548,36.509479,-118.6964955
2020-06-22 01:50:05,-10.153358879954597,ba739eb3-d8da-45b4-a65f-9ba9a3ff7548,36.509479,-118.6964955
2020-06-27 01:58:28,-10.658297475855825,ba739eb3-d8da-45b4-a65f-9ba9a3ff7548,36.509479,-118.6964955
2020-06-27 13:59:07,-11.365069261907356,ba739eb3-d8da-45b4-a65f-9ba9a3ff7548,36.509479,-118.6964955
2020-07-04 01:50:06,-11.568502655652546,ba739eb3-d8da-45b4-a65f-9ba9a3ff7548,36.509479,-118.6964955
2020-07-09 01:58:29,-11.377099113852498,ba739eb3-d8da-45b4-a65f-9ba9a3ff7548,36.509479,-118.6964955
2020-07-09 13:59:07,-12.486456518876803,ba739eb3-d8da-45b4-a65f-9ba9a3ff7548,36.509479,-118.6964955
2020-07-16 01:50:07,-9.01396725831532,ba739eb3-d8da-45b4-a65f-9ba9a3ff7548,36.509479,-118.6964955
2020-07-21 01:58:30,-9.326140532999926,ba739eb3-d8da-45b4-a65f-9ba9a3ff7548,36.509479,-118.6964955
2020-07-21 13:59:08,-9.478834446286687,ba739eb3-d8da-45b4-a65f-9ba9a3ff7548,36.509479,-118.6964955
2020-07-28 01:50:08,-8.685561897380374,ba739eb3-d8da-45b4-a65f-9ba9a3ff7548,36.509479,-118.6964955
2020-08-02 01:58:30,-9.785591695680365,ba739eb3-d8da-45b4-a65f-9ba9a3ff7548,36.509479,-118.6964955
2020-08-02 13:59:09,-12.490604884977012,ba739eb3-d8da-45b4-a65f-9ba9a3ff7548,36.509479,-118.6964955
2020-08-09 01:50:08,-11.58481490661616,ba739eb3-d8da-45b4-a65f-9ba9a3ff7548,36.509479,-118.6964955
2020-08-14 01:58:31,-12.27566340925261,ba739eb3-d8da-45b4-a65f-9ba9a3ff7548,36.509479,-118.6964955
2020-08-14 13:59:10,-8.533860404646582,ba739eb3-d8da-45b4-a65f-9ba9a3ff7548,36.509479,-118.6964955
2020-08-21 01:50:09,-10.707605574691005,ba739eb3-d8da-45b4-a65f-9ba9a3ff7548,36.509479,-118.6964955
2020-08-26 01:58:32,-10.739982942903094,ba739eb3-d8da-45b4-a65f-9ba9a3ff7548,36.509479,-118.6964955
2020-08-26 13:59:10,-10.700273869617067,ba739eb3-d8da-45b4-a65f-9ba9a3ff7548,36.509479,-118.6964955
2020-09-02 01:50:10,-9.391240253150098,ba739eb3-d8da-45b4-a65f-9ba9a3ff7548,36.509479,-118.6964955
2020-09-07 01:58:32,-10.6159028885275,ba739eb3-d8da-45b4-a65f-9ba9a3ff7548,36.509479,-118.6964955
2020-09-07 13:59:11,-13.278599422374372,ba739eb3-d8da-45b4-a65f-9ba9a3ff7548,36.509479,-118.6964955
2020-09-14 01:50:10,-9.501875714234394,ba739eb3-d8da-45b4-a65f-9ba9a3ff7548,36.509479,-118.6964955
2020-09-19 01:58:33,-10.032054428370202,ba739eb3-d8da-45b4-a65f-9ba9a3ff7548,36.509479,-118.6964955
2020-09-19 13:59:11,-11.504419961711145,ba739eb3-d8da-45b4-a65f-9ba9a3ff7548,36.509479,-118.6964955
2020-09-26 01:50:10,-7.514973055393712,ba739eb3-d8da-45b4-a65f-9ba9a3ff7548,36.509479,-118.6964955
2020-10-01 01:58:33,-9.144621173903714,ba739eb3-d8da-45b4-a65f-9ba9a3ff7548,36.509479,-118.6964955
2020-10-01 13:59:12,-10.733554470606164,ba739eb3-d8da-45b4-a65f-9ba9a3ff7548,36.509479,-118.6964955
2020-10-08 01:50:11,-9.06956703688112,ba739eb3-d8da-45b4-a65f-9ba9a3ff7548,36.509479,-118.6964955
2020-10-13 01:58:33,-10.074572016199163,ba739eb3-d8da-45b4-a65f-9ba9a3ff7548,36.509479,-118.6964955
2020-10-13 13:59:12,-10.171161140574853,ba739eb3-d8da-45b4-a65f-9ba9a3ff7548,36.509479,-118.6964955
2020-10-20 01:50:11,-10.7124532412289,ba739eb3-d8da-45b4-a65f-9ba9a3ff7548,36.509479,-118.6964955
2020-10-25 01:58:33,-10.249193504825769,ba739eb3-d8da-45b4-a65f-9ba9a3ff7548,36.509479,-118.6964955
2020-10-25 13:59:12,-11.446928711846201,ba739eb3-d8da-45b4-a65f-9ba9a3ff7548,36.509479,-118.6964955
2020-11-01 01:50:11,-9.087365428193833,ba739eb3-d8da-45b4-a65f-9ba9a3ff7548,36.509479,-118.6964955
2020-11-06 01:58:33,-9.598518310291013,ba739eb3-d8da-45b4-a65f-9ba9a3ff7548,36.509479,-118.6964955
2020-11-06 13:59:12,-14.720520595453564,ba739eb3-d8da-45b4-a65f-9ba9a3ff7548,36.509479,-118.6964955
2020-11-13 01:50:11,-11.236245377177882,ba739eb3-d8da-45b4-a65f-9ba9a3ff7548,36.509479,-118.6964955
2020-11-18 01:58:33,-10.951355294954215,ba739eb3-d8da-45b4-a65f-9ba9a3ff7548,36.509479,-118.6964955
2020-11-18 13:59:12,-12.850830690106434,ba739eb3-d8da-45b4-a65f-9ba9a3ff7548,36.509479,-118.6964955
2020-11-25 01:50:10,-10.16118698290255,ba739eb3-d8da-45b4-a65f-9ba9a3ff7548,36.509479,-118.6964955
2020-11-30 01:58:33,-8.989421648593336,ba739eb3-d8da-45b4-a65f-9ba9a3ff7548,36.509479,-118.6964955
2020-11-30 13:59:11,-10.761496679134497,ba739eb3-d8da-45b4-a65f-9ba9a3ff7548,36.509479,-118.6964955
2020-12-07 01:50:10,-10.745726825004855,ba739eb3-d8da-45b4-a65f-9ba9a3ff7548,36.509479,-118.6964955
2020-12-12 01:58:32,-9.187857107634196,ba739eb3-d8da-45b4-a65f-9ba9a3ff7548,36.509479,-118.6964955
2020-12-12 13:59:11,-9.93595239422409,ba739eb3-d8da-45b4-a65f-9ba9a3ff7548,36.509479,-118.6964955
2020-12-19 01:50:09,-11.718156592314626,ba739eb3-d8da-45b4-a65f-9ba9a3ff7548,36.509479,-118.6964955
2020-12-24 01:58:31,-8.04064720726489,ba739eb3-d8da-45b4-a65f-9ba9a3ff7548,36.509479,-118.6964955
2020-12-24 13:59:10,-7.93769511394733,ba739eb3-d8da-45b4-a65f-9ba9a3ff7548,36.509479,-118.6964955
2020-12-31 01:50:09,-11.532177403291776,ba739eb3-d8da-45b4-a65f-9ba9a3ff7548,36.509479,-118.6964955
2021-01-05 01:58:31,-6.756091284030731,ba739eb3-d8da-45b4-a65f-9ba9a3ff7548,36.509479,-118.6964955
2021-01-12 01:50:08,-10.24703713213885,ba739eb3-d8da-45b4-a65f-9ba9a3ff7548,36.509479,-118.6964955
2021-01-17 01:58:30,-7.3826370024108705,ba739eb3-d8da-45b4-a65f-9ba9a3ff7548,36.509479,-118.6964955
2021-01-17 13:59:09,-9.733943705726224,ba739eb3-d8da-45b4-a65f-9ba9a3ff7548,36.509479,-118.6964955
2021-01-24 01:50:08,-13.54584508025116,ba739eb3-d8da-45b4-a65f-9ba9a3ff7548,36.509479,-118.6964955
2021-01-29 01:58:30,-9.648234242519132,ba739eb3-d8da-45b4-a65f-9ba9a3ff7548,36.509479,-118.6964955
2021-01-29 13:59:09,-10.777808750123569,ba739eb3-d8da-45b4-a65f-9ba9a3ff7548,36.509479,-118.6964955
2021-02-05 01:50:07,-11.431208981175123,ba739eb3-d8da-45b4-a65f-9ba9a3ff7548,36.509479,-118.6964955
2021-02-10 01:58:30,-8.070748516974998,ba739eb3-d8da-45b4-a65f-9ba9a3ff7548,36.509479,-118.6964955
2021-02-10 13:59:08,-10.871826645433849,ba739eb3-d8da-45b4-a65f-9ba9a3ff7548,36.509479,-118.6964955
2021-02-17 01:50:07,-11.137969335972372,ba739eb3-d8da-45b4-a65f-9ba9a3ff7548,36.509479,-118.6964955
2021-02-22 01:58:29,-7.935401427218825,ba739eb3-d8da-45b4-a65f-9ba9a3ff7548,36.509479,-118.6964955
2021-02-22 13:59:08,-12.425782919994784,ba739eb3-d8da-45b4-a65f-9ba9a3ff7548,36.509479,-118.6964955
2021-03-01 01:50:07,-11.606030179614441,ba739eb3-d8da-45b4-a65f-9ba9a3ff7548,36.509479,-118.6964955
2021-03-06 01:58:29,-9.001931929588942,ba739eb3-d8da-45b4-a65f-9ba9a3ff7548,36.509479,-118.6964955
2021-03-06 13:59:08,-12.395940120492506,ba739eb3-d8da-45b4-a65f-9ba9a3ff7548,36.509479,-118.6964955
2021-03-13 01:50:07,-10.312837473867795,ba739eb3-d8da-45b4-a65f-9ba9a3ff7548,36.509479,-118.6964955
2021-03-18 01:58:29,-7.067691601568578,ba739eb3-d8da-45b4-a65f-9ba9a3ff7548,36.509479,-118.6964955
2021-03-18 13:59:08,-12.798281987818324,ba739eb3-d8da-45b4-a65f-9ba9a3ff7548,36.509479,-118.6964955
2021-03-25 01:50:07,-9.960415827606234,ba739eb3-d8da-45b4-a65f-9ba9a3ff7548,36.509479,-118.6964955
2021-03-30 01:58:29,-5.045136499012585,ba739eb3-d8da-45b4-a65f-9ba9a3ff7548,36.509479,-118.6964955
2021-03-30 13:59:08,-12.788727299555154,ba739eb3-d8da-45b4-a65f-9ba9a3ff7548,36.509479,-118.6964955
2021-04-06 01:50:07,-10.96600027559318,ba739eb3-d8da-45b4-a65f-9ba9a3ff7548,36.509479,-118.6964955
2021-04-11 01:58:30,-11.289307220573527,ba739eb3-d8da-45b4-a65f-9ba9a3ff7548,36.509479,-118.6964955
2021-04-11 13:59:09,-11.765424925947292,ba739eb3-d8da-45b4-a65f-9ba9a3ff7548,36.509479,-118.6964955
2021-04-18 01:50:08,-10.427844944142317,ba739eb3-d8da-45b4-a65f-9ba9a3ff7548,36.509479,-118.6964955
2021-04-23 01:58:31,-8.345011265999112,ba739eb3-d8da-45b4-a65f-9ba9a3ff7548,36.509479,-118.6964955
2021-04-23 13:59:09,-11.869350537085708,ba739eb3-d8da-45b4-a65f-9ba9a3ff7548,36.509479,-118.6964955
2021-04-30 01:50:08,-10.082166224685338,ba739eb3-d8da-45b4-a65f-9ba9a3ff7548,36.509479,-118.6964955
2021-05-05 01:58:31,-9.455770167615837,ba739eb3-d8da-45b4-a65f-9ba9a3ff7548,36.509479,-118.6964955
2021-05-05 13:59:10,-11.178072058846125,ba739eb3-d8da-45b4-a65f-9ba9a3ff7548,36.509479,-118.6964955
2021-05-12 01:50:09,-11.819273889087789,ba739eb3-d8da-45b4-a65f-9ba9a3ff7548,36.509479,-118.6964955
2021-05-17 01:58:32,-10.769416171914214,ba739eb3-d8da-45b4-a65f-9ba9a3ff7548,36.509479,-118.6964955
2021-05-17 13:59:10,-10.381652850627802,ba739eb3-d8da-45b4-a65f-9ba9a3ff7548,36.509479,-118.6964955
2021-05-24 01:50:10,-12.71845213437588,ba739eb3-d8da-45b4-a65f-9ba9a3ff7548,36.509479,-118.6964955
2021-05-29 01:58:32,-8.591889049166447,ba739eb3-d8da-45b4-a65f-9ba9a3ff7548,36.509479,-118.6964955
2021-05-29 13:59:11,-13.404431496181473,ba739eb3-d8da-45b4-a65f-9ba9a3ff7548,36.509479,-118.6964955
2021-06-05 01:50:10,-11.429483139981736,ba739eb3-d8da-45b4-a65f-9ba9a3ff7548,36.509479,-118.6964955
2021-06-10 01:58:33,-10.578789583311512,ba739eb3-d8da-45b4-a65f-9ba9a3ff7548,36.509479,-118.6964955
2021-06-10 13:59:12,-9.634944494716317,ba739eb3-d8da-45b4-a65f-9ba9a3ff7548,36.509479,-118.6964955
2021-06-17 01:50:11,-11.324018969280885,ba739eb3-d8da-45b4-a65f-9ba9a3ff7548,36.509479,-118.6964955
2021-06-22 01:58:34,-10.438336955116755,ba739eb3-d8da-45b4-a65f-9ba9a3ff7548,36.509479,-118.6964955
2021-06-22 13:59:12,-9.768267176705269,ba739eb3-d8da-45b4-a65f-9ba9a3ff7548,36.509479,-118.6964955
2021-06-29 01:50:12,-10.194802334574248,ba739eb3-d8da-45b4-a65f-9ba9a3ff7548,36.509479,-118.6964955
2021-07-04 13:59:13,-10.403195115374931,ba739eb3-d8da-45b4-a65f-9ba9a3ff7548,36.509479,-118.6964955
2021-07-11 01:50:12,-9.769506977713126,ba739eb3-d8da-45b4-a65f-9ba9a3ff7548,36.509479,-118.6964955
2021-07-16 01:58:35,-9.69134992146275,ba739eb3-d8da-45b4-a65f-9ba9a3ff7548,36.509479,-118.6964955
2021-07-16 13:59:14,-10.02963411124533,ba739eb3-d8da-45b4-a65f-9ba9a3ff7548,36.509479,-118.6964955
2021-07-23 01:50:13,-8.836543816081045,ba739eb3-d8da-45b4-a65f-9ba9a3ff7548,36.509479,-118.6964955
2021-07-28 01:58:36,-9.988403955636509,ba739eb3-d8da-45b4-a65f-9ba9a3ff7548,36.509479,-118.6964955
2021-07-28 13:59:32,-8.811004103100643,ba739eb3-d8da-45b4-a65f-9ba9a3ff7548,36.509479,-118.6964955
2021-08-04 01:50:14,-10.744909146048284,ba739eb3-d8da-45b4-a65f-9ba9a3ff7548,36.509479,-118.6964955
2021-08-09 01:58:37,-9.78879656762349,ba739eb3-d8da-45b4-a65f-9ba9a3ff7548,36.509479,-118.6964955
2021-08-09 13:59:32,-9.39389019131967,ba739eb3-d8da-45b4-a65f-9ba9a3ff7548,36.509479,-118.6964955
2021-08-21 01:58:37,-11.841271475860356,ba739eb3-d8da-45b4-a65f-9ba9a3ff7548,36.509479,-118.6964955
2021-08-21 13:59:16,-8.87925064092223,ba739eb3-d8da-45b4-a65f-9ba9a3ff7548,36.509479,-118.6964955
2021-08-28 01:50:15,-10.46899357876806,ba739eb3-d8da-45b4-a65f-9ba9a3ff7548,36.509479,-118.6964955
2021-09-02 01:58:38,-11.027404447289342,ba739eb3-d8da-45b4-a65f-9ba9a3ff7548,36.509479,-118.6964955
2021-09-02 13:59:16,-9.722809543787884,ba739eb3-d8da-45b4-a65f-9ba9a3ff7548,36.509479,-118.6964955
2021-09-09 01:50:16,-7.859461828309135,ba739eb3-d8da-45b4-a65f-9ba9a3ff7548,36.509479,-118.6964955
2021-09-14 01:58:38,-10.230034163048407,ba739eb3-d8da-45b4-a65f-9ba9a3ff7548,36.509479,-118.6964955
2021-09-14 13:59:17,-10.937115247950945,ba739eb3-d8da-45b4-a65f-9ba9a3ff7548,36.509479,-118.6964955
2021-09-21 01:50:16,-8.612323481157176,ba739eb3-d8da-45b4-a65f-9ba9a3ff7548,36.509479,-118.6964955
2021-09-26 01:58:39,-12.636954249630252,ba739eb3-d8da-45b4-a65f-9ba9a3ff7548,36.509479,-118.6964955
2021-09-26 13:59:17,-9.6653574651857,ba739eb3-d8da-45b4-a65f-9ba9a3ff7548,36.509479,-118.6964955
2021-10-03 01:50:17,-8.590631867222903,ba739eb3-d8da-45b4-a65f-9ba9a3ff7548,36.509479,-118.6964955
2021-10-08 01:58:39,-7.880219093459612,ba739eb3-d8da-45b4-a65f-9ba9a3ff7548,36.509479,-118.6964955
2021-10-08 13:59:17,-9.176952496954915,ba739eb3-d8da-45b4-a65f-9ba9a3ff7548,36.509479,-118.6964955
2021-10-15 01:50:17,-12.301475272573995,ba739eb3-d8da-45b4-a65f-9ba9a3ff7548,36.509479,-118.6964955
2021-10-20 01:58:39,-8.75482350661277,ba739eb3-d8da-45b4-a65f-9ba9a3ff7548,36.509479,-118.6964955
2021-10-20 13:59:18,-8.230494698602985,ba739eb3-d8da-45b4-a65f-9ba9a3ff7548,36.509479,-118.6964955
2021-10-27 01:50:17,-8.157839965424776,ba739eb3-d8da-45b4-a65f-9ba9a3ff7548,36.509479,-118.6964955
2021-11-01 01:58:39,-11.670948180590923,ba739eb3-d8da-45b4-a65f-9ba9a3ff7548,36.509479,-118.6964955
2021-11-01 13:59:18,-7.511836964548902,ba739eb3-d8da-45b4-a65f-9ba9a3ff7548,36.509479,-118.6964955
2021-11-08 01:50:16,-13.11497974382245,ba739eb3-d8da-45b4-a65f-9ba9a3ff7548,36.509479,-118.6964955
2021-11-13 01:58:39,-11.65702798068206,ba739eb3-d8da-45b4-a65f-9ba9a3ff7548,36.509479,-118.6964955
2021-11-13 13:59:17,-5.75676189999831,ba739eb3-d8da-45b4-a65f-9ba9a3ff7548,36.509479,-118.6964955
2021-11-20 01:50:16,-9.568281000625385,ba739eb3-d8da-45b4-a65f-9ba9a3ff7548,36.509479,-118.6964955
2021-11-25 01:58:38,-11.559124081164613,ba739eb3-d8da-45b4-a65f-9ba9a3ff7548,36.509479,-118.6964955
2021-11-25 13:59:17,-7.9448892281989645,ba739eb3-d8da-45b4-a65f-9ba9a3ff7548,36.509479,-118.6964955
2021-12-02 01:50:16,-8.623821630048315,ba739eb3-d8da-45b4-a65f-9ba9a3ff7548,36.509479,-118.6964955
2021-12-07 01:58:38,-11.157470248229096,ba739eb3-d8da-45b4-a65f-9ba9a3ff7548,36.509479,-118.6964955
2021-12-07 13:59:16,-10.926362738775335,ba739eb3-d8da-45b4-a65f-9ba9a3ff7548,36.509479,-118.6964955
2021-12-14 01:50:15,-7.861102918389078,ba739eb3-d8da-45b4-a65f-9ba9a3ff7548,36.509479,-118.6964955
2021-12-19 01:58:37,-13.154569605800194,ba739eb3-d8da-45b4-a65f-9ba9a3ff7548,36.509479,-118.6964955
2021-12-19 13:59:16,-7.3018059279511105,ba739eb3-d8da-45b4-a65f-9ba9a3ff7548,36.509479,-118.6964955
2016-10-05 01:50:08,-10.989348929935016,ba739eb3-d8da-45b4-a65f-9ba9a3ff7548,36.509479,-118.6964955
